MOD

2.30070E-01 1.50000E-01 5.00000E-02 3.00000E-02 2.00000E-02 2.50000E+00 0.00000E+00
7.76460E-01 1.50000E-01 5.00000E-02 3.00000E-02 2.00000E-02 2.50000E+00 0.00000E+00
1.48420E+00 1.50000E-01 5.00000E-02 3.00000E-02 2.00000E-02 2.50000E+00 0.00000E+00
1.50520E+00 1.50000E-01 5.00000E-02 3.00000E-02 2.00000E-02 2.50000E+00 0.00000E+00
1.55920E+00 1.50000E-01 5.00000E-02 3.00000E-02 2.00000E-02 2.50000E+00 0.00000E+00
2.02540E+00 1.50000E-01 5.00000E-02 3.00000E-02 2.00000E-02 2.50000E+00 0.00000E+00
3.30570E+00 1.50000E-01 5.00000E-02 3.00000E-02 2.00000E-02 2.50000E+00 0.00000E+00

1.00000E-01 0.00000E+00 0.00000E+00 0.00000E+00 0.00000E+00 0.00000E+00 0.00000E+00
0.00000E+00 1.00000E-01 0.00000E+00 0.00000E+00 0.00000E+00 0.00000E+00 0.00000E+00
0.00000E+00 1.00000E-01 1.00000E-01 0.00000E+00 0.00000E+00 0.00000E+00 0.00000E+00
0.00000E+00 0.00000E+00 0.00000E+00 1.00000E-01 0.00000E+00 0.00000E+00 0.00000E+00
0.00000E+00 0.00000E+00 0.00000E+00 0.00000E+00 1.00000E-01 0.00000E+00 0.00000E+00
0.00000E+00 0.00000E+00 0.00000E+00 0.00000E+00 0.00000E+00 1.00000E-01 0.00000E+00
0.00000E+00 0.00000E+00 0.00000E+00 0.00000E+00 0.00000E+00 0.00000E+00 1.00000E-01