64.260 64.260 214.2000
1.260
UO2 0.0    21.42  0.0    21.42  0.0     192.780
UO2 21.42  42.84  21.42  42.84  0.0     192.780
MOX 21.42  42.84  0.0    21.42  0.0     192.780      
MOX 0.0    21.42  21.42  42.84  0.0     192.780
MOD 42.84  64.26  0.0    21.42  0.0     192.780
MOD 42.84  64.26  21.42  42.84  0.0     192.780
MOD 42.84  64.26  42.84  64.26  0.0     192.780
MOD 21.42  42.84  42.84  64.26  0.0     192.780
MOD 0.0    21.42  42.84  64.26  0.0     192.780
MOD 0.0    64.26  0.0    64.26  192.780  214.200
