CR

2.16768E-01 2.16768E-01 1.70531E-03 1.70531E-03 0.00000E+00 0.00000E+00 0.00000E+00
4.80098E-01 4.80098E-01 8.36252E-03 8.36252E-03 0.00000E+00 0.00000E+00 0.00000E+00
8.86369E-01 8.86369E-01 8.37899E-02 8.37899E-02 0.00000E+00 0.00000E+00 0.00000E+00
9.70009E-01 9.70009E-01 3.97797E-01 3.97797E-01 0.00000E+00 0.00000E+00 0.00000E+00
9.10482E-01 9.10482E-01 6.98764E-01 6.98764E-01 0.00000E+00 0.00000E+00 0.00000E+00
1.13775E+00 1.13775E+00 9.29508E-01 9.29508E-01 0.00000E+00 0.00000E+00 0.00000E+00
1.84048E+00 1.84048E+00 1.17835E+00 1.17835E+00 0.00000E+00 0.00000E+00 0.00000E+00

1.70563E-01 4.44012E-02 9.83670E-05 1.27786E-07 0.00000E+00 0.00000E+00 0.00000E+00
0.00000E+00 4.71050E-01 6.85480E-04 3.91395E-10 0.00000E+00 0.00000E+00 0.00000E+00
0.00000E+00 0.00000E+00 8.01859E-01 7.20132E-04 0.00000E+00 0.00000E+00 0.00000E+00
0.00000E+00 0.00000E+00 0.00000E+00 5.70752E-01 1.46015E-03 0.00000E+00 0.00000E+00
0.00000E+00 0.00000E+00 0.00000E+00 6.55562E-05 2.07838E-01 3.81486E-03 3.69760E-09
0.00000E+00 0.00000E+00 0.00000E+00 0.00000E+00 1.02427E-03 2.02465E-01 4.75290E-03
0.00000E+00 0.00000E+00 0.00000E+00 0.00000E+00 0.00000E+00 3.53043E-03 6.58597E-01