FC

1.90730E-01 1.26032E-01 5.11320E-04 5.11315E-04 4.79002E-09 2.76283E+00 5.87910E-01
4.56520E-01 2.93160E-01 7.58130E-05 7.58072E-05 5.82564E-09 2.46239E+00 4.11760E-01
6.40700E-01 2.84250E-01 3.16430E-04 3.15966E-04 4.63719E-07 2.43380E+00 3.39060E-04
6.49840E-01 2.81020E-01 1.16750E-03 1.16226E-03 5.24406E-06 2.43380E+00 1.17610E-07
6.70630E-01 3.34460E-01 3.39770E-03 3.39755E-03 1.45390E-07 2.43380E+00 0.00000E+00
8.75060E-01 5.65640E-01 9.18860E-03 9.18789E-03 7.14972E-07 2.43380E+00 0.00000E+00
1.43450E+00 1.17214E+00 2.32440E-02 2.32419E-02 2.08041E-06 2.43380E+00 0.00000E+00

6.61659E-02 5.90700E-02 2.83340E-04 1.46220E-06 2.06420E-08 0.00000E+00 0.00000E+00
0.00000E+00 2.40377E-01 5.24350E-02 2.49900E-04 1.92390E-05 2.98750E-06 4.21400E-07
0.00000E+00 0.00000E+00 1.83425E-01 9.22880E-02 6.93650E-03 1.07900E-03 2.05430E-04
0.00000E+00 0.00000E+00 0.00000E+00 7.90769E-02 1.69990E-01 2.58600E-02 4.92560E-03
0.00000E+00 0.00000E+00 0.00000E+00 3.73400E-05 9.97570E-02 2.06790E-01 2.44780E-02
0.00000E+00 0.00000E+00 0.00000E+00 0.00000E+00 9.17420E-04 3.16774E-01 2.38760E-01
0.00000E+00 0.00000E+00 0.00000E+00 0.00000E+00 0.00000E+00 4.97930E-02 1.09910E+00