1 1.183810
2 1.187326
3 1.194038
4 1.203674
5 1.216436
6 1.228499
7 1.238987
8 1.247096
9 1.255206
10 1.264096
11 1.269459
12 1.276313
13 1.283475
14 1.292247
15 1.298983
16 1.305316
17 1.312372
18 1.318610
19 1.325926
20 1.333230
21 1.341789
22 1.349721
23 1.357948
24 1.365276
25 1.374013
26 1.383246
27 1.389615
28 1.396008
29 1.402933
30 1.409799
31 1.417766
32 1.427497
33 1.435772
34 1.442934
35 1.451410
36 1.458146
37 1.464172
38 1.471547
39 1.478662
40 1.484912
41 1.490926
42 1.498976
43 1.505723
44 1.511986
45 1.519610
46 1.524854
47 1.531744
48 1.536763
49 1.543369
50 1.548506
51 1.553976
52 1.561126
53 1.567518
54 1.572277
55 1.577131
56 1.582280
57 1.587998
58 1.593361
59 1.599102
60 1.603790
61 1.607874
62 1.612207
63 1.617404
64 1.622802
65 1.627028
66 1.631752
67 1.636972
68 1.640429
69 1.643720
70 1.648017
71 1.653700
72 1.656943
73 1.661998
74 1.666130
75 1.668923
76 1.670557
77 1.673529
78 1.674499
79 1.676417
80 1.678548
81 1.683354
82 1.686846
83 1.689368
84 1.692174
85 1.693594
86 1.695855
87 1.700389
88 1.702638
89 1.704746
90 1.706450
91 1.708333
92 1.712038
93 1.713979
94 1.714346
95 1.717460
96 1.718951
97 1.722680
98 1.725983
99 1.727569
100 1.730778
101 1.733962
102 1.735501
103 1.736140
104 1.738188
105 1.740485
106 1.742710
107 1.744119
108 1.745753
109 1.747694
110 1.747446
111 1.749434
112 1.752216
113 1.755993
114 1.757733
115 1.760160
116 1.763001
117 1.764090
118 1.764824
119 1.766801
120 1.768162
121 1.768506
122 1.768399
123 1.768150
124 1.769713
125 1.770542
126 1.771702
127 1.773347
128 1.773631
129 1.775159
130 1.774993
131 1.775597
132 1.776638
133 1.778272
134 1.778828
135 1.779953
136 1.780711
137 1.783871
138 1.784238
139 1.786061
140 1.788500
141 1.790134
142 1.791093
143 1.792324
144 1.793247
145 1.793863
146 1.792868
147 1.792123
148 1.791910
149 1.792762
150 1.794313
151 1.796017
152 1.797911
153 1.800764
154 1.801889
155 1.803239
156 1.806754
157 1.808163
158 1.808862
159 1.808140
160 1.806897
161 1.807950
162 1.808708
163 1.809785
164 1.809584
165 1.810223
166 1.809821
167 1.811206
168 1.811750
169 1.813029
170 1.813123
171 1.813112
172 1.813668
173 1.812437
174 1.812354
175 1.813360
176 1.815657
177 1.817835
178 1.817811
179 1.817953
180 1.816959
181 1.817586
182 1.816036
183 1.816923
184 1.817290
185 1.817823
186 1.817148
187 1.818474
188 1.818427
189 1.819765
190 1.819741
191 1.820570
192 1.820439
193 1.821256
194 1.821978
195 1.822594
196 1.822180
197 1.821742
198 1.822689
199 1.823588
200 1.823411
201 1.822499
202 1.821895
203 1.822132
204 1.822807
205 1.824488
206 1.825873
207 1.826536
208 1.826204
209 1.824535
210 1.825269
211 1.827234
212 1.828217
213 1.830005
214 1.830419
215 1.830821
216 1.834314
217 1.834420
218 1.834077
219 1.834906
220 1.833426
221 1.836113
222 1.836385
223 1.835876
224 1.835734
225 1.835805
226 1.835722
227 1.836030
228 1.836196
229 1.834716
230 1.835486
231 1.836113
232 1.835592
233 1.835699
234 1.837723
235 1.837652
236 1.837143
237 1.836444
238 1.836089
239 1.836942
240 1.836267
241 1.836646
242 1.836622
243 1.836255
244 1.835225
245 1.835580
246 1.835604
247 1.836444
248 1.837427
249 1.836681
250 1.837403
251 1.838256
252 1.838930
253 1.838552
254 1.836385
255 1.838457
256 1.839049
257 1.840588
258 1.840304
259 1.841263
260 1.841215
261 1.841712
262 1.841310
263 1.840884
264 1.840754
265 1.840173
266 1.837972
267 1.837084
268 1.838670
269 1.836433
270 1.836634
271 1.836953
272 1.837877
273 1.838268
274 1.837557
275 1.836894
276 1.836515
277 1.837936
278 1.838623
279 1.841665
280 1.842671
281 1.841807
282 1.842079
283 1.842920
284 1.842174
285 1.843891
286 1.842778
287 1.844542
288 1.844731
289 1.844956
290 1.844234
291 1.843737
292 1.843512
293 1.844329
294 1.844033
295 1.843820
296 1.842245
297 1.841286
298 1.842719
299 1.841641
300 1.842056
301 1.841630
302 1.841677
303 1.843216
304 1.845323
305 1.846957
306 1.847407
307 1.847620
308 1.846767
309 1.847395
310 1.848827
311 1.847489
312 1.847466
313 1.847596
314 1.849466
315 1.850993
316 1.851514
317 1.850461
318 1.851396
319 1.852509
320 1.851834
321 1.850544
322 1.851787
323 1.852686
324 1.852379
325 1.851905
326 1.852059
327 1.852947
328 1.851147
329 1.850887
330 1.850248
331 1.851858
332 1.851668
333 1.850413
334 1.848401
335 1.848602
336 1.848413
337 1.850011
338 1.850200
339 1.850508
340 1.850899
341 1.851455
342 1.851798
343 1.852248
344 1.855267
345 1.854237
346 1.854604
347 1.856155
348 1.855776
349 1.857126
350 1.858144
351 1.858250
352 1.857445
353 1.857137
354 1.856676
355 1.855906
356 1.855800
357 1.856037
358 1.855445
359 1.856510
360 1.856060
361 1.855113
362 1.854403
363 1.856155
364 1.856060
365 1.858144
366 1.860156
367 1.860535
368 1.860653
369 1.860334
370 1.860902
371 1.858286
372 1.859872
373 1.860097
374 1.860322
375 1.860144
376 1.860393
377 1.859339
378 1.859564
379 1.858428
380 1.856735
381 1.857007
382 1.858025
383 1.859481
384 1.858676
385 1.857173
386 1.855492
387 1.855563
388 1.854178
389 1.856060
390 1.854332
391 1.851692
392 1.850638
393 1.849679
394 1.851834
395 1.851645
396 1.853195
397 1.853172
398 1.853397
399 1.854912
400 1.854462
401 1.854119
402 1.853752
403 1.851952
404 1.852000
405 1.853408
406 1.852509
407 1.852544
408 1.854983
409 1.857173
410 1.856995
411 1.854865
412 1.856546
413 1.855729
414 1.857280
415 1.858191
416 1.857481
417 1.858025
418 1.858807
419 1.859103
420 1.858594
421 1.857658
422 1.856830
423 1.856238
424 1.856273
425 1.857173
426 1.857055
427 1.856901
428 1.855350
429 1.857789
430 1.857753
431 1.856770
432 1.858783
433 1.858369
434 1.858487
435 1.857895
436 1.856913
437 1.856439
438 1.856747
439 1.857007
440 1.858416
441 1.859138
442 1.859399
443 1.858096
444 1.856853
445 1.858013
446 1.857055
447 1.857777
448 1.857753
449 1.855125
450 1.854959
451 1.855859
452 1.857031
453 1.856924
454 1.856806
455 1.857848
456 1.857220
457 1.856510
458 1.857481
459 1.857658
460 1.857126
461 1.857256
462 1.855752
463 1.856546
464 1.855030
465 1.855965
466 1.856995
467 1.857646
468 1.857599
469 1.858120
470 1.859221
471 1.860050
472 1.859103
473 1.859351
474 1.858451
475 1.859683
476 1.859576
477 1.860653
478 1.859032
479 1.859517
480 1.859777
481 1.861186
482 1.861766
483 1.861293
484 1.860085
485 1.859659
486 1.860855
487 1.860275
488 1.860582
489 1.861304
490 1.860535
491 1.859825
492 1.860665
493 1.860144
494 1.860488
495 1.860251
496 1.861482
497 1.861257
498 1.863092
499 1.863080
500 1.863151
501 1.862630
502 1.863246
503 1.861435
504 1.861257
505 1.860772
506 1.860866
507 1.859931
508 1.860346
509 1.859801
510 1.861115
511 1.862027
512 1.863033
513 1.864015
514 1.862323
515 1.863518
516 1.864205
517 1.865365
518 1.865898
519 1.864820
520 1.862914
521 1.862323
522 1.861577
523 1.860748
524 1.858558
525 1.858345
526 1.859043
527 1.859197
528 1.860499
529 1.861245
530 1.860784
531 1.860795
532 1.862015
533 1.861198
534 1.862074
535 1.860843
536 1.861328
537 1.860937
538 1.859493
539 1.858380
540 1.858795
541 1.858037
542 1.859860
543 1.861020
544 1.859375
545 1.859766
546 1.856948
547 1.855160
548 1.854746
549 1.854533
550 1.853527
551 1.854060
552 1.855504
553 1.855883
554 1.856794
555 1.857256
556 1.858582
557 1.859008
558 1.860357
559 1.861056
560 1.858546
561 1.858013
562 1.857433
563 1.856794
564 1.858132
565 1.859505
566 1.860878
567 1.860890
568 1.862796
569 1.863305
570 1.862382
571 1.862737
572 1.861683
573 1.861257
574 1.861518
575 1.861080
576 1.862098
577 1.863376
578 1.865270
579 1.866525
580 1.867614
581 1.867058
582 1.866170
583 1.865519
584 1.864536
585 1.864915
586 1.864809
587 1.863637
588 1.862820
589 1.862784
590 1.862938
591 1.861896
592 1.860736
593 1.861411
594 1.862323
595 1.861861
596 1.862618
597 1.864962
598 1.864134
599 1.864536
600 1.863293
601 1.864146
602 1.862346
603 1.862500
604 1.863495
605 1.864181
606 1.866596
607 1.866407
608 1.867875
609 1.867330
610 1.869082
611 1.868395
612 1.866312
613 1.866691
614 1.866880
615 1.866229
616 1.866134
617 1.866217
618 1.865507
619 1.864063
620 1.863495
621 1.862583
622 1.863554
623 1.864382
624 1.865412
625 1.865247
626 1.868691
627 1.866655
628 1.865329
629 1.864252
630 1.864157
631 1.863222
632 1.862903
633 1.862287
634 1.862157
635 1.862263
636 1.861660
637 1.862370
638 1.861198
639 1.860535
640 1.860949
641 1.863423
642 1.862607
643 1.864891
644 1.865341
645 1.866300
646 1.866454
647 1.864501
648 1.866312
649 1.866253
650 1.868419
651 1.868230
652 1.868159
653 1.868123
654 1.865507
655 1.864335
656 1.864406
657 1.864868
658 1.863388
659 1.863968
660 1.864193
661 1.864607
662 1.864406
663 1.864619
664 1.862855
665 1.863376
666 1.863104
667 1.862654
668 1.863092
669 1.863293
670 1.864146
671 1.863518
672 1.864323
673 1.865306
674 1.863518
675 1.862713
676 1.860949
677 1.862642
678 1.860819
679 1.859896
680 1.858025
681 1.856747
682 1.857457
683 1.857504
684 1.857410
685 1.857398
686 1.857694
687 1.857765
688 1.855788
689 1.855078
690 1.854379
691 1.855693
692 1.854841
693 1.855468
694 1.857493
695 1.857315
696 1.856640
697 1.855409
698 1.856699
699 1.856498
700 1.856534
701 1.858534
702 1.857836
703 1.858096
704 1.857433
705 1.856439
706 1.858818
707 1.857161
708 1.857197
709 1.856806
710 1.858605
711 1.858002
712 1.858156
713 1.858298
714 1.858073
715 1.859055
716 1.857978
717 1.858653
718 1.859339
719 1.859979
720 1.860334
721 1.861210
722 1.861080
723 1.861411
724 1.860653
725 1.860902
726 1.861257
727 1.861778
728 1.860393
729 1.861802
730 1.861494
731 1.861399
732 1.859256
733 1.859896
734 1.858747
735 1.857173
736 1.857031
737 1.857528
738 1.859067
739 1.858380
740 1.856463
741 1.857777
742 1.856403
743 1.856001
744 1.856415
745 1.857433
746 1.858238
747 1.858002
748 1.857848
749 1.858570
750 1.858392
751 1.858404
752 1.857706
753 1.856853
754 1.857422
755 1.858416
756 1.859730
757 1.858807
758 1.859375
759 1.859387
760 1.861103
761 1.859730
762 1.858369
763 1.857386
764 1.857161
765 1.855717
766 1.856475
767 1.855670
768 1.855634
769 1.855563
770 1.856202
771 1.856759
772 1.857469
773 1.857753
774 1.857966
775 1.859150
776 1.859292
777 1.860381
778 1.860452
779 1.861636
780 1.861553
781 1.859233
782 1.859363
783 1.859292
784 1.860499
785 1.860393
786 1.860381
787 1.859552
788 1.860085
789 1.858345
790 1.857931
791 1.860263
792 1.860192
793 1.860369
794 1.864134
795 1.863719
796 1.862275
797 1.862358
798 1.861103
799 1.860985
800 1.860239
801 1.859363
802 1.858996
803 1.861080
804 1.860488
805 1.860571
806 1.861660
807 1.859635
808 1.858937
809 1.859256
810 1.859304
811 1.860606
812 1.860109
813 1.858889
814 1.858783
815 1.858025
816 1.857753
817 1.857587
818 1.859742
819 1.862240
820 1.862903
821 1.863483
822 1.864075
823 1.865306
824 1.866549
825 1.866359
826 1.864631
827 1.866786
828 1.868313
829 1.869118
830 1.870491
831 1.871284
832 1.870242
833 1.868940
834 1.867496
835 1.866845
836 1.867626
837 1.868360
838 1.868265
839 1.869662
840 1.869579
841 1.869331
842 1.869686
843 1.870148
844 1.869366
845 1.870337
846 1.871225
847 1.870005
848 1.870171
849 1.869153
850 1.868502
851 1.866679
852 1.865554
853 1.864264
854 1.861636
855 1.861695
856 1.861210
857 1.860866
858 1.860713
859 1.860393
860 1.860582
861 1.861387
862 1.861518
863 1.862074
864 1.863151
865 1.863435
866 1.863270
867 1.863104
868 1.863435
869 1.862997
870 1.862796
871 1.865116
872 1.864951
873 1.866146
874 1.865969
875 1.864501
876 1.863554
877 1.863684
878 1.864193
879 1.864228
880 1.863731
881 1.863992
882 1.865069
883 1.865187
884 1.865247
885 1.865732
886 1.867780
887 1.869129
888 1.867519
889 1.865708
890 1.866679
891 1.867188
892 1.865767
893 1.864761
894 1.863814
895 1.864335
896 1.863779
897 1.865389
898 1.866170
899 1.865176
900 1.864927
901 1.862974
902 1.862867
903 1.862157
904 1.860807
905 1.859541
906 1.859671
907 1.859446
908 1.858534
909 1.858511
910 1.858984
911 1.861956
912 1.862098
913 1.863021
914 1.863281
915 1.862121
916 1.862749
917 1.861896
918 1.861257
919 1.860251
920 1.860630
921 1.860002
922 1.858972
923 1.859919
924 1.860772
925 1.860760
926 1.860109
927 1.861399
928 1.858830
929 1.859399
930 1.859032
931 1.858428
932 1.859091
933 1.859955
934 1.859410
935 1.860109
936 1.857990
937 1.859197
938 1.858463
939 1.859221
940 1.858227
941 1.859470
942 1.857990
943 1.858724
944 1.858286
945 1.857528
946 1.858392
947 1.859564
948 1.860535
949 1.862571
950 1.862524
951 1.862879
952 1.862843
953 1.861861
954 1.863850
955 1.863270
956 1.862382
957 1.861565
958 1.860346
959 1.861245
960 1.861624
961 1.863589
962 1.863802
963 1.863933
964 1.862512
965 1.864039
966 1.863637
967 1.862678
968 1.863412
969 1.864205
970 1.862547
971 1.862938
972 1.862618
973 1.861577
974 1.861328
975 1.861411
976 1.860985
977 1.862311
978 1.863637
979 1.864584
980 1.863518
981 1.861944
982 1.862204
983 1.865128
984 1.867650
985 1.867697
986 1.868348
987 1.868088
988 1.868135
989 1.865756
990 1.866300
991 1.865898
992 1.866217
993 1.865377
994 1.866809
995 1.865412
996 1.867602
997 1.867224
998 1.867259
999 1.866809
1000 1.866537
1001 1.866123
1002 1.866063
1003 1.865389
1004 1.865033
1005 1.866111
1006 1.866004
1007 1.866632
1008 1.865341
1009 1.864335
1010 1.863139
1011 1.864809
1012 1.865448
1013 1.863116
1014 1.864797
1015 1.861624
1016 1.861340
1017 1.861210
1018 1.861577
1019 1.860357
1020 1.860476
1021 1.861825
1022 1.861482
1023 1.859896
1024 1.861719
1025 1.862216
1026 1.863530
1027 1.863435
1028 1.863423
1029 1.862891
1030 1.861316
1031 1.861032
1032 1.862382
1033 1.863376
1034 1.863222
1035 1.861293
1036 1.861174
1037 1.860973
1038 1.859872
1039 1.858889
1040 1.857516
1041 1.856936
1042 1.856782
1043 1.856735
1044 1.856025
1045 1.858629
1046 1.858203
1047 1.859280
1048 1.858972
1049 1.860227
1050 1.859600
1051 1.859766
1052 1.859612
1053 1.860677
1054 1.860452
1055 1.861837
1056 1.861139
1057 1.860298
1058 1.860973
1059 1.860168
1060 1.860985
1061 1.860357
1062 1.859623
1063 1.860381
1064 1.858913
1065 1.859541
1066 1.861068
1067 1.862145
1068 1.861435
1069 1.861233
1070 1.860346
1071 1.860748
1072 1.861328
1073 1.861162
1074 1.861233
1075 1.860949
1076 1.861766
1077 1.864726
1078 1.864903
1079 1.865010
1080 1.864276
1081 1.863779
1082 1.862701
1083 1.861742
1084 1.862583
1085 1.862027
1086 1.859576
1087 1.858617
1088 1.859470
1089 1.858759
1090 1.860298
1091 1.859233
1092 1.858203
1093 1.858499
1094 1.856108
1095 1.856794
1096 1.856250
1097 1.856332
1098 1.857102
1099 1.857410
1100 1.857646
1101 1.857410
1102 1.856427
1103 1.857718
1104 1.857303
1105 1.857883
1106 1.857137
1107 1.856557
1108 1.855575
1109 1.856865
1110 1.857966
1111 1.859564
1112 1.860665
1113 1.860357
1114 1.858463
1115 1.859860
1116 1.861269
1117 1.863506
1118 1.864418
1119 1.861932
1120 1.860736
1121 1.861222
1122 1.862524
1123 1.862926
1124 1.864891
1125 1.864832
1126 1.865862
1127 1.865282
1128 1.865625
1129 1.866549
1130 1.866288
1131 1.865886
1132 1.864809
1133 1.864311
1134 1.864998
1135 1.863779
1136 1.864572
1137 1.863980
1138 1.864951
1139 1.864110
1140 1.864678
1141 1.865720
1142 1.867141
1143 1.866738
1144 1.867756
1145 1.867448
1146 1.867946
1147 1.866525
1148 1.865756
1149 1.864193
1150 1.864169
1151 1.864406
1152 1.863980
1153 1.863731
1154 1.864264
1155 1.863992
1156 1.866572
1157 1.865720
1158 1.867851
1159 1.869958
1160 1.870041
1161 1.867472
1162 1.867354
1163 1.868159
1164 1.868336
1165 1.867389
1166 1.867306
1167 1.865318
1168 1.864915
1169 1.862808
1170 1.859517
1171 1.859138
1172 1.859055
1173 1.857173
1174 1.858463
1175 1.857765
1176 1.858854
1177 1.858629
1178 1.860215
1179 1.859848
1180 1.860346
1181 1.862252
1182 1.862855
1183 1.861660
1184 1.863921
1185 1.863873
1186 1.863104
1187 1.862299
1188 1.861032
1189 1.859990
1190 1.860582
1191 1.859955
1192 1.858463
1193 1.857197
1194 1.857765
1195 1.857244
1196 1.857078
1197 1.857848
1198 1.856214
1199 1.856628
1200 1.856569
1201 1.856841
1202 1.856534
1203 1.856344
1204 1.856096
1205 1.856048
1206 1.855314
1207 1.856108
1208 1.854841
1209 1.854900
1210 1.856072
1211 1.856830
1212 1.856037
1213 1.856498
1214 1.857812
1215 1.858167
1216 1.858736
1217 1.858203
1218 1.858333
1219 1.858629
1220 1.857516
1221 1.856332
1222 1.855054
1223 1.853823
1224 1.853491
1225 1.853787
1226 1.855681
1227 1.855563
1228 1.854794
1229 1.856463
1230 1.857078
1231 1.856546
1232 1.857280
1233 1.859114
1234 1.859020
1235 1.859576
1236 1.858830
1237 1.857860
1238 1.857871
1239 1.858736
1240 1.858061
1241 1.858807
1242 1.858771
1243 1.858511
1244 1.858451
1245 1.858440
1246 1.859399
1247 1.860180
1248 1.860180
1249 1.863104
1250 