1 1.209168
2 1.082280
3 1.109703
4 1.131447
5 1.139577
6 1.152279
7 1.153929
8 1.161273
9 1.165379
10 1.165961
11 1.169927
12 1.171121
13 1.173339
14 1.176168
15 1.173877
16 1.176566
17 1.177090
18 1.175295
19 1.179236
20 1.179119
21 1.178590
22 1.181289
23 1.175974
24 1.178333
25 1.181007
26 1.180930
27 1.183007
28 1.179639
29 1.178843
30 1.180240
31 1.182881
32 1.183687
33 1.179872
34 1.180682
35 1.180614
36 1.181871
37 1.181750
38 1.180677
39 1.180454
40 1.181318
41 1.182726
42 1.176969
43 1.184803
44 1.181910
45 1.181192
46 1.183138
47 1.180803
48 1.182133
49 1.179250
50 1.185036
51 1.184997
52 1.180071
53 1.182143
54 1.180532
55 1.179643
56 1.182997
57 1.184667
58 1.180706
59 1.186060
60 1.178508
61 1.178095
62 1.184570
63 1.180770
64 1.182114
65 1.183895
66 1.184832
67 1.184206
68 1.180706
69 1.181158
70 1.184245
71 1.190404
72 1.178391
73 1.183488
74 1.180464
75 1.182493
76 1.182196
77 1.180901
78 1.183963
79 1.181211
80 1.181400
81 1.183323
82 1.183531
83 1.181949
84 1.182876
85 1.181823
86 1.184332
87 1.185138
88 1.182662
89 1.186327
90 1.177552
91 1.183109
92 1.184856
93 1.181784
94 1.184109
95 1.181643
96 1.182230
97 1.182779
98 1.181478
99 1.181779
100 1.180503
101 1.180803
102 1.182478
103 1.178144
104 1.186104
105 1.179551
106 1.185376
107 1.185837
108 1.179949
109 1.178915
110 1.182177
111 1.184444
112 1.178236
113 1.181663
114 1.182541
115 1.184468
116 1.184390
117 1.181221
118 1.181697
119 1.181211
120 1.183842
121 1.183366
122 1.179435
123 1.182779
124 1.178736
125 1.183992
126 1.186516
127 1.182662
128 1.182784
129 1.182847
130 1.181910
131 1.179779
132 1.178959
133 1.184614
134 1.181925
135 1.184041
136 1.185788
137 1.183065
138 1.182439
139 1.187055
140 1.182400
141 1.183488
142 1.184997
143 1.181265
144 1.183619
145 1.185846
146 1.182318
147 1.183434
148 1.186599
149 1.182376
150 1.183575
151 1.179279
152 1.181187
153 1.183342
154 1.183667
155 1.182779
156 1.182264
157 1.185332
158 1.181318
159 1.181502
160 1.185453
161 1.181226
162 1.184696
163 1.178576
164 1.183012
165 1.182230
166 1.188560
167 1.183405
168 1.182556
169 1.186341
170 1.181925
171 1.179508
172 1.185293
173 1.182177
174 1.184953
175 1.182201
176 1.180177
177 1.185249
178 1.186880
179 1.184696
180 1.181779
181 1.182910
182 1.179144
183 1.182925
184 1.182415
185 1.181643
186 1.179988
187 1.180590
188 1.180711
189 1.185075
190 1.179760
191 1.182022
192 1.179745
193 1.181308
194 1.187497
195 1.183415
196 1.184798
197 1.182551
198 1.186225
199 1.185667
200 1.182410
201 1.186293
202 1.183876
203 1.187341
204 1.187870
205 1.185890
206 1.179415
207 1.180469
208 1.185963
209 1.180697
210 1.182138
211 1.182954
212 1.184885
213 1.185376
214 1.185565
215 1.183298
216 1.175644
217 1.183818
218 1.180546
219 1.184444
220 1.183628
221 1.182289
222 1.187710
223 1.180828
224 1.182716
225 1.181769
226 1.183837
227 1.180396
228 1.184628
229 1.181129
230 1.179818
231 1.186764
232 1.185050
233 1.182983
234 1.181823
235 1.186016
236 1.178149
237 1.181915
238 1.183235
239 1.183517
240 1.184769
241 1.186691
242 1.185123
243 1.182755
244 1.186351
245 1.183162
246 1.183808
247 1.182648
248 1.182187
249 1.185211
250 1.181114
251 1.182701
252 1.183526
253 1.183890
254 1.189390
255 1.184507
256 1.183788
257 1.179726
258 1.184861
259 1.185846
260 1.179726
261 1.188681
262 1.184813
263 1.182793
264 1.181590
265 1.180265
266 1.184327
267 1.181279
268 1.181541
269 1.181366
270 1.182031
271 1.182541
272 1.178372
273 1.182565
274 1.181109
275 1.185526
276 1.181163
277 1.182818
278 1.183822
279 1.180139
280 1.187419
281 1.186075
282 1.183415
283 1.178294
284 1.185390
285 1.180231
286 1.185240
287 1.182483
288 1.183580
289 1.182789
290 1.185628
291 1.181148
292 1.182527
293 1.182162
294 1.176071
295 1.182667
296 1.183774
297 1.184764
298 1.180585
299 1.180197
300 1.184808
301 1.182944
302 1.180643
303 1.187832
304 1.182395
305 1.186084
306 1.182803
307 1.181439
308 1.185934
309 1.183973
310 1.184609
311 1.183842
312 1.184327
313 1.182876
314 1.181711
315 1.187977
316 1.183953
317 1.182274
318 1.183157
319 1.184419
320 1.180794
321 1.187171
322 1.183662
323 1.182109
324 1.186070
325 1.180833
326 1.186574
327 1.183759
328 1.180085
329 1.179323
330 1.182182
331 1.184652
332 1.182711
333 1.182871
334 1.185749
335 1.181774
336 1.180274
337 1.180944
338 1.182546
339 1.185871
340 1.180250
341 1.186477
342 1.179590
343 1.186123
344 1.180240
345 1.183886
346 1.182459
347 1.181706
348 1.183900
349 1.178056
350 1.179498
351 1.180459
352 1.178197
353 1.183541
354 1.186516
355 1.180755
356 1.186686
357 1.180789
358 1.180891
359 1.182415
360 1.182750
361 1.181274
362 1.185080
363 1.185201
364 1.181153
365 1.185992
366 1.185332
367 1.186871
368 1.184361
369 1.185012
370 1.181250
371 1.184182
372 1.183599
373 1.181473
374 1.182095
375 1.183492
376 1.180270
377 1.185555
378 1.181109
379 1.175503
380 1.179304
381 1.180274
382 1.183051
383 1.183876
384 1.181405
385 1.181663
386 1.183575
387 1.181997
388 1.183458
389 1.183187
390 1.187016
391 1.183488
392 1.183594
393 1.180197
394 1.179410
395 1.183022
396 1.181415
397 1.182784
398 1.184788
399 1.184415
400 1.180017
401 1.180226
402 1.180143
403 1.179202
404 1.183585
405 1.185147
406 1.179415
407 1.181740
408 1.185677
409 1.181580
410 1.183075
411 1.185002
412 1.182294
413 1.184929
414 1.183963
415 1.182779
416 1.183716
417 1.183682
418 1.181323
419 1.189991
420 1.184604
421 1.183526
422 1.187244
423 1.181464
424 1.181881
425 1.183808
426 1.181988
427 1.184832
428 1.179343
429 1.183410
430 1.178770
431 1.180973
432 1.181643
433 1.182726
434 1.181823
435 1.184783
436 1.183332
437 1.181226
438 1.181745
439 1.180449
440 1.179211
441 1.185274
442 1.185308
443 1.180818
444 1.182226
445 1.186468
446 1.185026
447 1.181837
448 1.184114
449 1.186720
450 1.181828
451 1.188016
452 1.184973
453 1.184269
454 1.187448
455 1.180983
456 1.181561
457 1.182075
458 1.187453
459 1.181731
460 1.181745
461 1.180119
462 1.184798
463 1.184643
464 1.183434
465 1.180604
466 1.182405
467 1.184094
468 1.184550
469 1.185502
470 1.184837
471 1.184075
472 1.180221
473 1.184317
474 1.181565
475 1.184589
476 1.182614
477 1.186623
478 1.184327
479 1.185225
480 1.187963
481 1.186254
482 1.183022
483 1.180604
484 1.182405
485 1.182619
486 1.183080
487 1.182895
488 1.183211
489 1.182512
490 1.184652
491 1.183502
492 1.185720
493 1.184541
494 1.181920
495 1.183036
496 1.186128
497 1.184686
498 1.183784
499 1.183289
500 1.184099
501 1.181939
502 1.185274
503 1.180813
504 1.181954
505 1.175149
506 1.184036
507 1.184774
508 1.180381
509 1.182682
510 1.184672
511 1.185016
512 1.184633
513 1.186147
514 1.184104
515 1.180080
516 1.175547
517 1.181968
518 1.183381
519 1.179226
520 1.179697
521 1.181643
522 1.183900
523 1.179114
524 1.184769
525 1.180600
526 1.178979
527 1.181498
528 1.182808
529 1.183987
530 1.182619
531 1.186021
532 1.185798
533 1.190229
534 1.184628
535 1.183822
536 1.183279
537 1.180342
538 1.183788
539 1.180372
540 1.183012
541 1.181167
542 1.180750
543 1.181381
544 1.186681
545 1.182036
546 1.187434
547 1.183599
548 1.181862
549 1.180294
550 1.179590
551 1.185128
552 1.183822
553 1.184788
554 1.185458
555 1.180998
556 1.177702
557 1.182192
558 1.184298
559 1.178149
560 1.184861
561 1.184182
562 1.184905
563 1.185410
564 1.183395
565 1.182682
566 1.179910
567 1.181876
568 1.181862
569 1.182706
570 1.184026
571 1.185298
572 1.180027
573 1.181362
574 1.185172
575 1.183172
576 1.179658
577 1.180973
578 1.180221
579 1.182920
580 1.181711
581 1.184973
582 1.182745
583 1.182279
584 1.183356
585 1.182949
586 1.185953
587 1.186744
588 1.182027
589 1.182769
590 1.178925
591 1.184939
592 1.180905
593 1.187283
594 1.185342
595 1.184128
596 1.188157
597 1.185055
598 1.183798
599 1.180935
600 1.181803
601 1.183298


Active cycles: 400
k_mean: 1.183036
k_stddev(cycle): 0.002428
k_stderr(mean): 0.000121
Difference with the reference K: -0.000774, Per cent error: -0.065358
Reactivity(rho): 0.154717
Total Time: 1061.926062seconds. Average: 1.766932 seconds per cycle.
