1 0.989512
2 0.984508
3 0.982988
4 0.983094
5 0.983724
6 0.983676
7 0.983116
8 0.982496
9 0.981576
10 0.979928
11 0.978754
12 0.977710
13 0.976406
14 0.975292
15 0.974548
16 0.974162
17 0.973456
18 0.973246
19 0.973390
20 0.974034
21 0.973726
22 0.973902
23 0.974512
24 0.974786
25 0.975898
26 0.977092
27 0.977666
28 0.978074
29 0.978856
30 0.979036
31 0.980162
32 0.980878
33 0.982670
34 0.984120
35 0.985134
36 0.985930
37 0.987340
38 0.988108
39 0.989050
40 0.990956
41 0.992480
42 0.993774
43 0.995132
44 0.997280
45 0.998624
46 0.999612
47 1.001554
48 1.002878
49 1.004760
50 1.006900
51 1.008576
52 1.010650
53 1.012280
54 1.014204
55 1.015952
56 1.017730
57 1.019224
58 1.020932
59 1.022148
60 1.024150
61 1.025706
62 1.028068
63 1.029866
64 1.031248
65 1.033212
66 1.035018
67 1.036944
68 1.039114
69 1.041030
70 1.043172
71 1.045260
72 1.046788
73 1.048240
74 1.050768
75 1.052714
76 1.054446
77 1.054834
78 1.057120
79 1.058632
80 1.060570
81 1.062300
82 1.063136
83 1.065184
84 1.066838
85 1.068570
86 1.070470
87 1.072012
88 1.073578
89 1.074876
90 1.076246
91 1.077718
92 1.079632
93 1.081690
94 1.082648
95 1.084710
96 1.086100
97 1.086642
98 1.088358
99 1.090168
100 1.091200
101 1.092342
102 1.093910
103 1.094976
104 1.096754
105 1.097840
106 1.098798
107 1.100028
108 1.101504
109 1.102694
110 1.103922
111 1.104712
112 1.105834
113 1.107156
114 1.108004
115 1.109602
116 1.111024
117 1.112048
118 1.112948
119 1.113874
120 1.114714
121 1.115432
122 1.116544
123 1.116942
124 1.117692
125 1.118562
126 1.119304
127 1.120298
128 1.121562
129 1.122468
130 1.123406
131 1.124510
132 1.125430
133 1.126006
134 1.126928
135 1.127602
136 1.128422
137 1.129444
138 1.129750
139 1.130660
140 1.131550
141 1.132160
142 1.132956
143 1.134172
144 1.135176
145 1.136066
146 1.136892
147 1.137378
148 1.138130
149 1.138036
150 1.139056
151 1.139178
152 1.139770
153 1.140212
154 1.140494
155 1.140596
156 1.141368
157 1.141756
158 1.142846
159 1.143702
160 1.143572
161 1.144004
162 1.144090
163 1.143722
164 1.143494
165 1.143616
166 1.143838
167 1.144286
168 1.143854
169 1.144156
170 1.145210
171 1.146282
172 1.146656
173 1.147734
174 1.148650
175 1.149280
176 1.149510
177 1.149630
178 1.149744
179 1.150850
180 1.151128
181 1.151956
182 1.152986
183 1.153810
184 1.154440
185 1.154410
186 1.155000
187 1.154948
188 1.155044
189 1.155634
190 1.156618
191 1.156610
192 1.156546
193 1.156646
194 1.156538
195 1.157270
196 1.158080
197 1.157796
198 1.158234
199 1.157836
200 1.158320
201 1.158096
202 1.158910
203 1.158410
204 1.158908
205 1.159764
206 1.160378
207 1.159946
208 1.159342
209 1.159588
210 1.159790
211 1.160400
212 1.159886
213 1.159844
214 1.160318
215 1.160468
216 1.160582
217 1.161414
218 1.161844
219 1.162608
220 1.162136
221 1.162132
222 1.161842
223 1.162306
224 1.163028
225 1.163110
226 1.163550
227 1.164068
228 1.164644
229 1.165064
230 1.165400
231 1.165528
232 1.165590
233 1.165404
234 1.165424
235 1.165686
236 1.165562
237 1.165336
238 1.166028
239 1.166062
240 1.166086
241 1.166650
242 1.166220
243 1.166300
244 1.166388
245 1.166682
246 1.167130
247 1.167292
248 1.166890
249 1.167610
250 1.167124
251 1.167136
252 1.167150
253 1.168192
254 1.168684
255 1.168366
256 1.168572
257 1.169206
258 1.169160
259 1.169264
260 1.169958
261 1.170032
262 1.169848
263 1.169876
264 1.169914
265 1.169966
266 1.170216
267 1.170774
268 1.170412
269 1.169916
270 1.170026
271 1.170244
272 1.170216
273 1.170638
274 1.169804
275 1.169788
276 1.169256
277 1.169566
278 1.169928
279 1.170286
280 1.170646
281 1.170542
282 1.170320
283 1.169698
284 1.169394
285 1.169854
286 1.169306
287 1.169954
288 1.169936
289 1.170384
290 1.170296
291 1.170804
292 1.170990
293 1.171150
294 1.171726
295 1.171698
296 1.171856
297 1.172236
298 1.172096
299 1.172098
300 1.171950
301 1.172506
302 1.172672
303 1.172786
304 1.172556
305 1.172594
306 1.173298
307 1.173802
308 1.174074
309 1.174826
310 1.175566
311 1.175216
312 1.175462
313 1.175906
314 1.175798
315 1.175864
316 1.175618
317 1.175136
318 1.175216
319 1.175670
320 1.174992
321 1.174978
322 1.174930
323 1.175442
324 1.174688
325 1.174948
326 1.175088
327 1.175474
328 1.175450
329 1.174380
330 1.175258
331 1.175566
332 1.175610
333 1.175930
334 1.175820
335 1.176520
336 1.176720
337 1.176518
338 1.176220
339 1.176444
340 1.176672
341 1.176762
342 1.176738
343 1.177214
344 1.177382
345 1.177160
346 1.177198
347 1.177992
348 1.178506
349 1.178518
350 1.177988
351 1.177628
352 1.177512
353 1.177132
354 1.177230
355 1.177432
356 1.177400
357 1.177766
358 1.177882
359 1.177664
360 1.177682
361 1.177342
362 1.177232
363 1.177292
364 1.176708
365 1.176236
366 1.175892
367 1.176376
368 1.176470
369 1.176192
370 1.176820
371 1.176442
372 1.176828
373 1.176992
374 1.177086
375 1.178084
376 1.178022
377 1.178068
378 1.177964
379 1.178286
380 1.178922
381 1.179048
382 1.179448
383 1.179990
384 1.180072
385 1.179356
386 1.179008
387 1.178526
388 1.178552
389 1.178672
390 1.178946
391 1.178838
392 1.178544
393 1.178152
394 1.178172
395 1.177840
396 1.178280
397 1.178932
398 1.178626
399 1.178802
400 1.179580
401 1.179762
402 1.179878
403 1.180334
404 1.180648
405 1.180598
406 1.181066
407 1.181590
408 1.181560
409 1.181468
410 1.181414
411 1.181592
412 1.181248
413 1.181772
414 1.182036
415 1.182434
416 1.182522
417 1.182872
418 1.182484
419 1.182824
420 1.182430
421 1.181988
422 1.181554
423 1.181266
424 1.181454
425 1.181286
426 1.180812
427 1.180146
428 1.180584
429 1.180424
430 1.180678
431 1.180550
432 1.180366
433 1.181106
434 1.181448
435 1.181830
436 1.181602
437 1.180820
438 1.181374
439 1.180670
440 1.180726
441 1.180628
442 1.181254
443 1.180934
444 1.180716
445 1.180536
446 1.180598
447 1.180470
448 1.180408
449 1.180934
450 1.180578
451 1.180082
452 1.180124
453 1.180808
454 1.180994
455 1.181054
456 1.180740
457 1.180358
458 1.179918
459 1.180100
460 1.180258
461 1.180526
462 1.179910
463 1.180262
464 1.180004
465 1.179666
466 1.179770
467 1.179504
468 1.179864
469 1.180192
470 1.179904
471 1.179496
472 1.179608
473 1.179818
474 1.179896
475 1.179144
476 1.178614
477 1.179592
478 1.179674
479 1.179374
480 1.179060
481 1.178336
482 1.177878
483 1.177934
484 1.177918
485 1.178050
486 1.177856
487 1.178158
488 1.178066
489 1.178198
490 1.178100
491 1.178644
492 1.179070
493 1.178758
494 1.178680
495 1.178818
496 1.179078
497 1.178588
498 1.177630
499 1.177724
500 1.177894
501 1.177878
502 1.177654
503 1.177652
504 1.177718
505 1.177664
506 1.178102
507 1.177638
508 1.178324
509 1.178724
510 1.178932
511 1.178698
512 1.179360
513 1.179230
514 1.179180
515 1.179220
516 1.179528
517 1.179820
518 1.179486
519 1.179996
520 1.180362
521 1.180270
522 1.180076
523 1.179688
524 1.179600
525 1.179582
526 1.179944
527 1.179784
528 1.179648
529 1.179942
530 1.180478
531 1.180408
532 1.180532
533 1.180104
534 1.179970
535 1.179816
536 1.178932
537 1.178720
538 1.178514
539 1.178520
540 1.178754
541 1.178934
542 1.178716
543 1.179070
544 1.179590
545 1.180046
546 1.179686
547 1.180050
548 1.179926
549 1.179568
550 1.179300
551 1.179666
552 1.179938
553 1.180102
554 1.180274
555 1.180840
556 1.180582
557 1.180448
558 1.180040
559 1.180310
560 1.179434
561 1.179732
562 1.180158
563 1.179902
564 1.179802
565 1.180684
566 1.180432
567 1.180540
568 1.181032
569 1.181450
570 1.181740
571 1.181428
572 1.181368
573 1.181394
574 1.181188
575 1.180858
576 1.180650
577 1.180628
578 1.180352
579 1.181088
580 1.180732
581 1.181228
582 1.180950
583 1.180592
584 1.180984
585 1.180694
586 1.180618
587 1.181476
588 1.181056
589 1.181122
590 1.181186
591 1.181020
592 1.181184
593 1.181254
594 1.181532
595 1.181048
596 1.180910
597 1.181138
598 1.180880
599 1.180958
600 1.181110
601 1.181822
602 1.182054
603 1.182380
604 1.182808
605 1.182726
606 1.182770
607 1.182314
608 1.181830
609 1.181916
610 1.181366
611 1.181136
612 1.181380
613 1.181636
614 1.182220
615 1.182042
616 1.182018
617 1.182132
618 1.182784
619 1.182516
620 1.182722
621 1.182358
622 1.182108
623 1.182788
624 1.182712
625 1.182304
626 1.181702
627 1.182192
628 1.182188
629 1.182180
630 1.181602
631 1.181810
632 1.181774
633 1.182356
634 1.182514
635 1.182150
636 1.181816
637 1.181884
638 1.182558
639 1.182524
640 1.182022
641 1.181940
642 1.181508
643 1.181806
644 1.181462
645 1.181068
646 1.181024
647 1.180600
648 1.179962
649 1.179608
650 1.180030
651 1.180328
652 1.180562
653 1.180982
654 1.180958
655 1.181044
656 1.180884
657 1.181048
658 1.181026
659 1.181218
660 1.180840
661 1.181174
662 1.180720
663 1.180056
664 1.179962
665 1.180350
666 1.181106
667 1.181274
668 1.181880
669 1.181178
670 1.180996
671 1.181398
672 1.181480
673 1.181458
674 1.181772
675 1.182212
676 1.182140
677 1.182138
678 1.181950
679 1.181944
680 1.181854
681 1.181700
682 1.181894
683 1.181012
684 1.180956
685 1.181298
686 1.181070
687 1.181044
688 1.181666
689 1.181520
690 1.181566
691 1.181172
692 1.181482
693 1.182072
694 1.182112
695 1.181576
696 1.180732
697 1.180058
698 1.180732
699 1.181316
700 1.180716
701 1.180376
702 1.180374
703 1.180504
704 1.180580
705 1.180738
706 1.181086
707 1.181306
708 1.181170
709 1.180540
710 1.180274
711 1.180014
712 1.179544
713 1.179886
714 1.179570
715 1.180044
716 1.180362
717 1.179630
718 1.180038
719 1.179942
720 1.179412
721 1.179986
722 1.179424
723 1.179540
724 1.178936
725 1.178994
726 1.179256
727 1.179552
728 1.179026
729 1.179190
730 1.179420
731 1.179354
732 1.179660
733 1.179290
734 1.179584
735 1.179334
736 1.178958
737 1.179048
738 1.178992
739 1.178904
740 1.179106
741 1.179096
742 1.179090
743 1.179562
744 1.180184
745 1.180158
746 1.180040
747 1.180834
748 1.180128
749 1.179710
750 1.179736
751 1.180556
752 1.180872
753 1.181248
754 1.180936
755 1.180900
756 1.180828
757 1.180418
758 1.180166
759 1.180328
760 1.181086
761 1.181414
762 1.181274
763 1.181094
764 1.180846
765 1.180634
766 1.180366
767 1.180032
768 1.179844
769 1.179746
770 1.179108
771 1.179270
772 1.179898
773 1.179512
774 1.179892
775 1.179678
776 1.179932
777 1.179664
778 1.180474
779 1.181002
780 1.180502
781 1.181368
782 1.181748
783 1.182238
784 1.181916
785 1.181636
786 1.181362
787 1.181992
788 1.181782
789 1.181898
790 1.181472
791 1.181502
792 1.181796
793 1.180914
794 1.181340
795 1.181142
796 1.181328
797 1.181070
798 1.181056
799 1.180810
800 1.181410
801 1.182026
802 1.182532
803 1.182254
804 1.182312
805 1.182752
806 1.182864
807 1.183154
808 1.183570
809 1.183068
810 1.182846
811 1.183336
812 1.182788
813 1.182776
814 1.182532
815 1.182782
816 1.182002
817 1.182846
818 1.182622
819 1.182274
820 1.182644
821 1.182266
822 1.182172
823 1.182002
824 1.181848
825 1.181472
826 1.181394
827 1.181700
828 1.181654
829 1.181760
830 1.181594
831 1.181554
832 1.181222
833 1.180918
834 1.181040
835 1.181462
836 1.181394
837 1.181560
838 1.181720
839 1.182086
840 1.181856
841 1.181580
842 1.181846
843 1.182636
844 1.182782
845 1.183038
846 1.182984
847 1.183582
848 1.182612
849 1.182728
850 1.183184
851 1.183052
852 1.182906
853 1.182486
854 1.183262
855 1.182882
856 1.182556
857 1.182726
858 1.183208
859 1.183324
860 1.182834
861 1.182870
862 1.183386
863 1.183554
864 1.183174
865 1.183054
866 1.182774
867 1.182774
868 1.182330
869 1.182012
870 1.182346
871 1.181702
872 1.180982
873 1.180964
874 1.180876
875 1.180904
876 1.180958
877 1.180352
878 1.180340
879 1.180228
880 1.180764
881 1.180540
882 1.181086
883 1.180410
884 1.180234
885 1.180724
886 1.180760
887 1.180652
888 1.180634
889 1.181276
890 1.180884
891 1.181200
892 1.181022
893 1.181042
894 1.181562
895 1.180922
896 1.181008
897 1.180874
898 1.181520
899 1.181636
900 1.181606
901 1.182036
902 1.182778
903 1.182152
904 1.181784
905 1.181060
906 1.180364
907 1.180788
908 1.180594
909 1.180416
910 1.180294
911 1.180324
912 1.180700
913 1.180524
914 1.180606
915 1.180862
916 1.180806
917 1.181196
918 1.181060
919 1.181146
920 1.181504
921 1.181326
922 1.182012
923 1.182200
924 1.182326
925 1.182456
926 1.182220
927 1.182088
928 1.181836
929 1.181814
930 1.181668
931 1.182032
932 1.182612
933 1.181782
934 1.181586
935 1.181560
936 1.182024
937 1.182142
938 1.182144
939 1.182260
940 1.182278
941 1.182836
942 1.182970
943 1.183008
944 1.183358
945 1.183234
946 1.182772
947 1.182804
948 1.182424
949 1.182044
950 1.182326
951 1.182392
952 1.181940
953 1.182150
954 1.182022
955 1.182586
956 1.182908
957 1.183598
958 1.183496
959 1.183068
960 1.182822
961 1.183148
962 1.183268
963 1.182652
964 1.181894
965 1.181662
966 1.181276
967 1.180770
968 1.180972
969 1.181056
970 1.181146
971 1.180908
972 1.181116
973 1.181684
974 1.182012
975 1.181382
976 1.181394
977 1.181484
978 1.181886
979 1.181888
980 1.181900
981 1.181310
982 1.181632
983 1.181952
984 1.181514
985 1.181250
986 1.180800
987 1.181030
988 1.181474
989 1.180864
990 1.181006
991 1.181510
992 1.182198
993 1.182462
994 1.182758
995 1.182808
996 1.182016
997 1.182564
998 1.182266
999 1.182266
1000 1.182302
1001 1.182172
1002 1.181772
1003 1.181764
1004 1.181956
1005 1.182272
1006 1.181714
1007 1.182010
1008 1.182254
1009 1.181984
1010 1.181982
1011 1.182330
1012 1.181708
1013 1.181288
1014 1.182318
1015 1.182356
1016 1.181980
1017 1.182068
1018 1.181988
1019 1.182152
1020 1.182274
1021 1.182254
1022 1.182198
1023 1.182414
1024 1.182366
1025 1.182098
1026 1.181922
1027 1.181404
1028 1.181394
1029 1.181294
1030 1.181402
1031 1.181594
1032 1.182358
1033 1.182458
1034 1.182676
1035 1.183420
1036 1.183042
1037 1.182956
1038 1.182694
1039 1.182874
1040 1.182834
1041 1.183162
1042 1.183426
1043 1.183440
1044 1.183464
1045 1.183622
1046 1.183598
1047 1.183806
1048 1.183382
1049 1.183814
1050 1.183078
1051 1.182892
1052 1.182838
1053 1.182690
1054 1.182672
1055 1.183104
1056 1.182944
1057 1.182744
1058 1.183216
1059 1.183798
1060 1.183636
1061 1.184230
1062 1.184128
1063 1.183898
1064 1.183502
1065 1.183250
1066 1.182840
1067 1.182714
1068 1.182842
1069 1.183118
1070 1.183236
1071 1.182860
1072 1.182762
1073 1.182718
1074 1.182254
1075 1.182016
1076 1.181678
1077 1.182018
1078 1.181616
1079 1.181678
1080 1.182472
1081 1.182388
1082 1.182172
1083 1.181860
1084 1.181314
1085 1.181696
1086 1.181294
1087 1.181786
1088 1.181780
1089 1.181584
1090 1.181516
1091 1.181680
1092 1.181478
1093 1.181808
1094 1.181138
1095 1.180850
1096 1.181718
1097 1.181780
1098 1.182364
1099 1.181570
1100 1.181062
1101 1.180914
1102 1.181452
1103 1.181506
1104 1.181144
1105 1.181074
1106 1.181700
1107 1.181196
1108 1.180946
1109 1.180860
1110 1.180416
1111 1.180386
1112 1.180762
1113 1.180144
1114 1.180802
1115 1.180988
1116 1.181156
1117 1.181138
1118 1.181468
1119 1.181672
1120 1.182068
1121 1.182040
1122 1.181844
1123 1.182016
1124 1.182066
1125 1.181908
1126 1.182702
1127 1.183016
1128 1.183004
1129 1.182998
1130 1.182992
1131 1.183538
1132 1.183490
1133 1.183638
1134 1.183428
1135 1.183482
1136 1.183278
1137 1.184142
1138 1.184224
1139 1.183938
1140 1.183662
1141 1.184048
1142 1.184588
1143 1.183954
1144 1.183978
1145 1.183818
1146 1.183992
1147 1.184118
1148 1.183570
1149 1.182830
1150 1.182432
1151 1.182326
1152 1.182350
1153 1.182632
1154 1.182824
1155 1.182346
1156 1.182088
1157 1.182682
1158 1.182868
1159 1.183230
1160 1.182566
1161 1.182394
1162 1.182872
1163 1.183268
1164 1.183484
1165 1.183384
1166 1.183516
1167 1.184382
1168 1.184214
1169 1.183558
1170 1.183574
1171 1.183192
1172 1.182940
1173 1.183210
1174 1.182378
1175 1.182312
1176 1.182242
1177 1.182060
1178 1.182164
1179 1.182494
1180 1.182300
1181 1.181900
1182 1.182294
1183 1.182370
1184 1.182174
1185 1.182792
1186 1.182654
1187 1.182354
1188 1.182544
1189 1.182598
1190 1.182836
1191 1.183180
1192 1.183452
1193 1.183680
1194 1.183456
1195 1.182802
1196 1.182906
1197 1.182674
1198 1.181900
1199 1.181648
1200 1.181916
1201 1.182224
1202 1.182914
1203 1.182430
1204 1.182472
1205 1.182360
1206 1.182138
1207 1.182676
1208 1.182862
1209 1.182430
1210 1.182740
1211 1.182540
1212 1.182874
1213 1.182916
1214 1.183066
1215 1.182714
1216 1.182816
1217 1.182694
1218 1.182598
1219 1.182358
1220 1.182528
1221 1.182514
1222 1.181628
1223 1.180936
1224 1.181812
1225 1.181674
1226 1.181548
1227 1.181332
1228 1.181206
1229 1.181482
1230 1.181714
1231 1.181558
1232 1.181650
1233 1.181920
1234 1.182046
1235 1.182072
1236 1.182048
1237 1.181902
1238 1.182448
1239 1.181808
1240 1.182068
1241 1.182056
1242 1.182278
1243 1.182282
1244 1.182602
1245 1.182322
1246 1.181544
1247 1.182146
1248 1.181912
1249 1.181230
1250 1.180544
1251 1.180808
1252 1.180236
1253 1.180764
1254 1.180484
1255 1.180810
1256 1.180768
1257 1.181276
1258 1.181208
1259 1.181248
1260 1.181160
1261 1.181742
1262 1.181840
1263 1.181928
1264 1.182074
1265 1.181880
1266 1.182052
1267 1.182188
1268 1.182616
1269 1.182776
1270 1.182376
1271 1.182312
1272 1.182848
1273 1.181952
1274 1.183064
1275 1.182832
1276 1.182508
1277 1.182642
1278 1.182298
1279 1.181624
1280 1.181028
1281 1.181556
1282 1.181236
1283 1.180968
1284 1.181036
1285 1.181030
1286 1.180966
1287 1.181736
1288 1.181702
1289 1.181872
1290 1.182890
1291 1.182964
1292 1.183766
1293 1.183472
1294 1.183150
1295 1.183548
1296 1.183716
1297 1.183604
1298 1.184182
1299 1.183458
1300 1.183402
1301 1.183220
1302 1.183006
1303 1.182646
1304 1.182650
1305 1.182276
1306 1.182334
1307 1.182762
1308 1.182858
1309 1.182328
1310 1.182950
1311 1.182640
1312 1.182690
1313 1.182892
1314 1.183340
1315 1.183288
1316 1.183342
1317 1.183084
1318 1.183232
1319 1.183368
1320 1.183254
1321 1.183326
1322 1.183220
1323 1.184256
1324 1.184788
1325 1.184810
1326 1.184616
1327 1.184694
1328 1.184104
1329 1.183808
1330 1.183316
1331 1.183172
1332 1.183046
1333 1.183416
1334 1.183666
1335 1.184506
1336 1.184298
1337 1.184630
1338 1.185002
1339 1.184728
1340 1.185322
1341 1.185034
1342 1.185378
1343 1.185428
1344 1.185200
1345 1.185248
1346 1.185158
1347 1.185158
1348 1.184836
1349 1.184930
1350 1.185076
1351 1.185234
1352 1.185104
1353 1.185140
1354 1.184690
1355 1.185332
1356 1.185248
1357 1.184934
1358 1.184704
1359 1.183810
1360 1.183220
1361 1.182600
1362 1.182400
1363 1.183118
1364 1.182896
1365 1.182950
1366 1.182996
1367 1.183706
1368 1.183850
1369 1.183614
1370 1.183748
1371 1.184644
1372 1.184968
1373 1.185120
1374 1.184796
1375 1.185044
1376 1.185012
1377 1.184586
1378 1.184740
1379 1.184954
1380 1.185016
1381 1.184790
1382 1.184276
1383 1.184676
1384 1.184786
1385 1.184632
1386 1.184882
1387 1.184834
1388 1.184604
1389 1.184070
1390 1.184346
1391 1.184970
1392 1.184406
1393 1.184238
1394 1.184344
1395 1.184246
1396 1.183344
1397 1.182442
1398 1.182760
1399 1.183150
1400 1.182892
1401 1.182900
1402 1.183276
1403 1.183310
1404 1.183078
1405 1.183420
1406 1.182938
1407 1.183010
1408 1.183172
1409 1.183048
1410 1.182754
1411 1.182336
1412 1.181964
1413 1.181850
1414 1.181782
1415 1.181650
1416 1.181554
1417 1.181600
1418 1.181258
1419 1.181008
1420 1.180956
1421 1.181562
1422 1.181892
1423 1.181404
1424 1.181892
1425 1.182444
1426 1.182964
1427 1.183090
1428 1.183638
1429 1.182932
1430 1.182938
1431 1.183194
1432 1.183550
1433 1.183206
1434 1.183496
1435 1.183508
1436 1.183290
1437 1.183194
1438 1.183142
1439 1.182498
1440 1.182822
1441 1.183084
1442 1.183210
1443 1.182930
1444 1.182378
1445 1.182600
1446 1.182452
1447 1.183156
1448 1.182218
1449 1.181552
1450 1.181780
1451 1.182082
1452 1.181952
1453 1.181880
1454 1.181938
1455 1.181764
1456 1.181210
1457 1.181270
1458 1.181640
1459 1.181474
1460 1.181278
1461 1.180658
1462 1.180746
1463 1.180370
1464 1.180350
1465 1.181078
1466 1.180872
1467 1.181136
1468 1.181294
1469 1.181602
1470 1.181536
1471 1.181680
1472 1.181426
1473 1.181210
1474 1.181498
1475 1.182042
1476 1.182106
1477 1.181806
1478 1.181488
1479 1.180990
1480 1.181102
1481 1.181326
1482 1.181168
1483 1.181738
1484 1.181546
1485 1.181436
1486 1.181368
1487 1.181302
1488 1.180710
1489 1.180576
1490 1.180294
1491 1.180282
1492 1.180028
1493 1.179886
1494 1.179676
1495 1.180628
1496 1.180940
1497 1.181262
1498 1.180970
1499 1.180822
1500 1.179978
1501 1.180430
1502 1.180640
1503 1.180500
1504 1.180530
1505 1.180772
1506 1.181126
1507 1.180498
1508 1.180728
1509 1.180826
1510 1.181486
1511 1.181040
1512 1.181608
1513 1.181788
1514 1.181076
1515 1.181680
1516 1.181290
1517 1.181072
1518 1.181296
1519 1.180782
1520 1.180106
1521 1.180114
1522 1.179540
1523 1.179848
1524 1.179670
1525 1.180016
1526 1.180488
1527 1.180892
1528 1.180298
1529 1.180222
1530 1.180042
1531 1.179936
1532 1.179892
1533 1.179252
1534 1.179408
1535 1.179430
1536 1.179760
1537 1.180340
1538 1.179910
1539 1.180094
1540 1.180694
1541 1.180222
1542 1.181188
1543 1.181354
1544 1.180950
1545 1.180456
1546 1.180538
1547 1.180046
1548 1.180102
1549 1.180422
1550 1.180904
1551 1.180836
1552 1.180420
1553 1.180478
1554 1.180898
1555 1.182176
1556 1.182398
1557 1.182494
1558 1.181886
1559 1.182132
1560 1.182182
1561 1.181950
1562 1.181664
1563 1.181998
1564 1.182274
1565 1.182782
1566 1.183046
1567 1.183188
1568 1.183096
1569 1.183296
1570 1.182644
1571 1.182166
1572 1.181804
1573 1.181556
1574 1.181780
1575 1.181462
1576 1.181784
1577 1.182128
1578 1.181932
1579 1.182042
1580 1.181682
1581 1.181476
1582 1.181592
1583 1.181926
1584 1.182400
1585 1.182378
1586 1.182152
1587 1.182494
1588 1.182766
1589 1.182758
1590 1.183024
1591 1.183214
1592 1.183508
1593 1.183630
1594 1.183024
1595 1.182810
1596 1.182986
1597 1.182874
1598 1.182342
1599 1.181926
1600 1.182786
1601 1.182404
1602 1.182238
1603 1.182588
1604 1.182480
1605 1.182192
1606 1.182054
1607 1.181532
1608 1.181786
1609 1.181888
1610 1.181226
1611 1.181550
1612 1.181222
1613 1.180562
1614 1.180550
1615 1.180492
1616 1.180888
1617 1.181942
1618 1.181738
1619 1.182020
1620 1.182358
1621 1.181790
1622 1.181642
1623 1.181276
1624 1.180966
1625 1.180776
1626 1.180412
1627 1.180716
1628 1.180766
1629 1.180878
1630 1.181480
1631 1.180938
1632 1.180920
1633 1.181092
1634 1.181496
1635 1.181768
1636 1.182134
1637 1.181818
1638 1.182134
1639 1.181890
1640 1.180992
1641 1.181038
1642 1.180906
1643 1.181428
1644 1.181174
1645 1.181448
1646 1.181752
1647 1.181908
1648 1.182080
1649 1.181856
1650 1.181318
1651 1.181302
1652 1.182092
1653 1.181216
1654 1.181300
1655 1.181450
1656 1.181724
1657 1.181174
1658 1.181942
1659 1.182046
1660 1.182648
1661 1.182530
1662 1.182490
1663 1.182234
1664 1.182372
1665 1.182622
1666 1.182604
1667 1.182698
1668 1.182906
1669 1.183226
1670 1.183370
1671 1.183032
1672 1.183140
1673 1.183012
1674 1.182846
1675 1.183166
1676 1.183822
1677 1.184030
1678 1.183388
1679 1.183408
1680 1.183516
1681 1.183196
1682 1.183520
1683 1.183816
1684 1.183496
1685 1.183130
1686 1.182810
1687 1.183346
1688 1.183774
1689 1.183822
1690 1.184054
1691 1.183332
1692 1.182574
1693 1.182462
1694 1.182722
1695 1.183244
1696 1.183078
1697 1.183606
1698 1.183178
1699 1.183064
1700 1.183438
1701 1.183316
1702 1.183144
1703 1.183182
1704 1.182352
1705 1.181914
1706 1.181946
1707 1.182496
1708 1.181856
1709 1.181914
1710 1.182300
1711 1.182764
1712 1.182630
1713 1.183044
1714 1.183668
1715 1.183174
1716 1.183368
1717 1.182968
1718 1.183180
1719 1.183348
1720 1.183808
1721 1.184270
1722 1.183772
1723 1.183172
1724 1.182496
1725 1.181882
1726 1.182172
1727 1.181992
1728 1.181394
1729 1.181566
1730 1.181590
1731 1.181434
1732 1.181640
1733 1.181256
1734 1.181430
1735 1.181474
1736 1.181708
1737 1.181694
1738 1.181582
1739 1.180930
1740 1.181128
1741 1.181814
1742 1.181154
1743 1.181572
1744 1.181712
1745 1.181566
1746 1.181060
1747 1.181318
1748 1.181528
1749 1.181292
1750 1.181010
1751 1.181214
1752 1.181174
1753 1.180546
1754 1.181074
1755 1.181240
1756 1.180736
1757 1.180372
1758 1.180810
1759 1.181200
1760 1.181380
1761 1.181350
1762 1.181802
1763 1.181912
1764 1.182024
1765 1.182456
1766 1.182412
1767 1.182462
1768 1.182302
1769 1.182380
1770 1.182372
1771 1.182364
1772 1.182574
1773 1.182040
1774 1.182212
1775 1.182456
1776 1.182298
1777 1.182822
1778 1.182844
1779 1.183608
1780 1.184188
1781 1.183570
1782 1.183588
1783 1.182964
1784 1.183254
1785 1.183532
1786 1.184120
1787 1.184686
1788 1.184808
1789 1.184124
1790 1.184210
1791 1.184096
1792 1.184300
1793 1.184554
1794 1.185310
1795 1.185418
1796 1.186286
1797 1.186372
1798 1.186418
1799 1.185750
1800 1.185120
1801 1.184880
1802 1.184564
1803 1.184476
1804 1.184356
1805 1.183370
1806 1.183250
1807 1.183624
1808 1.183994
1809 1.183990
1810 1.184664
1811 1.184650
1812 1.184764
1813 1.183978
1814 1.183770
1815 1.183684
1816 1.184468
1817 1.183682
1818 1.183828
1819 1.183882
1820 1.183582
1821 1.184048
1822 1.184354
1823 1.184828
1824 1.185186
1825 1.185512
1826 1.185408
1827 1.185936
1828 1.186172
1829 1.186110
1830 1.185428
1831 1.185624
1832 1.185186
1833 1.184568
1834 1.184162
1835 1.183172
1836 1.183476
1837 1.183872
1838 1.183796
1839 1.184134
1840 1.184574
1841 1.184138
1842 1.184550
1843 1.184466
1844 1.185052
1845 1.184280
1846 1.183980
1847 1.183810
1848 1.183570
1849 1.183448
1850 1.183998
1851 1.184114
1852 1.184588
1853 1.185080
1854 1.185096
1855 1.184724
1856 1.184416
1857 1.184684
1858 1.183966
1859 1.184086
1860 1.184294
1861 1.184596
1862 1.184978
1863 1.184600
1864 1.184188
1865 1.183896
1866 1.183526
1867 1.183382
1868 1.183378
1869 1.183726
1870 1.184454
1871 1.184672
1872 1.184768
1873 1.185050
1874 1.184124
1875 1.184092
1876 1.182902
1877 1.183088
1878 1.183464
1879 1.184246
1880 1.183740
1881 1.183048
1882 1.182402
1883 1.183096
1884 1.182738
1885 1.182166
1886 1.182094
1887 1.181922
1888 1.181328
1889 1.181114
1890 1.181396
1891 1.181384
1892 1.182258
1893 1.182376
1894 1.182538
1895 1.182438
1896 1.182686
1897 1.182686
1898 1.182294
1899 1.182074
1900 1.182356
1901 1.182220
1902 1.182150
1903 1.182330
1904 1.182712
1905 1.183676
1906 1.183472
1907 1.183598
1908 1.183374
1909 1.182258
1910 1.181458
1911 1.181118
1912 1.181566
1913 1.181816
1914 1.180958
1915 1.181192
1916 1.180672
1917 1.181088
1918 1.181184
1919 1.181414
1920 1.181282
1921 1.182078
1922 1.182070
1923 1.181934
1924 1.181786
1925 1.182008
1926 1.182210
1927 1.182074
1928 1.182010
1929 1.181726
1930 1.181316
1931 1.181204
1932 1.180966
1933 1.181242
1934 1.181842
1935 1.181368
1936 1.181160
1937 1.181234
1938 1.181018
1939 1.181502
1940 1.181934
1941 1.182088
1942 1.181998
1943 1.181716
1944 1.181840
1945 1.182310
1946 1.183060
1947 1.183258
1948 1.182834
1949 1.182920
1950 1.183412
1951 1.183150
1952 1.183660
1953 1.183528
1954 1.183442
1955 1.183284
1956 1.183596
1957 1.184068
1958 1.183924
1959 1.183444
1960 1.182738
1961 1.182678
1962 1.183382
1963 1.183400
1964 1.183456
1965 1.182702
1966 1.182396
1967 1.181818
1968 1.181094
1969 1.181148
1970 1.180954
1971 1.181234
1972 1.180770
1973 1.180936
1974 1.181304
1975 1.181312
1976 1.181016
1977 1.180990
1978 1.181088
1979 1.181732
1980 1.181830
1981 1.181308
1982 1.180994
1983 1.180860
1984 1.180986
1985 1.180840
1986 1.181166
1987 1.181738
1988 1.181930
1989 1.181728
1990 1.182138
1991 1.182030
1992 1.181882
1993 1.181608
1994 1.180920
1995 1.180650
1996 1.181138
1997 1.181036
1998 1.181822
1999 1.181886
2000 1.181626
2001 1.181262
2002 1.180858
2003 1.180550
2004 1.180114
2005 1.179866
2006 1.179874
2007 1.179978
2008 1.180016
2009 1.180402
2010 1.180198
2011 1.179960
2012 1.180522
2013 1.180774
2014 1.180448
2015 1.179502
2016 1.179520
2017 1.179676
2018 1.180174
2019 1.179952
2020 1.179670
2021 1.180048
2022 1.179904
2023 1.180452
2024 1.180394
2025 1.180800
2026 1.181102
2027 1.181348
2028 1.182068
2029 1.181826
2030 1.182046
2031 1.182048
2032 1.181406
2033 1.181032
2034 1.180712
2035 1.180898
2036 1.180822
2037 1.180188
2038 1.179890
2039 1.180578
2040 1.180836
2041 1.181184
2042 1.181390
2043 1.181128
2044 1.181206
2045 1.181288
2046 1.180692
2047 1.180872
2048 1.180638
2049 1.180806
2050 1.180848
2051 1.180716
2052 1.180794
2053 1.181208
2054 1.181050
2055 1.180690
2056 1.180402
2057 1.181018
2058 1.180810
2059 1.180494
2060 1.180284
2061 1.180424
2062 1.181012
2063 1.181384
2064 1.181632
2065 1.182050
2066 1.182136
2067 1.182622
2068 1.182826
2069 1.182560
2070 1.183162
2071 1.183088
2072 1.182990
2073 1.183606
2074 1.183198
2075 1.183136
2076 1.183102
2077 1.182900
2078 1.183120
2079 1.182672
2080 1.183034
2081 1.182984
2082 1.182978
2083 1.183686
2084 1.183616
2085 1.184206
2086 1.184506
2087 1.184454
2088 1.185262
2089 1.185240
2090 1.185340
2091 1.185398
2092 1.185398
2093 1.185298
2094 1.185414
2095 1.185688
2096 1.185740
2097 1.185344
2098 1.185152
2099 1.185516
2100 1.184848
2101 1.184874
2102 1.184654
2103 1.184116
2104 1.184570
2105 1.184566
2106 1.184908
2107 1.184966
2108 1.185918
2109 1.185220
2110 1.185570
2111 1.185530
2112 1.184618
2113 1.184316
2114 1.184096
2115 1.182880
2116 1.182652
2117 1.182764
2118 1.182994
2119 1.183068
2120 1.182376
2121 1.181758
2122 1.181760
2123 1.181332
2124 1.181280
2125 1.181040
2126 1.181530
2127 1.181146
2128 1.181928
2129 1.182246
2130 1.181924
2131 1.182132
2132 1.182276
2133 1.182042
2134 1.181776
2135 1.182158
2136 1.181846
2137 1.181520
2138 1.181466
2139 1.181770
2140 1.181654
2141 1.182478
2142 1.182348
2143 1.182402
2144 1.182850
2145 1.182656
2146 1.182318
2147 1.182232
2148 1.182296
2149 1.182578
2150 1.182812
2151 1.182554
2152 1.182776
2153 1.182492
2154 1.182994
2155 1.182882
2156 1.182108
2157 1.182746
2158 1.183206
2159 1.183074
2160 1.183268
2161 1.183444
2162 1.183794
2163 1.184400
2164 1.184040
2165 1.184204
2166 1.183870
2167 1.184204
2168 1.183686
2169 1.183994
2170 1.184048
2171 1.184352
2172 1.184696
2173 1.185006
2174 1.184932
2175 1.184894
2176 1.184786
2177 1.184948
2178 1.185270
2179 1.185160
2180 1.184966
2181 1.184998
2182 1.185378
2183 1.184944
2184 1.184948
2185 1.185364
2186 1.185512
2187 1.185588
2188 1.185404
2189 1.185540
2190 1.185536
2191 1.186084
2192 1.186058
2193 1.186232
2194 1.186120
2195 1.185504
2196 1.184520
2197 1.184462
2198 1.184480
2199 1.184286
2200 1.184494
2201 1.184526
2202 1.184502
2203 1.184676
2204 1.184700
2205 1.185044
2206 1.185522
2207 1.185618
2208 1.185352
2209 1.185320
2210 1.185794
2211 1.185128
2212 1.185302
2213 1.184818
2214 1.184546
2215 1.183690
2216 1.183318
2217 1.183656
2218 1.183686
2219 1.183324
2220 1.183370
2221 1.183306
2222 1.183756
2223 1.183870
2224 1.183662
2225 1.184108
2226 1.183940
2227 1.184640
2228 1.184414
2229 1.184460
2230 1.184248
2231 1.184180
2232 1.184400
2233 1.184698
2234 1.185278
2235 1.185162
2236 1.185236
2237 1.185084
2238 1.185120
2239 1.184636
2240 1.184350
2241 1.184500
2242 1.184072
2243 1.183058
2244 1.182778
2245 1.183010
2246 1.183000
2247 1.183026
2248 1.183254
2249 1.183254
2250 1.183370
2251 1.183332
2252 1.183892
2253 1.183880
2254 1.184386
2255 1.184478
2256 1.184644
2257 1.184580
2258 1.184090
2259 1.183990
2260 1.184690
2261 1.184676
2262 1.184626
2263 1.184472
2264 1.184502
2265 1.184650
2266 1.184186
2267 1.183660
2268 1.183908
2269 1.183402
2270 1.182592
2271 1.182586
2272 1.182610
2273 1.182366
2274 1.182726
2275 1.182612
2276 1.182044
2277 1.181934
2278 1.182016
2279 1.182108
2280 1.182546
2281 1.183028
2282 1.182106
2283 1.181994
2284 1.181726
2285 1.181428
2286 1.181792
2287 1.181966
2288 1.181582
2289 1.181950
2290 1.182724
2291 1.182144
2292 1.182236
2293 1.182616
2294 1.183130
2295 1.183070
2296 1.182760
2297 1.182720
2298 1.182852
2299 1.182872
2300 1.182978
2301 1.183406
2302 1.183192
2303 1.183080
2304 1.183068
2305 1.182938
2306 1.183104
2307 1.182438
2308 1.182776
2309 1.182660
2310 1.182986
2311 1.183098
2312 1.183692
2313 1.183954
2314 1.184412
2315 1.184408
2316 1.184818
2317 1.185510
2318 1.186406
2319 1.186424
2320 1.186480
2321 1.186346
2322 1.186224
2323 1.186088
2324 1.185842
2325 1.186020
2326 1.186184
2327 1.186502
2328 1.186482
2329 1.187204
2330 1.186960
2331 1.186580
2332 1.186652
2333 1.186232
2334 1.186462
2335 1.185818
2336 1.185330
2337 1.184338
2338 1.184822
2339 1.184474
2340 1.184442
2341 1.183832
2342 1.183580
2343 1.183838
2344 1.184652
2345 1.184842
2346 1.185062
2347 1.185240
2348 1.185386
2349 1.185684
2350 1.186052
2351 1.186386
2352 1.186068
2353 1.186056
2354 1.185032
2355 1.184530
2356 1.183958
2357 1.184218
2358 1.183914
2359 1.184738
2360 1.185010
2361 1.185684
2362 1.185620
2363 1.185502
2364 1.186034
2365 1.185494
2366 1.186140
2367 1.185478
2368 1.185724
2369 1.184978
2370 1.184710
2371 1.185088
2372 1.185274
2373 1.184900
2374 1.184752
2375 1.185036
2376 1.184442
2377 1.183508
2378 1.183548
2379 1.183236
2380 1.183366
2381 1.183422
2382 1.183190
2383 1.183774
2384 1.183840
2385 1.183236
2386 1.183338
2387 1.182840
2388 1.182876
2389 1.183410
2390 1.183302
2391 1.183164
2392 1.183270
2393 1.183990
2394 1.183358
2395 1.182516
2396 1.182934
2397 1.183022
2398 1.183698
2399 1.183552
2400 1.183882
2401 1.184110
2402 1.184000
2403 1.183866
2404 1.184108
2405 1.183822
2406 1.183764
2407 1.183442
2408 1.183154
2409 1.182900
2410 1.183178
2411 1.183238
2412 1.183898
2413 1.183358
2414 1.183392
2415 1.184058
2416 1.183944
2417 1.183730
2418 1.184428
2419 1.184086
2420 1.184246
2421 1.183992
2422 1.183864
2423 1.184048
2424 1.183534
2425 1.182758
2426 1.182272
2427 1.181750
2428 1.182128
2429 1.181284
2430 1.181096
2431 1.181538
2432 1.181556
2433 1.181198
2434 1.180942
2435 1.181182
2436 1.181386
2437 1.181866
2438 1.181882
2439 1.182250
2440 1.183052
2441 1.183252
2442 1.183224
2443 1.182686
2444 1.183012
2445 1.183166
2446 1.183456
2447 1.183550
2448 1.183450
2449 1.183826
2450 1.183636
2451 1.183894
2452 1.183702
2453 1.183402
2454 1.182956
2455 1.183214
2456 1.183592
2457 1.183344
2458 1.183556
2459 1.183768
2460 1.183072
2461 1.182520
2462 1.182298
2463 1.182372
2464 1.183042
2465 1.183138
2466 1.182632
2467 1.182756
2468 1.182704
2469 1.182646
2470 1.182288
2471 1.182558
2472 1.182410
2473 1.182056
2474 1.181408
2475 1.181190
2476 1.181622
2477 1.181528
2478 1.181368
2479 1.181680
2480 1.181332
2481 1.181450
2482 1.181350
2483 1.181332
2484 1.181140
2485 1.181392
2486 1.181822
2487 1.182204
2488 1.182204
2489 1.182982
2490 1.182146
2491 1.181882
2492 1.181568
2493 1.181302
2494 1.180972
2495 1.181126
2496 1.180742
2497 1.180718
2498 1.180236
2499 1.179488
2500 1.179814
2501 1.179880
2502 1.179468
2503 1.179990
2504 1.180786
2505 1.180710
2506 1.180494
2507 1.180088
2508 1.180712
2509 1.180594
2510 1.180928
2511 1.180852
2512 1.181446
2513 1.181024
2514 1.181222
2515 1.181434
2516 1.181674
2517 1.181144
2518 1.181228
2519 1.181576
2520 1.181788
2521 1.181678
2522 1.181218
2523 1.181114
2524 1.181718
2525 1.181252
2526 1.181020
2527 1.180824
2528 1.181302
2529 1.181946
2530 1.181224
2531 1.182198
2532 1.182258
2533 1.182596
2534 1.182902
2535 1.183652
2536 1.184234
2537 1.184252
2538 1.184890
2539 1.184548
2540 1.184114
2541 1.183554
2542 1.182904
2543 1.183446
2544 1.183428
2545 1.183244
2546 1.183920
2547 1.183768
2548 1.183274
2549 1.183024
2550 1.182886
2551 1.183016
2552 1.182546
2553 1.182604
2554 1.182518
2555 1.182374
2556 1.182000
2557 1.182110
2558 1.182544
2559 1.183158
2560 1.182880
2561 1.183122
2562 1.182450
2563 1.181832
2564 1.181150
2565 1.181452
2566 1.181460
2567 1.181396
2568 1.181092
2569 1.180458
2570 1.180826
2571 1.181150
2572 1.181996
2573 1.182512
2574 1.182808
2575 1.182890
2576 1.182984
2577 1.182464
2578 1.182564
2579 1.182762
2580 1.183210
2581 1.183166
2582 1.184034
2583 1.183826
2584 1.183956
2585 1.184072
2586 1.183676
2587 1.182696
2588 1.183396
2589 1.183398
2590 1.183006
2591 1.183358
2592 1.183542
2593 1.183948
2594 1.183530
2595 1.183138
2596 1.183220
2597 1.183548
2598 1.183974
2599 1.183888
2600 1.183844
2601 1.183628
2602 1.183670
2603 1.182836
2604 1.182736
2605 1.182438
2606 1.182962
2607 1.183728
2608 1.183426
2609 1.183930
2610 1.183456
2611 1.182908
2612 1.183646
2613 1.183422
2614 1.183648
2615 1.182892
2616 1.183054
2617 1.182486
2618 1.182570
2619 1.181908
2620 1.182276
2621 1.182520
2622 1.183046
2623 1.183116
2624 1.182506
2625 1.182398
2626 1.181974
2627 1.181388
2628 1.181746
2629 1.181228
2630 1.180934
2631 1.181124
2632 1.180840
2633 1.181146
2634 1.181386
2635 1.181772
2636 1.182014
2637 1.182180
2638 1.182210
2639 1.182160
2640 1.181914
2641 1.182058
2642 1.181856
2643 1.181928
2644 1.181710
2645 1.181486
2646 1.181808
2647 1.181970
2648 1.182202
2649 1.182288
2650 1.182566
2651 1.183108
2652 1.183362
2653 1.184212
2654 1.184376
2655 1.184422
2656 1.183606
2657 1.183684
2658 1.182818
2659 1.183416
2660 1.183132
2661 1.183046
2662 1.182930
2663 1.182952
2664 1.182486
2665 1.182506
2666 1.182444
2667 1.182362
2668 1.182090
2669 1.182276
2670 1.182272
2671 1.182470
2672 1.182450
2673 1.181980
2674 1.182094
2675 1.181518
2676 1.181604
2677 1.181784
2678 1.182032
2679 1.182374
2680 1.182616
2681 1.183100
2682 1.182882
2683 1.182898
2684 1.182902
2685 1.182934
2686 1.183264
2687 1.182878
2688 1.182516
2689 1.183162
2690 1.182932
2691 1.183126
2692 1.183118
2693 1.183612
2694 1.183912
2695 1.183798
2696 1.184008
2697 1.183966
2698 1.183418
2699 1.183550
2700 1.183434
2701 1.183414
2702 1.183420
2703 1.182996
2704 1.182280
2705 1.182594
2706 1.182412
2707 1.182624
2708 1.182728
2709 1.182554
2710 1.182502
2711 1.182160
2712 1.182310
2713 1.181896
2714 1.181610
2715 1.181628
2716 1.181808
2717 1.182352
2718 1.182512
2719 1.182490
2720 1.182200
2721 1.181858
2722 1.181940
2723 1.181874
2724 1.182164
2725 1.182390
2726 1.182568
2727 1.182098
2728 1.182208
2729 1.182364
2730 1.181954
2731 1.182224
2732 1.182242
2733 1.181780
2734 1.182232
2735 1.182006
2736 1.182682
2737 1.182522
2738 1.182368
2739 1.182656
2740 1.182652
2741 1.182220
2742 1.181900
2743 1.182026
2744 1.182604
2745 1.182250
2746 1.182334
2747 1.182458
2748 1.182056
2749 1.182240
2750 1.182674
2751 1.182564
2752 1.182226
2753 1.181854
2754 1.182564
2755 1.182522
2756 1.182458
2757 1.182684
2758 1.182712
2759 1.181980
2760 1.182048
2761 1.182198
2762 1.182230
2763 1.182438
2764 1.182066
2765 1.182538
2766 1.182830
2767 1.182664
2768 1.182544
2769 1.182422
2770 1.181870
2771 1.182124
2772 1.182042
2773 1.182036
2774 1.182616
2775 1.181724
2776 1.180978
2777 1.181400
2778 1.181098
2779 1.181882
2780 1.182020
2781 1.181616
2782 1.181776
2783 1.181358
2784 1.181138
2785 1.181412
2786 1.181558
2787 1.181284
2788 1.180912
2789 1.181214
2790 1.181298
2791 1.181260
2792 1.180618
2793 1.180674
2794 1.180248
2795 1.181028
2796 1.181098
2797 1.181340
2798 1.181474
2799 1.180964
2800 1.181450
2801 1.181622
2802 1.181728
2803 1.181780
2804 1.182256
2805 1.182334
2806 1.182622
2807 1.183112
2808 1.182722
2809 1.183062
2810 1.182178
2811 1.181846
2812 1.181546
2813 1.181172
2814 1.181672
2815 1.181006
2816 1.180984
2817 1.181546
2818 1.182018
2819 1.182412
2820 1.182760
2821 1.183598
2822 1.183514
2823 1.182996
2824 1.183288
2825 1.183218
2826 1.183340
2827 1.183258
2828 1.183626
2829 1.184038
2830 1.184326
2831 1.184378
2832 1.184662
2833 1.184434
2834 1.184246
2835 1.184198
2836 1.184338
2837 1.183786
2838 1.184258
2839 1.184450
2840 1.184728
2841 1.184556
2842 1.184776
2843 1.184144
2844 1.184314
2845 1.184030
2846 1.184220
2847 1.184254
2848 1.184106
2849 1.183800
2850 1.182918
2851 1.183244
2852 1.183222
2853 1.182854
2854 1.182842
2855 1.181844
2856 1.182652
2857 1.182082
2858 1.182488
2859 1.182486
2860 1.181888
2861 1.181416
2862 1.181340
2863 1.180666
2864 1.180726
2865 1.180084
2866 1.180120
2867 1.180008
2868 1.180596
2869 1.179998
2870 1.180502
2871 1.180580
2872 1.180082
2873 1.179308
2874 1.179532
2875 1.179750
2876 1.179980
2877 1.180444
2878 1.180858
2879 1.181094
2880 1.182140
2881 1.182128
2882 1.182040
2883 1.182528
2884 1.182232
2885 1.182220
2886 1.182670
2887 1.182118
2888 1.182222
2889 1.182014
2890 1.181788
2891 1.181806
2892 1.181880
2893 1.181696
2894 1.181362
2895 1.181760
2896 1.181788
2897 1.181722
2898 1.182418
2899 1.182622
2900 1.183186
2901 1.183334
2902 1.183260
2903 1.182646
2904 1.182674
2905 1.182392
2906 1.182740
2907 1.183014
2908 1.182564
2909 1.182992
2910 1.183254
2911 1.184082
2912 1.184096
2913 1.184344
2914 1.184196
2915 1.184802
2916 1.184686
2917 1.185050
2918 1.184428
2919 1.184590
2920 1.184154
2921 1.183332
2922 1.183198
2923 1.183234
2924 1.182970
2925 1.182718
2926 1.183000
2927 1.183020
2928 1.183502
2929 1.183834
2930 1.183412
2931 1.182928
2932 1.183556
2933 1.182932
2934 1.183278
2935 1.183004
2936 1.183160
2937 1.182984
2938 1.182884
2939 1.183824
2940 1.184174
2941 1.184066
2942 1.183210
2943 1.183854
2944 1.183726
2945 1.183616
2946 1.183938
2947 1.183864
2948 1.184916
2949 1.184432
2950 1.183850
2951 1.184340
2952 1.183994
2953 1.183414
2954 1.182964
2955 1.183492
2956 1.183268
2957 1.183408
2958 1.183696
2959 1.184408
2960 1.184720
2961 1.185250
2962 1.184762
2963 1.184554
2964 1.184968
2965 1.185304
2966 1.184826
2967 1.185556
2968 1.185122
2969 1.185002
2970 1.184624
2971 1.184432
2972 1.184800
2973 1.184238
2974 1.184032
2975 1.183976
2976 1.184326
2977 1.183370
2978 1.183382
2979 1.183684
2980 1.183712
2981 1.183740
2982 1.183822
2983 1.183456
2984 1.183222
2985 1.182936
2986 1.183428
2987 1.183112
2988 1.182454
2989 1.181946
2990 1.181806
2991 1.181260
2992 1.181364
2993 1.181286
2994 1.180902
2995 1.180582
2996 1.180598
2997 1.180834
2998 1.180786
2999 1.180302
3000 1.180058
3001 1.180324
3002 1.181050
3003 1.181262
3004 1.181116
3005 1.181088
3006 1.180708
3007 1.180764
3008 1.180598
3009 1.180682
3010 1.180308
3011 1.180252
3012 1.181272
3013 1.181260
3014 1.180744
3015 1.180524
3016 1.179774
3017 1.180160
3018 1.180348
3019 1.180924
3020 1.181450
3021 1.181538
3022 1.181082
3023 1.181026
3024 1.181470
3025 1.181868
3026 1.181924
3027 1.181960
3028 1.181638
3029 1.181488
3030 1.181430
3031 1.181140
3032 1.181084
3033 1.181402
3034 1.181244
3035 1.181924
3036 1.181682
3037 1.182026
3038 1.182722
3039 1.182508
3040 1.182906
3041 1.183132
3042 1.183870
3043 1.184364
3044 1.184644
3045 1.184554
3046 1.184542
3047 1.185020
3048 1.185038
3049 1.184856
3050 1.184718
3051 1.184262
3052 1.184054
3053 1.184580
3054 1.185066
3055 1.184710
3056 1.185056
3057 1.185560
3058 1.185578
3059 1.185946
3060 1.185900
3061 1.186016
3062 1.186256
3063 1.185994
3064 1.185772
3065 1.185656
3066 1.186238
3067 1.186276
3068 1.186070
3069 1.185818
3070 1.185270
3071 1.185502
3072 1.185418
3073 1.185820
3074 1.186210
3075 1.186678
3076 1.186496
3077 1.186318
3078 1.186980
3079 1.186264
3080 1.185888
3081 1.185284
3082 1.185624
3083 1.184934
3084 1.184502
3085 1.184344
3086 1.184372
3087 1.184238
3088 1.184166
3089 1.184042
3090 1.184204
3091 1.184166
3092 1.183302
3093 1.183762
3094 1.184000
3095 1.184182
3096 1.184444
3097 1.184368
3098 1.184144
3099 1.184138
3100 1.183820
3101 1.183774
3102 1.184562
3103 1.184914
3104 1.185318
3105 1.185092
3106 1.184436
3107 1.184370
3108 1.184702
3109 1.184874
3110 1.184608
3111 1.184632
3112 1.184978
3113 1.184920
3114 1.184642
3115 1.184572
3116 1.184210
3117 1.184672
3118 1.183862
3119 1.183762
3120 1.183778
3121 1.183612
3122 1.183416
3123 1.183422
3124 1.182870
3125 1.182858
3126 1.182716
3127 1.182300
3128 1.183068
3129 1.182752
3130 1.183380
3131 1.182982
3132 1.182938
3133 1.182816
3134 1.182394
3135 1.181770
3136 1.182136
3137 1.182220
3138 1.182112
3139 1.182220
3140 1.182062
3141 1.181776
3142 1.181534
3143 1.181622
3144 1.182248
3145 1.182470
3146 1.183002
3147 1.183204
3148 1.183362
3149 1.183216
3150 1.183460
3151 1.183758
3152 1.183838
3153 1.184232
3154 1.184644
3155 1.184502
3156 1.184420
3157 1.184470
3158 1.183230
3159 1.183316
3160 1.183418
3161 1.182774
3162 1.182860
3163 1.182612
3164 1.182372
3165 1.182644
3166 1.183200
3167 1.183246
3168 1.183088
3169 1.183314
3170 1.183356
3171 1.182540
3172 1.182626
3173 1.182828
3174 1.183202
3175 1.182706
3176 1.182748
3177 1.183478
3178 1.183220
3179 1.182974
3180 1.182604
3181 1.182868
3182 1.183202
3183 1.183234
3184 1.182640
3185 1.183106
3186 1.182844
3187 1.182640
3188 1.182968
3189 1.183088
3190 1.183916
3191 1.184164
3192 1.184184
3193 1.184212
3194 1.184044
3195 1.184046
3196 1.183820
3197 1.183352
3198 1.183722
3199 1.183982
3200 1.184016
3201 1.183398
3202 1.183638
3203 1.184004
3204 1.183470
3205 1.183448
3206 1.183306
3207 1.183574
3208 1.183418
3209 1.184044
3210 1.184628
3211 1.184758
3212 1.185130
3213 1.184814
3214 1.184692
3215 1.184532
3216 1.183874
3217 1.184016
3218 1.183290
3219 1.183520
3220 1.183416
3221 1.182882
3222 1.183398
3223 1.182866
3224 1.182980
3225 1.183236
3226 1.183882
3227 1.183208
3228 1.183058
3229 1.183142
3230 1.182928
3231 1.182954
3232 1.182848
3233 1.182708
3234 1.183192
3235 1.183366
3236 1.183962
3237 1.183404
3238 1.183106
3239 1.182454
3240 1.182326
3241 1.182496
3242 1.182534
3243 1.182238
3244 1.182502
3245 1.183066
3246 1.182712
3247 1.181818
3248 1.181926
3249 1.182056
3250 1.181756
3251 1.181584
3252 1.182124
3253 1.182806
3254 1.182530
3255 1.182358
3256 1.182016
3257 1.181948
3258 1.181984
3259 1.181900
3260 1.181110
3261 1.181142
3262 1.181336
3263 1.181710
3264 1.182200
3265 1.182592
3266 1.182220
3267 1.181830
3268 1.181190
3269 1.181084
3270 1.180810
3271 1.180774
3272 1.181010
3273 1.181240
3274 1.181126
3275 1.180956
3276 1.180896
3277 1.180764
3278 1.180122
3279 1.180286
3280 1.179982
3281 1.180078
3282 1.179982
3283 1.180394
3284 1.180742
3285 1.180750
3286 1.180948
3287 1.180330
3288 1.179880
3289 1.179976
3290 1.180952
3291 1.181256
3292 1.180782
3293 1.181102
3294 1.180548
3295 1.180636
3296 1.180022
3297 1.180238
3298 1.180766
3299 1.180356
3300 1.180296
3301 1.180120
3302 1.180394
3303 1.180108
3304 1.180602
3305 1.180356
3306 1.180608
3307 1.181160
3308 1.180546
3309 1.180524
3310 1.180182
3311 1.180038
3312 1.180208
3313 1.181042
3314 1.181650
3315 1.182476
3316 1.181878
3317 1.182094
3318 1.182544
3319 1.182110
3320 1.182036
3321 1.181712
3322 1.181964
3323 1.182430
3324 1.182360
3325 1.182278
3326 1.182772
3327 1.182824
3328 1.182830
3329 1.182408
3330 1.182318
3331 1.182812
3332 1.182742
3333 1.182748
3334 1.182676
3335 1.181976
3336 1.182156
3337 1.182416
3338 1.181876
3339 1.182014
3340 1.182586
3341 1.182908
3342 1.183266
3343 1.183356
3344 1.183868
3345 1.184250
3346 1.184352
3347 1.184430
3348 1.184222
3349 1.183986
3350 1.183804
3351 1.184022
3352 1.183814
3353 1.183602
3354 1.183884
3355 1.183414
3356 1.183174
3357 1.182824
3358 1.182864
3359 1.182554
3360 1.183282
3361 1.182528
3362 1.182500
3363 1.182342
3364 1.181810
3365 1.181304
3366 1.181886
3367 1.181830
3368 1.181756
3369 1.181412
3370 1.182216
3371 1.182342
3372 1.182490
3373 1.182834
3374 1.182540
3375 1.182590
3376 1.182454
3377 1.183208
3378 1.183398
3379 1.183318
3380 1.183476
3381 1.183590
3382 1.183298
3383 1.182768
3384 1.182188
3385 1.182278
3386 1.182478
3387 1.182384
3388 1.182442
3389 1.183352
3390 1.183168
3391 1.183520
3392 1.183064
3393 1.182794
3394 1.182444
3395 1.182022
3396 1.181958
3397 1.182268
3398 1.182488
3399 1.182658
3400 1.181898
3401 1.181894
3402 1.181736
3403 1.181270
3404 1.181542
3405 1.182122
3406 1.181192
3407 1.181314
3408 1.181122
3409 1.180910
3410 1.181276
3411 1.181428
3412 1.182310
3413 1.181610
3414 1.181956
3415 1.182434
3416 1.182646
3417 1.183424
3418 1.183684
3419 1.184484
3420 1.184246
3421 1.184468
3422 1.184312
3423 1.184086
3424 1.184330
3425 1.184486
3426 1.184300
3427 1.184260
3428 1.184360
3429 1.184196
3430 1.184276
3431 1.184156
3432 1.184742
3433 1.184812
3434 1.184928
3435 1.184864
3436 1.184798
3437 1.184856
3438 1.185314
3439 1.184936
3440 1.184330
3441 1.184792
3442 1.184636
3443 1.184500
3444 1.184958
3445 1.185170
3446 1.184806
3447 1.184828
3448 1.183946
3449 1.184212
3450 1.184208
3451 1.184384
3452 1.184764
3453 1.184820
3454 1.184760
3455 1.184494
3456 1.184742
3457 1.185236
3458 1.185206
3459 1.185182
3460 1.185472
3461 1.185154
3462 1.184726
3463 1.184980
3464 1.185210
3465 1.184504
3466 1.184848
3467 1.184518
3468 1.184932
3469 1.185800
3470 1.185578
3471 1.185418
3472 1.185850
3473 1.186576
3474 1.186524
3475 1.186228
3476 1.186532
3477 1.187192
3478 1.187260
3479 1.187362
3480 1.187624
3481 1.187874
3482 1.188164
3483 1.187774
3484 1.187092
3485 1.187004
3486 1.186310
3487 1.186926
3488 1.187090
3489 1.187238
3490 1.186762
3491 1.186448
3492 1.185866
3493 1.186222
3494 1.185706
3495 1.185732
3496 1.185836
3497 1.185352
3498 1.184482
3499 1.184416
3500 1.184502
3501 1.184762


Active cycles: 2000
k_mean: 1.182876
k_stddev(cycle): 0.001547
k_stderr(mean): 0.000035
