1 0.591214
2 1.078106
3 1.111685
4 1.129188
5 1.139181
6 1.150459
7 1.158082
8 1.162667
9 1.166137
10 1.170732
11 1.171029
12 1.174499
13 1.175045
14 1.177547
15 1.177159
16 1.178119
17 1.179917
18 1.179101
19 1.180347
20 1.179861
21 1.180270
22 1.181394
23 1.181178
24 1.180515
25 1.179994
26 1.180519
27 1.182047
28 1.180752
29 1.179951
30 1.179625
31 1.179346
32 1.180779
33 1.179808
34 1.180947
35 1.181001
36 1.181456
37 1.180460
38 1.180986
39 1.181930
40 1.181762
41 1.182444
42 1.181837
43 1.181145
44 1.182485
45 1.181523
46 1.182442
47 1.182179
48 1.181611
49 1.183608
50 1.180940
51 1.180836
52 1.182376
53 1.182260
54 1.179772
55 1.181187
56 1.183306
57 1.181658
58 1.181216
59 1.181407
60 1.180227
61 1.183117
62 1.182298
63 1.180994
64 1.182500
65 1.182221
66 1.182265
67 1.180308
68 1.180939
69 1.182923
70 1.181658
71 1.181899
72 1.182479
73 1.183213
74 1.184469
75 1.182301
76 1.184445
77 1.182130
78 1.182493
79 1.183301
80 1.182493
81 1.181005
82 1.182006
83 1.184782
84 1.183146
85 1.183843
86 1.182039
87 1.183009
88 1.181661
89 1.184138
90 1.183368
91 1.182696
92 1.183955
93 1.183080
94 1.181925
95 1.183556
96 1.181768
97 1.183794
98 1.183140
99 1.182420
100 1.182254
101 1.183230
102 1.183212
103 1.182136
104 1.182784
105 1.183539
106 1.182264
107 1.181776
108 1.182616
109 1.183247
110 1.182336
111 1.180369
112 1.182606
113 1.183778
114 1.183380
115 1.184872
116 1.183896
117 1.181610
118 1.183919
119 1.182195
120 1.181773
121 1.183581
122 1.182908
123 1.182539
124 1.180759
125 1.182106
126 1.183712
127 1.180518
128 1.181366
129 1.182670
130 1.181979
131 1.183360
132 1.183525
133 1.182291
134 1.182911
135 1.183356
136 1.181553
137 1.184577
138 1.183699
139 1.181983
140 1.181542
141 1.183356
142 1.183096
143 1.183915
144 1.181733
145 1.182697
146 1.183710
147 1.183887
148 1.183691
149 1.182105
150 1.183099
151 1.182121
152 1.183737
153 1.184192
154 1.182850
155 1.181347
156 1.181273
157 1.182117
158 1.182400
159 1.184094
160 1.183448
161 1.183181
162 1.183115
163 1.183820
164 1.182390
165 1.183856
166 1.184161
167 1.183250
168 1.182507
169 1.183198
170 1.184901
171 1.184359
172 1.182162
173 1.184206
174 1.184845
175 1.183472
176 1.183972
177 1.183164
178 1.183739
179 1.183987
180 1.186334
181 1.184514
182 1.186707
183 1.183227
184 1.184609
185 1.181908
186 1.184907
187 1.181957
188 1.184337
189 1.183702
190 1.183669
191 1.182808
192 1.184390
193 1.183585
194 1.182842
195 1.182788
196 1.182582
197 1.183173
198 1.183328
199 1.183160
200 1.183038
201 1.183165
202 1.181952
203 1.184278
204 1.183252
205 1.180939
206 1.182137
207 1.182238
208 1.183625
209 1.182379
210 1.182849
211 1.183650
212 1.182411
213 1.183480
214 1.183035
215 1.182494
216 1.183431
217 1.183907
218 1.182594
219 1.182763
220 1.182927
221 1.183441
222 1.184396
223 1.183824
224 1.183319
225 1.183774
226 1.184908
227 1.184227
228 1.183635
229 1.182873
230 1.183303
231 1.182421
232 1.184037
233 1.182639
234 1.183322
235 1.183087
236 1.184453
237 1.182765
238 1.182381
239 1.182925
240 1.184431
241 1.183315
242 1.184049
243 1.184424
244 1.182739
245 1.183047
246 1.183804
247 1.182096
248 1.183673
249 1.183637
250 1.181600
251 1.183436
252 1.184258
253 1.183427
254 1.184450
255 1.184556
256 1.182011
257 1.183553
258 1.184596
259 1.183222
260 1.183956
261 1.183095
262 1.183845
263 1.183722
264 1.182051
265 1.183813
266 1.182375
267 1.183455
268 1.182456
269 1.182224
270 1.181699
271 1.182882
272 1.184531
273 1.183846
274 1.184950
275 1.184957
276 1.183217
277 1.182901
278 1.183882
279 1.183085
280 1.183273
281 1.182998
282 1.182264
283 1.182346
284 1.181994
285 1.182424
286 1.181833
287 1.181251
288 1.183541
289 1.183402
290 1.183323
291 1.183185
292 1.183137
293 1.183539
294 1.182086
295 1.183722
296 1.182663
297 1.184751
298 1.182536
299 1.183502
300 1.184164
301 1.183430
302 1.181293
303 1.181688
304 1.182857
305 1.180287
306 1.183107
307 1.181828
308 1.183243
309 1.182277
310 1.183113
311 1.183848
312 1.182028
313 1.184041
314 1.181723
315 1.181478
316 1.183922
317 1.184076
318 1.183909
319 1.182770
320 1.181929
321 1.182842
322 1.183057
323 1.183147
324 1.182461
325 1.182771
326 1.181627
327 1.184887
328 1.184332
329 1.183894
330 1.181354
331 1.182640
332 1.182341
333 1.182436
334 1.183467
335 1.183737
336 1.182927
337 1.184791
338 1.183753
339 1.184150
340 1.181826
341 1.182832
342 1.183631
343 1.182692
344 1.181630
345 1.184186
346 1.183246
347 1.182914
348 1.184782
349 1.183091
350 1.184195
351 1.184329
352 1.184402
353 1.183896
354 1.182316
355 1.182135
356 1.181950
357 1.182185
358 1.182983
359 1.182743
360 1.181213
361 1.183805
362 1.182627
363 1.183686
364 1.183879
365 1.182534
366 1.182580
367 1.182942
368 1.183936
369 1.182458
370 1.183073
371 1.183988
372 1.183085
373 1.183871
374 1.182806
375 1.183281
376 1.182411
377 1.183896
378 1.182498
379 1.183367
380 1.183904
381 1.183272
382 1.184289
383 1.182959
384 1.183021
385 1.183092
386 1.183063
387 1.183222
388 1.182430
389 1.183240
390 1.182804
391 1.182709
392 1.182084
393 1.184147
394 1.183067
395 1.186087
396 1.182556
397 1.184077
398 1.183704
399 1.182652
400 1.182288
401 1.181392
402 1.184768
403 1.183210
404 1.184272
405 1.182321
406 1.183339
407 1.183088
408 1.182260
409 1.182813
410 1.185278
411 1.184330
412 1.182808
413 1.182994
414 1.183295
415 1.184387
416 1.183683
417 1.183849
418 1.183624
419 1.185537
420 1.182552
421 1.183613
422 1.182926
423 1.183486
424 1.183223
425 1.183598
426 1.184180
427 1.182354
428 1.182604
429 1.181807
430 1.184360
431 1.182146
432 1.183978
433 1.182971
434 1.183119
435 1.183106
436 1.182959
437 1.183325
438 1.182981
439 1.182952
440 1.182840
441 1.183651
442 1.182819
443 1.183615
444 1.183608
445 1.180680
446 1.182580
447 1.182937
448 1.183519
449 1.183167
450 1.182922
451 1.182924
452 1.183184
453 1.183452
454 1.184142
455 1.181987
456 1.183238
457 1.183325
458 1.182431
459 1.183397
460 1.183783
461 1.184259
462 1.182783
463 1.184655
464 1.183088
465 1.183365
466 1.182329
467 1.182482
468 1.184260
469 1.184286
470 1.183441
471 1.182531
472 1.182986
473 1.181722
474 1.184362
475 1.182883
476 1.184053
477 1.182746
478 1.182045
479 1.183898
480 1.181680
481 1.182655
482 1.183065
483 1.184318
484 1.181869
485 1.183412
486 1.182091
487 1.182023
488 1.184276
489 1.181927
490 1.183072
491 1.183212
492 1.183118
493 1.183073
494 1.182903
495 1.183634
496 1.183750
497 1.182946
498 1.183198
499 1.182712
500 1.185215
501 1.181819


Active cycles: 300
k_mean: 1.183157
k_stddev(cycle): 0.000887
k_stderr(mean): 0.000051
Difference with the reference K: -0.000653, Per cent error: -0.055155
Reactivity(rho): 0.154804, pcm difference: -46.616690
Total Time: 412.851584seconds. Average: 0.824055 seconds per cycle.
