1 1.183810
2 1.383258
3 1.579173
4 1.772483
5 1.963271
6 2.151058
7 2.335223
8 2.514720
9 2.688792
10 2.857050
11 3.018760
12 3.173465
13 3.320902
14 3.461186
15 3.594082
16 3.719899
17 3.838843
18 3.951309
19 4.057636
20 4.157915
21 4.252414
22 4.341533
23 4.425675
24 4.505093
25 4.580224
26 4.651309
27 4.718686
28 4.782652
29 4.843199
30 4.900867
31 4.955765
32 5.008219
33 5.058093
34 5.105637
35 5.151066
36 5.194485
37 5.236054
38 5.276000
39 5.314384
40 5.351169
41 5.386472
42 5.420401
43 5.453091
44 5.484646
45 5.515059
46 5.544385
47 5.572787
48 5.600294
49 5.626856
50 5.652644
51 5.677694
52 5.701949
53 5.725555
54 5.748494
55 5.770787
56 5.792508
57 5.813696
58 5.834339
59 5.854463
60 5.874057
61 5.893209
62 5.911877
63 5.930103
64 5.947896
65 5.965266
66 5.982265
67 5.998876
68 6.015112
69 6.031000
70 6.046561
71 6.061802
72 6.076722
73 6.091329
74 6.105618
75 6.119599
76 6.133316
77 6.146760
78 6.159941
79 6.172864
80 6.185565
81 6.198041
82 6.210267
83 6.222274
84 6.234070
85 6.245635
86 6.256983
87 6.268140
88 6.279093
89 6.289856
90 6.300423
91 6.310798
92 6.320993
93 6.331009
94 6.340840
95 6.350489
96 6.359981
97 6.369304
98 6.378467
99 6.387465
100 6.396299
101 6.404987
102 6.413518
103 6.421900
104 6.430134
105 6.438240
106 6.446208
107 6.454047
108 6.461770
109 6.469361
110 6.476829
111 6.484173
112 6.491390
113 6.498490
114 6.505470
115 6.512337
116 6.519096
117 6.525753
118 6.532307
119 6.538754
120 6.545104
121 6.551356
122 6.557502
123 6.563547
124 6.569490
125 6.575338
126 6.581091
127 6.586757
128 6.592347
129 6.597848
130 6.603266
131 6.608592
132 6.613834
133 6.618991
134 6.624068
135 6.629073
136 6.633996
137 6.638831
138 6.643584
139 6.648255
140 6.652851
141 6.657371
142 6.661811
143 6.666180
144 6.670478
145 6.674703
146 6.678865
147 6.682962
148 6.686990
149 6.690950
150 6.694848
151 6.698687
152 6.702465
153 6.706179
154 6.709835
155 6.713434
156 6.716976
157 6.720461
158 6.723894
159 6.727273
160 6.730599
161 6.733871
162 6.737092
163 6.740262
164 6.743381
165 6.746453
166 6.749476
167 6.752452
168 6.755380
169 6.758262
170 6.761098
171 6.763889
172 6.766637
173 6.769341
174 6.772001
175 6.774616
176 6.777191
177 6.779727
178 6.782224
179 6.784680
180 6.787098
181 6.789480
182 6.791825
183 6.794133
184 6.796406
185 6.798643
186 6.800845
187 6.803011
188 6.805145
189 6.807247
190 6.809317
191 6.811355
192 6.813362
193 6.815350
194 6.817308
195 6.819235
196 6.821131
197 6.822997
198 6.824835
199 6.826643
200 6.828421
201 6.830169
202 6.831890
203 6.833584
204 6.835251
205 6.836892
206 6.838510
207 6.840103
208 6.841672
209 6.843216
210 6.844735
211 6.846231
212 6.847700
213 6.849146
214 6.850569
215 6.851970
216 6.853349
217 6.854706
218 6.856043
219 6.857359
220 6.858656
221 6.859933
222 6.861189
223 6.862427
224 6.863646
225 6.864845
226 6.866036
227 6.867209
228 6.868364
229 6.869503
230 6.870624
231 6.871729
232 6.872818
233 6.873891
234 6.874945
235 6.875984
236 6.877007
237 6.878014
238 6.879003
239 6.879978
240 6.880938
241 6.881883
242 6.882814
243 6.883730
244 6.884634
245 6.885523
246 6.886400
247 6.887262
248 6.888111
249 6.888947
250 6.889770
251 6.890581
252 6.891379
253 6.892164
254 6.892938
255 6.893701
256 6.894451
257 6.895189
258 6.895917
259 6.896633
260 6.897338
261 6.898033
262 6.898717
263 6.899390
264 6.900053
265 6.900706
266 6.901348
267 6.901980
268 6.902601
269 6.903214
270 6.903817
271 6.904411
272 6.904996
273 6.905571
274 6.906138
275 6.906696
276 6.907246
277 6.907788
278 6.908322
279 6.908847
280 6.909365
281 6.909875
282 6.910377
283 6.910872
284 6.911359
285 6.911839
286 6.912311
287 6.912776
288 6.913233
289 6.913682
290 6.914125
291 6.914561
292 6.914990
293 6.915413
294 6.915829
295 6.916239
296 6.916643
297 6.917040
298 6.917432
299 6.917818
300 6.918198
301 6.918572
302 6.918941
303 6.919304
304 6.919661
305 6.920013
306 6.920359
307 6.920700
308 6.921036
309 6.921368
310 6.921694
311 6.922015
312 6.922332
313 6.922644
314 6.922951
315 6.923254
316 6.923552
317 6.923845
318 6.924134
319 6.924418
320 6.924697
321 6.924972
322 6.925243
323 6.925510
324 6.925773
325 6.926032
326 6.926287
327 6.926538
328 6.926785
329 6.927029
330 6.927269
331 6.927505
332 6.927737
333 6.927966
334 6.928192
335 6.928414
336 6.928633
337 6.928848
338 6.929060
339 6.929270
340 6.929476
341 6.929679
342 6.929880
343 6.930077
344 6.930271
345 6.930463
346 6.930652
347 6.930839
348 6.931022
349 6.931203
350 6.931381
351 6.931556
352 6.931729
353 6.931899
354 6.932066
355 6.932231
356 6.932394
357 6.932554
358 6.932712
359 6.932867
360 6.933020
361 6.933171
362 6.933319
363 6.933465
364 6.933608
365 6.933750
366 6.933889
367 6.934026
368 6.934161
369 6.934294
370 6.934425
371 6.934553
372 6.934680
373 6.934805
374 6.934928
375 6.935049
376 6.935169
377 6.935286
378 6.935402
379 6.935516
380 6.935628
381 6.935739
382 6.935848
383 6.935955
384 6.936061
385 6.936165
386 6.936268
387 6.936369
388 6.936468
389 6.936566
390 6.936663
391 6.936758
392 6.936852
393 6.936945
394 6.937036
395 6.937125
396 6.937214
397 6.937301
398 6.937387
399 6.937471
400 6.937554
401 6.937636
402 6.937716
403 6.937796
404 6.937874
405 6.937951
406 6.938027
407 6.938101
408 6.938175
409 6.938248
410 6.938319
411 6.938389
412 6.938459
413 6.938527
414 6.938595
415 6.938661
416 6.938726
417 6.938790
418 6.938854
419 6.938916
420 6.938978
421 6.939039
422 6.939098
423 6.939157
424 6.939215
425 6.939272
426 6.939328
427 6.939384
428 6.939438
429 6.939492
430 6.939545
431 6.939597
432 6.939649
433 6.939699
434 6.939749
435 6.939798
436 6.939847
437 6.939895
438 6.939942
439 6.939988
440 6.940034
441 6.940079
442 6.940123
443 6.940167
444 6.940210
445 6.940252
446 6.940294
447 6.940335
448 6.940376
449 6.940416
450 6.940455
451 6.940494
452 6.940532
453 6.940569
454 6.940606
455 6.940643
456 6.940679
457 6.940714
458 6.940749
459 6.940783
460 6.940816
461 6.940850
462 6.940882
463 6.940915
464 6.940946
465 6.940978
466 6.941008
467 6.941039
468 6.941069
469 6.941098
470 6.941127
471 6.941156
472 6.941184
473 6.941211
474 6.941239
475 6.941265
476 6.941292
477 6.941318
478 6.941344
479 6.941369
480 6.941394
481 6.941418
482 6.941442
483 6.941466
484 6.941490
485 6.941513
486 6.941535
487 6.941558
488 6.941580
489 6.941602
490 6.941623
491 6.941644
492 6.941665
493 6.941685
494 6.941705
495 6.941725
496 6.941744
497 6.941763
498 6.941782
499 6.941801
500 6.941819
501 6.941837
502 6.941855
503 6.941872
504 6.941889
505 6.941906
506 6.941923
507 6.941939
508 6.941956
509 6.941971
510 6.941987
511 6.942003
512 6.942018
513 6.942033
514 6.942047
515 6.942062
516 6.942076
517 6.942090
518 6.942104
519 6.942118
520 6.942131
521 6.942144
522 6.942158
523 6.942170
524 6.942183
525 6.942196
526 6.942208
527 6.942220
528 6.942232
529 6.942244
530 6.942255
531 6.942267
532 6.942278
533 6.942289
534 6.942300
535 6.942311
536 6.942321
537 6.942332
538 6.942342
539 6.942352
540 6.942362
541 6.942372
542 6.942381
543 6.942391
544 6.942400
545 6.942409
546 6.942419
547 6.942427
548 6.942436
549 6.942445
550 6.942453
551 6.942462
552 6.942470
553 6.942478
554 6.942486
555 6.942494
556 6.942502
557 6.942510
558 6.942517
559 6.942525
560 6.942532
561 6.942539
562 6.942546
563 6.942553
564 6.942560
565 6.942567
566 6.942574
567 6.942580
568 6.942587
569 6.942593
570 6.942599
571 6.942605
572 6.942612
573 6.942618
574 6.942623
575 6.942629
576 6.942635
577 6.942641
578 6.942646
579 6.942652
580 6.942657
581 6.942662
582 6.942668
583 6.942673
584 6.942678
585 6.942683
586 6.942688
587 6.942692
588 6.942697
589 6.942702
590 6.942706
591 6.942711
592 6.942715
593 6.942720
594 6.942724
595 6.942728
596 6.942733
597 6.942737
598 6.942741
599 6.942745
600 6.942749
601 6.942753
602 6.942757
603 6.942761
604 6.942764
605 6.942768
606 6.942772
607 6.942775
608 6.942779
609 6.942782
610 6.942786
611 6.942789
612 6.942792
613 6.942796
614 6.942799
615 6.942802
616 6.942805
617 6.942808
618 6.942811
619 6.942814
620 6.942817
621 6.942820
622 6.942823
623 6.942826
624 6.942829
625 6.942831
626 6.942834
627 6.942837
628 6.942839
629 6.942842
630 6.942844
631 6.942847
632 6.942849
633 6.942852
634 6.942854
635 6.942856
636 6.942859
637 6.942861
638 6.942863
639 6.942865
640 6.942868
641 6.942870
642 6.942872
643 6.942874
644 6.942876
645 6.942878
646 6.942880
647 6.942882
648 6.942884
649 6.942886
650 6.942888
651 6.942889
652 6.942891
653 6.942893
654 6.942895
655 6.942896
656 6.942898
657 6.942900
658 6.942901
659 6.942903
660 6.942905
661 6.942906
662 6.942908
663 6.942909
664 6.942911
665 6.942912
666 6.942914
667 6.942915
668 6.942917
669 6.942918
670 6.942919
671 6.942921
672 6.942922
673 6.942923
674 6.942925
675 6.942926
676 6.942927
677 6.942928
678 6.942929
679 6.942931
680 6.942932
681 6.942933
682 6.942934
683 6.942935
684 6.942936
685 6.942937
686 6.942939
687 6.942940
688 6.942941
689 6.942942
690 6.942943
691 6.942944
692 6.942945
693 6.942946
694 6.942947
695 6.942947
696 6.942948
697 6.942949
698 6.942950
699 6.942951
700 6.942952
701 6.942953
702 6.942954
703 6.942954
704 6.942955
705 6.942956
706 6.942957
707 6.942958
708 6.942958
709 6.942959
710 6.942960
711 6.942961
712 6.942961
713 6.942962
714 6.942963
715 6.942963
716 6.942964
717 6.942965
718 6.942966
719 6.942966
720 6.942967
721 6.942967
722 6.942968
723 6.942969
724 6.942969
725 6.942970
726 6.942970
727 6.942971
728 6.942972
729 6.942972
730 6.942973
731 6.942973
732 6.942974
733 6.942974
734 6.942975
735 6.942975
736 6.942976
737 6.942976
738 6.942977
739 6.942977
740 6.942978
741 6.942978
742 6.942979
743 6.942979
744 6.942980
745 6.942980
746 6.942980
747 6.942981
748 6.942981
749 6.942982
750 6.942982
751 6.942983
752 6.942983
753 6.942983
754 6.942984
755 6.942984
756 6.942984
757 6.942985
758 6.942985
759 6.942986
760 6.942986
761 6.942986
762 6.942987
763 6.942987
764 6.942987
765 6.942988
766 6.942988
767 6.942988
768 6.942989
769 6.942989
770 6.942989
771 6.942989
772 6.942990
773 6.942990
774 6.942990
775 6.942991
776 6.942991
777 6.942991
778 6.942991
779 6.942992
780 6.942992
781 6.942992
782 6.942992
783 6.942993
784 6.942993
785 6.942993
786 6.942993
787 6.942994
788 6.942994
789 6.942994
790 6.942994
791 6.942995
792 6.942995
793 6.942995
794 6.942995
795 6.942995
796 6.942996
797 6.942996
798 6.942996
799 6.942996
800 6.942996
801 6.942997
802 6.942997
803 6.942997
804 6.942997
805 6.942997
806 6.942998
807 6.942998
808 6.942998
809 6.942998
810 6.942998
811 6.942998
812 6.942999
813 6.942999
814 6.942999
815 6.942999
816 6.942999
817 6.942999
818 6.942999
819 6.943000
820 6.943000
821 6.943000
822 6.943000
823 6.943000
824 6.943000
825 6.943000
826 6.943001
827 6.943001
828 6.943001
829 6.943001
830 6.943001
831 6.943001
832 6.943001
833 6.943001
834 6.943002
835 6.943002
836 6.943002
837 6.943002
838 6.943002
839 6.943002
840 6.943002
841 6.943002
842 6.943002
843 6.943003
844 6.943003
845 6.943003
846 6.943003
847 6.943003
848 6.943003
849 6.943003
850 6.943003
851 6.943003
852 6.943003
853 6.943003
854 6.943004
855 6.943004
856 6.943004
857 6.943004
858 6.943004
859 6.943004
860 6.943004
861 6.943004
862 6.943004
863 6.943004
864 6.943004
865 6.943004
866 6.943004
867 6.943005
868 6.943005
869 6.943005
870 6.943005
871 6.943005
872 6.943005
873 6.943005
874 6.943005
875 6.943005
876 6.943005
877 6.943005
878 6.943005
879 6.943005
880 6.943005
881 6.943005
882 6.943005
883 6.943006
884 6.943006
885 6.943006
886 6.943006
887 6.943006
888 6.943006
889 6.943006
890 6.943006
891 6.943006
892 6.943006
893 6.943006
894 6.943006
895 6.943006
896 6.943006
897 6.943006
898 6.943006
899 6.943006
900 6.943006
901 6.943006
902 6.943006
903 6.943006
904 6.943007
905 6.943007
906 6.943007
907 6.943007
908 6.943007
909 6.943007
910 6.943007
911 6.943007
912 6.943007
913 6.943007
914 6.943007
915 6.943007
916 6.943007
917 6.943007
918 6.943007
919 6.943007
920 6.943007
921 6.943007
922 6.943007
923 6.943007
924 6.943007
925 6.943007
926 6.943007
927 6.943007
928 6.943007
929 6.943007
930 6.943007
931 6.943007
932 6.943007
933 6.943007
934 6.943007
935 6.943007
936 6.943008
937 6.943008
938 6.943008
939 6.943008
940 6.943008
941 6.943008
942 6.943008
943 6.943008
944 6.943008
945 6.943008
946 6.943008
947 6.943008
948 6.943008
949 6.943008
950 6.943008
951 6.943008
952 6.943008
953 6.943008
954 6.943008
955 6.943008
956 6.943008
957 6.943008
958 6.943008
959 6.943008
960 6.943008
961 6.943008
962 6.943008
963 6.943008
964 6.943008
965 6.943008
966 6.943008
967 6.943008
968 6.943008
969 6.943008
970 6.943008
971 6.943008
972 6.943008
973 6.943008
974 6.943008
975 6.943008
976 6.943008
977 6.943008
978 6.943008
979 6.943008
980 6.943008
981 6.943008
982 6.943008
983 6.943008
984 6.943008
985 6.943008
986 6.943008
987 6.943008
988 6.943008
989 6.943008
990 6.943008
991 6.943008
992 6.943008
993 6.943008
994 6.943008
995 6.943008
996 6.943008
997 6.943008
998 6.943008
999 6.943008
1000 6.943008
1001 6.943009
1002 6.943009
1003 6.943009
1004 6.943009
1005 6.943009
1006 6.943009
1007 6.943009
1008 6.943009
1009 6.943009
1010 6.943009
1011 6.943009
1012 6.943009
1013 6.943009
1014 6.943009
1015 6.943009
1016 6.943009
1017 6.943009
1018 6.943009
1019 6.943009
1020 6.943009
1021 6.943009
1022 6.943009
1023 6.943009
1024 6.943009
1025 6.943009
1026 6.943009
1027 6.943009
1028 6.943009
1029 6.943009
1030 6.943009
1031 6.943009
1032 6.943009
1033 6.943009
1034 6.943009
1035 6.943009
1036 6.943009
1037 6.943009
1038 6.943009
1039 6.943009
1040 6.943009
1041 6.943009
1042 6.943009
1043 6.943009
1044 6.943009
1045 6.943009
1046 6.943009
1047 6.943009
1048 6.943009
1049 6.943009
1050 6.943009
1051 6.943009
1052 6.943009
1053 6.943009
1054 6.943009
1055 6.943009
1056 6.943009
1057 6.943009
1058 6.943009
1059 6.943009
1060 6.943009
1061 6.943009
1062 6.943009
1063 6.943009
1064 6.943009
1065 6.943009
1066 6.943009
1067 6.943009
1068 6.943009
1069 6.943009
1070 6.943009
1071 6.943009
1072 6.943009
1073 6.943009
1074 6.943009
1075 6.943009
1076 6.943009
1077 6.943009
1078 6.943009
1079 6.943009
1080 6.943009
1081 6.943009
1082 6.943009
1083 6.943009
1084 6.943009
1085 6.943009
1086 6.943009
1087 6.943009
1088 6.943009
1089 6.943009
1090 6.943009
1091 6.943009
1092 6.943009
1093 6.943009
1094 6.943009
1095 6.943009
1096 6.943009
1097 6.943009
1098 6.943009
1099 6.943009
1100 6.943009
1101 6.943009
1102 6.943009
1103 6.943009
1104 6.943009
1105 6.943009
1106 6.943009
1107 6.943009
1108 6.943009
1109 6.943009
1110 6.943009
1111 6.943009
1112 6.943009
1113 6.943009
1114 6.943009
1115 6.943009
1116 6.943009
1117 6.943009
1118 6.943009
1119 6.943009
1120 6.943009
1121 6.943009
1122 6.943009
1123 6.943009
1124 6.943009
1125 6.943009
1126 6.943009
1127 6.943009
1128 6.943009
1129 6.943009
1130 6.943009
1131 6.943009
1132 6.943009
1133 6.943009
1134 6.943009
1135 6.943009
1136 6.943009
1137 6.943009
1138 6.943009
1139 6.943009
1140 6.943009
1141 6.943009
1142 6.943009
1143 6.943009
1144 6.943009
1145 6.943009
1146 6.943009
1147 6.943009
1148 6.943009
1149 6.943009
1150 6.943009
1151 6.943009
1152 6.943009
1153 6.943009
1154 6.943009
1155 6.943009
1156 6.943009
1157 6.943009
1158 6.943009
1159 6.943009
1160 6.943009
1161 6.943009
1162 6.943009
1163 6.943009
1164 6.943009
1165 6.943009
1166 6.943009
1167 6.943009
1168 6.943009
1169 6.943009
1170 6.943009
1171 6.943009
1172 6.943009
1173 6.943009
1174 6.943009
1175 6.943009
1176 6.943009
1177 6.943009
1178 6.943009
1179 6.943009
1180 6.943009
1181 6.943009
1182 6.943009
1183 6.943009
1184 6.943009
1185 6.943009
1186 6.943009
1187 6.943009
1188 6.943009
1189 6.943009
1190 6.943009
1191 6.943009
1192 6.943009
1193 6.943009
1194 6.943009
1195 6.943009
1196 6.943009
1197 6.943009
1198 6.943009
1199 6.943009
1200 6.943009
1201 6.943009
1202 6.943009
1203 6.943009
1204 6.943009
1205 6.943009
1206 6.943009
1207 6.943009
1208 6.943009
1209 6.943009
1210 6.943009
1211 6.943009
1212 6.943009
1213 6.943009
1214 6.943009
1215 6.943009
1216 6.943009
1217 6.943009
1218 6.943009
1219 6.943009
1220 6.943009
1221 6.943009
1222 6.943009
1223 6.943009
1224 6.943009
1225 6.943009
1226 6.943009
1227 6.943009
1228 6.943009
1229 6.943009
1230 6.943009
1231 6.943009
1232 6.943009
1233 6.943009
1234 6.943009
1235 6.943009
1236 6.943009
1237 6.943009
1238 6.943009
1239 6.943009
1240 6.943009
1241 6.943009
1242 6.943009
1243 6.943009
1244 6.943009
1245 6.943009
1246 6.943009
1247 6.943009
1248 6.943009
1249 6.943009
1250 6.943009
1251 6.943009
1252 6.943009
1253 6.943009
1254 6.943009
1255 6.943009
1256 6.943009
1257 6.943009
1258 6.943009
1259 6.943009
1260 6.943009
1261 6.943009
1262 6.943009
1263 6.943009
1264 6.943009
1265 6.943009
1266 6.943009
1267 6.943009
1268 6.943009
1269 6.943009
1270 6.943009
1271 6.943009
1272 6.943009
1273 6.943009
1274 6.943009
1275 6.943009
1276 6.943009
1277 6.943009
1278 6.943009
1279 6.943009
1280 6.943009
1281 6.943009
1282 6.943009
1283 6.943009
1284 6.943009
1285 6.943009
1286 6.943009
1287 6.943009
1288 6.943009
1289 6.943009
1290 6.943009
1291 6.943009
1292 6.943009
1293 6.943009
1294 6.943009
1295 6.943009
1296 6.943009
1297 6.943009
1298 6.943009
1299 6.943009
1300 6.943009
1301 6.943009
1302 6.943009
1303 6.943009
1304 6.943009
1305 6.943009
1306 6.943009
1307 6.943009
1308 6.943009
1309 6.943009
1310 6.943009
1311 6.943009
1312 6.943009
1313 6.943009
1314 6.943009
1315 6.943009
1316 6.943009
1317 6.943009
1318 6.943009
1319 6.943009
1320 6.943009
1321 6.943009
1322 6.943009
1323 6.943009
1324 6.943009
1325 6.943009
1326 6.943009
1327 6.943009
1328 6.943009
1329 6.943009
1330 6.943009
1331 6.943009
1332 6.943009
1333 6.943009
1334 6.943009
1335 6.943009
1336 6.943009
1337 6.943009
1338 6.943009
1339 6.943009
1340 6.943009
1341 6.943009
1342 6.943009
1343 6.943009
1344 6.943009
1345 6.943009
1346 6.943009
1347 6.943009
1348 6.943009
1349 6.943009
1350 6.943009
1351 6.943009
1352 6.943009
1353 6.943009
1354 6.943009
1355 6.943009
1356 6.943009
1357 6.943009
1358 6.943009
1359 6.943009
1360 6.943009
1361 6.943009
1362 6.943009
1363 6.943009
1364 6.943009
1365 6.943009
1366 6.943009
1367 6.943009
1368 6.943009
1369 6.943009
1370 6.943009
1371 6.943009
1372 6.943009
1373 6.943009
1374 6.943009
1375 6.943009
1376 6.943009
1377 6.943009
1378 6.943009
1379 6.943009
1380 6.943009
1381 6.943009
1382 6.943009
1383 6.943009
1384 6.943009
1385 6.943009
1386 6.943009
1387 6.943009
1388 6.943009
1389 6.943009
1390 6.943009
1391 6.943009
1392 6.943009
1393 6.943009
1394 6.943009
1395 6.943009
1396 6.943009
1397 6.943009
1398 6.943009
1399 6.943009
1400 6.943009
1401 6.943009
1402 6.943009
1403 6.943009
1404 6.943009
1405 6.943009
1406 6.943009
1407 6.943009
1408 6.943009
1409 6.943009
1410 6.943009
1411 6.943009
1412 6.943009
1413 6.943009
1414 6.943009
1415 6.943009
1416 6.943009
1417 6.943009
1418 6.943009
1419 6.943009
1420 6.943009
1421 6.943009
1422 6.943009
1423 6.943009
1424 6.943009
1425 6.943009
1426 6.943009
1427 6.943009
1428 6.943009
1429 6.943009
1430 6.943009
1431 6.943009
1432 6.943009
1433 6.943009
1434 6.943009
1435 6.943009
1436 6.943009
1437 6.943009
1438 6.943009
1439 6.943009
1440 6.943009
1441 6.943009
1442 6.943009
1443 6.943009
1444 6.943009
1445 6.943009
1446 6.943009
1447 6.943009
1448 6.943009
1449 6.943009
1450 6.943009
1451 6.943009
1452 6.943009
1453 6.943009
1454 6.943009
1455 6.943009
1456 6.943009
1457 6.943009
1458 6.943009
1459 6.943009
1460 6.943009
1461 6.943009
1462 6.943009
1463 6.943009
1464 6.943009
1465 6.943009
1466 6.943009
1467 6.943009
1468 6.943009
1469 6.943009
1470 6.943009
1471 6.943009
1472 6.943009
1473 6.943009
1474 6.943009
1475 6.943009
1476 6.943009
1477 6.943009
1478 6.943009
1479 6.943009
1480 6.943009
1481 6.943009
1482 6.943009
1483 6.943009
1484 6.943009
1485 6.943009
1486 6.943009
1487 6.943009
1488 6.943009
1489 6.943009
1490 6.943009
1491 6.943009
1492 6.943009
1493 6.943009
1494 6.943009
1495 6.943009
1496 6.943009
1497 6.943009
1498 6.943009
1499 6.943009
1500 6.943009
1501 6.943009
1502 6.943009
1503 6.943009
1504 6.943009
1505 6.943009
1506 6.943009
1507 6.943009
1508 6.943009
1509 6.943009
1510 6.943009
1511 6.943009
1512 6.943009
1513 6.943009
1514 6.943009
1515 6.943009
1516 6.943009
1517 6.943009
1518 6.943009
1519 6.943009
1520 6.943009
1521 6.943009
1522 6.943009
1523 6.943009
1524 6.943009
1525 6.943009
1526 6.943009
1527 6.943009
1528 6.943009
1529 6.943009
1530 6.943009
1531 6.943009
1532 6.943009
1533 6.943009
1534 6.943009
1535 6.943009
1536 6.943009
1537 6.943009
1538 6.943009
1539 6.943009
1540 6.943009
1541 6.943009
1542 6.943009
1543 6.943009
1544 6.943009
1545 6.943009
1546 6.943009
1547 6.943009
1548 6.943009
1549 6.943009
1550 6.943009
1551 6.943009
1552 6.943009
1553 6.943009
1554 6.943009
1555 6.943009
1556 6.943009
1557 6.943009
1558 6.943009
1559 6.943009
1560 6.943009
1561 6.943009
1562 6.943009
1563 6.943009
1564 6.943009
1565 6.943009
1566 6.943009
1567 6.943009
1568 6.943009
1569 6.943009
1570 6.943009
1571 6.943009
1572 6.943009
1573 6.943009
1574 6.943009
1575 6.943009
1576 6.943009
1577 6.943009
1578 6.943009
1579 6.943009
1580 6.943009
1581 6.943009
1582 6.943009
1583 6.943009
1584 6.943009
1585 6.943009
1586 6.943009
1587 6.943009
1588 6.943009
1589 6.943009
1590 6.943009
1591 6.943009
1592 6.943009
1593 6.943009
1594 6.943009
1595 6.943009
1596 6.943009
1597 6.943009
1598 6.943009
1599 6.943009
1600 6.943009
1601 6.943009
1602 6.943009
1603 6.943009
1604 6.943009
1605 6.943009
1606 6.943009
1607 6.943009
1608 6.943009
1609 6.943009
1610 6.943009
1611 6.943009
1612 6.943009
1613 6.943009
1614 6.943009
1615 6.943009
1616 6.943009
1617 6.943009
1618 6.943009
1619 6.943009
1620 6.943009
1621 6.943009
1622 6.943009
1623 6.943009
1624 6.943009
1625 6.943009
1626 6.943009
1627 6.943009
1628 6.943009
1629 6.943009
1630 6.943009
1631 6.943009
1632 6.943009
1633 6.943009
1634 6.943009
1635 6.943009
1636 6.943009
1637 6.943009
1638 6.943009
1639 6.943009
1640 6.943009
1641 6.943009
1642 6.943009
1643 6.943009
1644 6.943009
1645 6.943009
1646 6.943009
1647 6.943009
1648 6.943009
1649 6.943009
1650 6.943009
1651 6.943009
1652 6.943009
1653 6.943009
1654 6.943009
1655 6.943009
1656 6.943009
1657 6.943009
1658 6.943009
1659 6.943009
1660 6.943009
1661 6.943009
1662 6.943009
1663 6.943009
1664 6.943009
1665 6.943009
1666 6.943009
1667 6.943009
1668 6.943009
1669 6.943009
1670 6.943009
1671 6.943009
1672 6.943009
1673 6.943009
1674 6.943009
1675 6.943009
1676 6.943009
1677 6.943009
1678 6.943009
1679 6.943009
1680 6.943009
1681 6.943009
1682 6.943009
1683 6.943009
1684 6.943009
1685 6.943009
1686 6.943009
1687 6.943009
1688 6.943009
1689 6.943009
1690 6.943009
1691 6.943009
1692 6.943009
1693 6.943009
1694 6.943009
1695 6.943009
1696 6.943009
1697 6.943009
1698 6.943009
1699 6.943009
1700 6.943009
1701 6.943009
1702 6.943009
1703 6.943009
1704 6.943009
1705 6.943009
1706 6.943009
1707 6.943009
1708 6.943009
1709 6.943009
1710 6.943009
1711 6.943009
1712 6.943009
1713 6.943009
1714 6.943009
1715 6.943009
1716 6.943009
1717 6.943009
1718 6.943009
1719 6.943009
1720 6.943009
1721 6.943009
1722 6.943009
1723 6.943009
1724 6.943009
1725 6.943009
1726 6.943009
1727 6.943009
1728 6.943009
1729 6.943009
1730 6.943009
1731 6.943009
1732 6.943009
1733 6.943009
1734 6.943009
1735 6.943009
1736 6.943009
1737 6.943009
1738 6.943009
1739 6.943009
1740 6.943009
1741 6.943009
1742 6.943009
1743 6.943009
1744 6.943009
1745 6.943009
1746 6.943009
1747 6.943009
1748 6.943009
1749 6.943009
1750 6.943009
1751 6.943009
1752 6.943009
1753 6.943009
