1 0.989608
2 0.984324
3 0.982534
4 0.982410
5 0.982908
6 0.982816
7 0.981944
8 0.981718
9 0.980650
10 0.979254
11 0.977820
12 0.976666
13 0.975822
14 0.975126
15 0.975316
16 0.974806
17 0.973922
18 0.973706
19 0.973790
20 0.973926
21 0.974846
22 0.975248
23 0.975316
24 0.975758
25 0.976576
26 0.977010
27 0.977208
28 0.977844
29 0.979172
30 0.980572
31 0.981716
32 0.982746
33 0.984174
34 0.985982
35 0.987068
36 0.988144
37 0.989558
38 0.990686
39 0.992152
40 0.993920
41 0.995374
42 0.997028
43 0.998100
44 0.999606
45 1.001170
46 1.002890
47 1.004674
48 1.006786
49 1.008366
50 1.010348
51 1.012602
52 1.014278
53 1.016460
54 1.018542
55 1.020740
56 1.023074
57 1.025422
58 1.026990
59 1.028674
60 1.031054
61 1.032724
62 1.035048
63 1.036888
64 1.038496
65 1.039898
66 1.042216
67 1.044342
68 1.046346
69 1.047892
70 1.050236
71 1.052738
72 1.053934
73 1.055952
74 1.057800
75 1.059762
76 1.061464
77 1.063410
78 1.065288
79 1.066592
80 1.068034
81 1.069036
82 1.070836
83 1.072058
84 1.073550
85 1.075454
86 1.076872
87 1.079152
88 1.080856
89 1.083334
90 1.084888
91 1.086400
92 1.087950
93 1.089756
94 1.091228
95 1.092692
96 1.094744
97 1.096270
98 1.097932
99 1.099306
100 1.100880
101 1.101928
102 1.102980
103 1.104292
104 1.106464
105 1.107388
106 1.108310
107 1.109116
108 1.110332
109 1.111356
110 1.112728
111 1.114036
112 1.115660
113 1.116904
114 1.118472
115 1.120324
116 1.122448
117 1.122976
118 1.123470
119 1.124470
120 1.125552
121 1.126892
122 1.127738
123 1.128482
124 1.129410
125 1.130496
126 1.131658
127 1.132380
128 1.133828
129 1.134626
130 1.135350
131 1.136310
132 1.136930
133 1.137228
134 1.137678
135 1.138612
136 1.139674
137 1.140664
138 1.141042
139 1.141572
140 1.142444
141 1.143546
142 1.144012
143 1.144710
144 1.145832
145 1.147030
146 1.148016
147 1.148554
148 1.148824
149 1.149580
150 1.150376
151 1.150866
152 1.151434
153 1.152156
154 1.152502
155 1.153840
156 1.154458
157 1.154796
158 1.155490
159 1.155818
160 1.156744
161 1.157280
162 1.157374
163 1.158510
164 1.158694
165 1.159734
166 1.160968
167 1.160792
168 1.161208
169 1.162266
170 1.162732
171 1.162630
172 1.162378
173 1.163302
174 1.164040
175 1.165028
176 1.165014
177 1.165482
178 1.166540
179 1.166978
180 1.167302
181 1.167322
182 1.167802
183 1.167708
184 1.168078
185 1.168824
186 1.169300
187 1.169610
188 1.170322
189 1.170830
190 1.171586
191 1.172192
192 1.172722
193 1.172790
194 1.173054
195 1.173748
196 1.174436
197 1.174690
198 1.174552
199 1.175264
200 1.175426
201 1.175840
202 1.175740
203 1.176118
204 1.176672
205 1.177028
206 1.176668
207 1.176786
208 1.177174
209 1.177566
210 1.178000
211 1.178686
212 1.179494
213 1.179670
214 1.179342
215 1.180300
216 1.180866
217 1.181290
218 1.181854
219 1.182268
220 1.183028
221 1.182870
222 1.183862
223 1.184458
224 1.184682
225 1.184856
226 1.185498
227 1.186138
228 1.185498
229 1.186346
230 1.186500
231 1.186972
232 1.186640
233 1.185966
234 1.185844
235 1.186162
236 1.186196
237 1.185894
238 1.185924
239 1.185722
240 1.185722
241 1.185546
242 1.186700
243 1.186252
244 1.186242
245 1.186200
246 1.186196
247 1.186508
248 1.186164
249 1.186428
250 1.186380
251 1.186790
252 1.187526
253 1.186854
254 1.186930
255 1.187014
256 1.186870
257 1.186812
258 1.186620
259 1.186960
260 1.187418
261 1.187992
262 1.188160
263 1.187742
264 1.188142
265 1.188082
266 1.187996
267 1.188368
268 1.188508
269 1.189218
270 1.189190
271 1.189126
272 1.189098
273 1.189554
274 1.189320
275 1.189790
276 1.189766
277 1.189602
278 1.189846
279 1.190578
280 1.190524
281 1.190312
282 1.190428
283 1.190716
284 1.190448
285 1.190718
286 1.190520
287 1.190046
288 1.189796
289 1.189042
290 1.189916
291 1.190448
292 1.190534
293 1.190306
294 1.190198
295 1.190544
296 1.190370
297 1.191374
298 1.191364
299 1.191462
300 1.191160
301 1.191880
302 1.192244
303 1.193788
304 1.193598
305 1.193536
306 1.193308
307 1.192928
308 1.193104
309 1.193372
310 1.193412
311 1.193494
312 1.193418
313 1.193712
314 1.194152
315 1.193888
316 1.194390
317 1.194332
318 1.194510
319 1.195062
320 1.195572
321 1.196474
322 1.196034
323 1.195728
324 1