1 1.209168
2 1.076140
3 1.110305
4 1.129976
5 1.138140
6 1.145556
7 1.155628
8 1.163520
9 1.164840
10 1.171043
11 1.174130
12 1.169917
13 1.175372
14 1.174741
15 1.181483
16 1.179343
17 1.183250
18 1.179551
19 1.178765
20 1.181245
21 1.181638
22 1.178954
23 1.181745
24 1.181832
25 1.176974
26 1.180007
27 1.178687
28 1.174135
29 1.183094
30 1.183439
31 1.180187
32 1.180600
33 1.178833
34 1.179260
35 1.180813
36 1.177464
37 1.179401
38 1.180837
39 1.182080
40 1.183065
41 1.182201
42 1.177503
43 1.177755
44 1.184808
45 1.179546
46 1.179444
47 1.179566
48 1.179046
49 1.182823
50 1.177348
51 1.177969
52 1.181517
53 1.179478
54 1.182289
55 1.184584
56 1.180901
57 1.185230
58 1.177819
59 1.180871
60 1.180323
61 1.183983
62 1.183900
63 1.183808
64 1.183560
65 1.181760
66 1.182216
67 1.182609
68 1.181216
69 1.181041
70 1.183745
71 1.180668
72 1.180867
73 1.180954
74 1.182284
75 1.186351
76 1.180386
77 1.178372
78 1.183788
79 1.184162
80 1.183075
81 1.182347
82 1.183677
83 1.182444
84 1.186147
85 1.179071
86 1.178707
87 1.184245
88 1.182493
89 1.182109
90 1.179964
91 1.180969
92 1.184779
93 1.182604
94 1.180682
95 1.176955
96 1.181260
97 1.183818
98 1.183177
99 1.181711
100 1.183502
101 1.185089
102 1.179920
103 1.184594
104 1.178411
105 1.181235
106 1.182759
107 1.182391
108 1.180478
109 1.182813
110 1.184929
111 1.183143
112 1.186439
113 1.184177
114 1.182633
115 1.183216
116 1.187162
117 1.181779
118 1.182556
119 1.184055
120 1.182337
121 1.182886
122 1.181488
123 1.185599
124 1.186312
125 1.182138
126 1.180969
127 1.181449
128 1.183604
129 1.183992
130 1.180702
131 1.181896
132 1.181036
133 1.181182
134 1.183259
135 1.180663
136 1.177323
137 1.182580
138 1.189666
139 1.181269
140 1.186210
141 1.181366
142 1.177794
143 1.182415
144 1.183691
145 1.179207
146 1.181439
147 1.186026
148 1.185749
149 1.183424
150 1.180726
151 1.180954
152 1.182784
153 1.180881
154 1.186298
155 1.182818
156 1.184900
157 1.183031
158 1.181852
159 1.183711
160 1.184871
161 1.183056
162 1.181255
163 1.185531
164 1.185667
165 1.183104
166 1.182881
167 1.184881
168 1.182070
169 1.181260
170 1.185434
171 1.186764
172 1.185876
173 1.179080
174 1.177183
175 1.177639
176 1.182493
177 1.183279
178 1.184220
179 1.183429
180 1.176717
181 1.182347
182 1.182604
183 1.180139
184 1.184521
185 1.185919
186 1.178445
187 1.177144
188 1.184075
189 1.186371
190 1.183221
191 1.185021
192 1.182716
193 1.179808
194 1.186701
195 1.187026
196 1.183619
197 1.179080
198 1.182313
199 1.180323
200 1.181818
201 1.182386
202 1.178372
203 1.185298
204 1.181250
205 1.181163
206 1.184308
207 1.179755
208 1.179828
209 1.182677
210 1.181425
211 1.181910
212 1.180284
213 1.180168
214 1.177066
215 1.182090
216 1.179697
217 1.184560
218 1.181488
219 1.182560
220 1.187307
221 1.182939
222 1.181774
223 1.180988
224 1.182798
225 1.182284
226 1.183007
227 1.181546
228 1.183468
229 1.183958
230 1.182386
231 1.182774
232 1.183094
233 1.182570
234 1.182803
235 1.181944
236 1.185080
237 1.184201
238 1.182318
239 1.180881
240 1.183085
241 1.182512
242 1.185308
243 1.179876
244 1.183463
245 1.186366
246 1.187696
247 1.184881
248 1.184293
249 1.184046
250 1.183211
251 1.182895
252 1.185696
253 1.182900
254 1.180988
255 1.187739
256 1.184667
257 1.178294
258 1.182056
259 1.185963
260 1.181789
261 1.185123
262 1.182216
263 1.180527
264 1.186409
265 1.183570
266 1.183599
267 1.184332
268 1.180731
269 1.183289
270 1.182386
271 1.182716
272 1.183905
273 1.182886
274 1.183842
275 1.182269
276 1.185482
277 1.181997
278 1.182162
279 1.180755
280 1.180988
281 1.188331
282 1.178415
283 1.183497
284 1.184449
285 1.188230
286 1.184745
287 1.184973
288 1.180634
289 1.183701
290 1.178420
291 1.187948
292 1.180338
293 1.181041
294 1.181633
295 1.180007
296 1.184701
297 1.186982
298 1.182949
299 1.187142
300 1.182347
301 1.183740
302 1.182061
303 1.179901
304 1.187152
305 1.180182
306 1.182614
307 1.187215
308 1.185332
309 1.179930
310 1.181658
311 1.183915
312 1.183041
313 1.183308
314 1.184051
315 1.181677
316 1.179556
317 1.178522
318 1.181624
319 1.181740
320 1.180512
321 1.182895
322 1.186225
323 1.179983
324 1.182745
325 1.183973
326 1.183109
327 1.181381
328 1.187016
329 1.184332
330 1.178294
331 1.183041
332 1.186589
333 1.185167
334 1.178775
335 1.185259
336 1.181148
337 1.186429
338 1.178527
339 1.181066
340 1.183847
341 1.182201
342 1.184371
343 1.183890
344 1.184298
345 1.187366
346 1.180580
347 1.183900
348 1.182527
349 1.181444
350 1.179964
351 1.183065
352 1.185958
353 1.183512
354 1.181740
355 1.181837
356 1.180158
357 1.180571
358 1.183148
359 1.183910
360 1.184895
361 1.183856
362 1.182541
363 1.179284
364 1.187074
365 1.181837
366 1.178255
367 1.183522
368 1.180143
369 1.184143
370 1.183269
371 1.185050
372 1.185701
373 1.182051
374 1.181798
375 1.186647
376 1.178794
377 1.181575
378 1.184939
379 1.182745
380 1.182235
381 1.184895
382 1.183133
383 1.184303
384 1.187196
385 1.183303
386 1.182366
387 1.186356
388 1.183342
389 1.187759
390 1.187565
391 1.182002
392 1.180362
393 1.182488
394 1.183274
395 1.184502
396 1.183555
397 1.181876
398 1.184458
399 1.179881
400 1.183022
401 1.185123
402 1.186249
403 1.178813
404 1.180192
405 1.184274
406 1.181900
407 1.182415
408 1.179745
409 1.183478
410 1.183565
411 1.183104
412 1.184012
413 1.187472
414 1.180896
415 1.182099
416 1.182866
417 1.183497
418 1.182211
419 1.180032
420 1.186492
421 1.183468
422 1.182973
423 1.183119
424 1.183730
425 1.175562
426 1.183570
427 1.184376
428 1.185249
429 1.183740
430 1.182604
431 1.184856
432 1.183225
433 1.178139
434 1.187157
435 1.185817
436 1.182274
437 1.178459
438 1.183575
439 1.178678
440 1.184604
441 1.183284
442 1.181308
443 1.180638
444 1.186089
445 1.185191
446 1.187103
447 1.179731
448 1.184152
449 1.185458
450 1.186133
451 1.182454
452 1.185992
453 1.186162
454 1.180969
455 1.185031
456 1.184371
457 1.182294
458 1.184182
459 1.182080
460 1.184453
461 1.184788
462 1.180648
463 1.188346
464 1.181949
465 1.181347
466 1.185876
467 1.184196
468 1.184157
469 1.186307
470 1.178537
471 1.184900
472 1.181313
473 1.187613
474 1.182963
475 1.181595
476 1.181556
477 1.181017
478 1.183308
479 1.186332
480 1.178789
481 1.187506
482 1.182609
483 1.186778
484 1.182861
485 1.182565
486 1.180886
487 1.181968
488 1.180517
489 1.181692
490 1.180663
491 1.182114
492 1.184565
493 1.184279
494 1.181527
495 1.185905
496 1.185220
497 1.182429
498 1.184361
499 1.181017
500 1.184235
501 1.182143
502 1.181857
503 1.184206
504 1.184648
505 1.184274
506 1.178789
507 1.177149
508 1.182245
509 1.179469
510 1.178115
511 1.180381
512 1.181269
513 1.180401
514 1.180527
515 1.181803
516 1.183526
517 1.182337
518 1.181789
519 1.181546
520 1.180206
521 1.183929
522 1.181648
523 1.183531
524 1.185220
525 1.180619
526 1.183381
527 1.182308
528 1.184094
529 1.182425
530 1.181454
531 1.179872
532 1.185288
533 1.185929
534 1.183191
535 1.180668
536 1.181808
537 1.182425
538 1.185769
539 1.187608
540 1.185473
541 1.181609
542 1.183221
543 1.184958
544 1.182153
545 1.178920
546 1.183371
547 1.185220
548 1.186002
549 1.181522
550 1.183691
551 1.181561
552 1.184749
553 1.186380
554 1.184696
555 1.184604
556 1.183022
557 1.182124
558 1.187327
559 1.183041
560 1.182230
561 1.182847
562 1.186904
563 1.183216
564 1.185516
565 1.183701
566 1.180454
567 1.185050
568 1.177372
569 1.188074
570 1.181818
571 1.183997
572 1.180464
573 1.186409
574 1.181968
575 1.182721
576 1.184536
577 1.179454
578 1.183439
579 1.180702
580 1.181032
581 1.181386
582 1.184837
583 1.183143
584 1.183924
585 1.179833
586 1.187662
587 1.181473
588 1.183468
589 1.182245
590 1.187914
591 1.188938
592 1.181774
593 1.185012
594 1.184167
595 1.181963
596 1.182682
597 1.180231
598 1.181716
599 1.184982
600 1.183769
601 1.183274


Active cycles: 100
k_mean: 1.182956
k_stddev(cycle): 0.002373
k_stderr(mean): 0.000237
Reactivity(rho): 0.154660, Per Cent error compared to reference: 0.060951
Total Time: 1087.188574seconds. Average: 1.808966 seconds per cycle.
