1 0.591214
2 1.079055
3 1.111283
4 1.128457
5 1.141764
6 1.149523
7 1.156971
8 1.161314
9 1.165247
10 1.168192
11 1.171636
12 1.173226
13 1.173558
14 1.176177
15 1.176807
16 1.180209
17 1.178691
18 1.178758
19 1.180232
20 1.178935
21 1.180055
22 1.181901
23 1.179110
24 1.181140
25 1.179486
26 1.181794
27 1.181249
28 1.181335
29 1.181013
30 1.181562
31 1.180993
32 1.179841
33 1.180524
34 1.180060
35 1.180179
36 1.180921
37 1.182279
38 1.179995
39 1.182694
40 1.183068
41 1.181465
42 1.182874
43 1.182460
44 1.182814
45 1.181765
46 1.181994
47 1.180482
48 1.183021
49 1.180506
50 1.183458
51 1.181468
52 1.181201
53 1.184379
54 1.182092
55 1.182386
56 1.179922
57 1.180907
58 1.180762
59 1.182130
60 1.179997
61 1.180975
62 1.182743
63 1.182337
64 1.181910
65 1.181298
66 1.181394
67 1.182847
68 1.181756
69 1.182292
70 1.182766
71 1.182241
72 1.182367
73 1.181748
74 1.181580
75 1.182504
76 1.181458
77 1.181381
78 1.183742
79 1.181428
80 1.182482
81 1.182779
82 1.184246
83 1.183582
84 1.182918
85 1.181632
86 1.181679
87 1.183378
88 1.183087
89 1.183592
90 1.184670
91 1.183929
92 1.182254
93 1.182757
94 1.184279
95 1.182559
96 1.181574
97 1.182850
98 1.181391
99 1.182923
100 1.182150
101 1.182129
102 1.181364
103 1.181904
104 1.181585
105 1.183050
106 1.183722
107 1.182005
108 1.181248
109 1.183346
110 1.182034
111 1.181591
112 1.181990
113 1.181863
114 1.182056
115 1.182836
116 1.183149
117 1.183034
118 1.180735
119 1.182178
120 1.183311
121 1.182535
122 1.181372
123 1.183467
124 1.183093
125 1.182980
126 1.181732
127 1.183667
128 1.182897
129 1.185146
130 1.183740
131 1.181970
132 1.183725
133 1.183422
134 1.183543
135 1.181330
136 1.182480
137 1.183270
138 1.182621
139 1.183608
140 1.182498
141 1.182802
142 1.182951
143 1.184593
144 1.182955
145 1.183305
146 1.182911
147 1.182984
148 1.183317
149 1.183072
150 1.181698
151 1.181233
152 1.182416
153 1.181654
154 1.182761
155 1.183925
156 1.182539
157 1.183574
158 1.184609
159 1.183487
160 1.184356
161 1.180865
162 1.182561
163 1.182553
164 1.183763
165 1.183466
166 1.183555
167 1.183078
168 1.183618
169 1.183044
170 1.184532
171 1.182864
172 1.183461
173 1.182405
174 1.183638
175 1.184675
176 1.182940
177 1.184136
178 1.182393
179 1.183614
180 1.181704
181 1.181960
182 1.184682
183 1.184370
184 1.182661
185 1.184689
186 1.182231
187 1.182821
188 1.184367
189 1.184101
190 1.182900
191 1.184367
192 1.182947
193 1.182454
194 1.183905
195 1.182840
196 1.183099
197 1.184839
198 1.182985
199 1.182623
200 1.182639
201 1.183650
202 1.183766
203 1.183172
204 1.183279
205 1.182275
206 1.182796
207 1.181548
208 1.182117
209 1.183318
210 1.182589
211 1.182404
212 1.183394
213 1.183627
214 1.183189
215 1.182835
216 1.184232
217 1.183314
218 1.181491
219 1.183435
220 1.182507
221 1.181618
222 1.184525
223 1.182906
224 1.182841
225 1.181368
226 1.182526
227 1.182034
228 1.181071
229 1.181559
230 1.182754
231 1.182284
232 1.182248
233 1.182906
234 1.180939
235 1.183204
236 1.183444
237 1.183414
238 1.182736
239 1.182418
240 1.183322
241 1.182260
242 1.183668
243 1.183712
244 1.183273
245 1.184060
246 1.181933
247 1.182596
248 1.184438
249 1.183505
250 1.183813
251 1.182836
252 1.183242
253 1.184410
254 1.182504
255 1.184168
256 1.182985
257 1.182105
258 1.182756
259 1.183206
260 1.183824
261 1.183740
262 1.183604
263 1.180683
264 1.181550
265 1.183606
266 1.183800
267 1.182987
268 1.182250
269 1.183496
270 1.182200
271 1.181536
272 1.181967
273 1.181724
274 1.182855
275 1.181992
276 1.182457
277 1.182197
278 1.185035
279 1.183811
280 1.184688
281 1.181881
282 1.184870
283 1.182662
284 1.182547
285 1.182786
286 1.182276
287 1.184073
288 1.183429
289 1.182020
290 1.182811
291 1.182458
292 1.183686
293 1.182947
294 1.182055
295 1.182459
296 1.182704
297 1.182332
298 1.182731
299 1.182838
300 1.182394
301 1.184988
302 1.183753
303 1.183556
304 1.182643
305 1.183201
306 1.182048
307 1.181399
308 1.182807
309 1.183204
310 1.182891
311 1.182898
312 1.184071
313 1.184444
314 1.181947
315 1.181822
316 1.180468
317 1.184076
318 1.183489
319 1.183187
320 1.182533
321 1.183780
322 1.182934
323 1.183353
324 1.183265
325 1.183242
326 1.183035
327 1.183365
328 1.184134
329 1.182720
330 1.181883
331 1.181859
332 1.181864
333 1.183313
334 1.182186
335 1.182445
336 1.183101
337 1.183004
338 1.184038
339 1.183931
340 1.184131
341 1.182017
342 1.181848
343 1.184474
344 1.181777
345 1.181697
346 1.182342
347 1.182548
348 1.182470
349 1.180447
350 1.181366
351 1.181843
352 1.181941
353 1.182331
354 1.182433
355 1.183265
356 1.182864
357 1.182406
358 1.183591
359 1.182599
360 1.183294
361 1.183113
362 1.182546
363 1.184856
364 1.183266
365 1.183097
366 1.182381
367 1.181930
368 1.183315
369 1.183498
370 1.179041
371 1.182183
372 1.182601
373 1.181532
374 1.182034
375 1.183323
376 1.182758
377 1.181657
378 1.181821
379 1.182974
380 1.181341
381 1.184159
382 1.183269
383 1.184091
384 1.182827
385 1.184453
386 1.184563
387 1.183055
388 1.184904
389 1.182038
390 1.183450
391 1.185215
392 1.185089
393 1.183617
394 1.183285
395 1.181796
396 1.183594
397 1.183803
398 1.182520
399 1.183203
400 1.182831
401 1.182424
402 1.183090
403 1.181411
404 1.183266
405 1.184361
406 1.182009
407 1.183172
408 1.182047
409 1.183252
410 1.185144
411 1.181484
412 1.183781
413 1.182451
414 1.182984
415 1.183617
416 1.182551
417 1.181615
418 1.182330
419 1.184080
420 1.183362
421 1.182061
422 1.183920
423 1.182998
424 1.182298
425 1.183152
426 1.183393
427 1.184078
428 1.183131
429 1.182145
430 1.182270
431 1.184333
432 1.182391
433 1.182698
434 1.182183
435 1.183402
436 1.183321
437 1.183454
438 1.184186
439 1.183060
440 1.184369
441 1.182081
442 1.184538
443 1.184958
444 1.182794
445 1.183662
446 1.182383
447 1.182667
448 1.183210
449 1.184395
450 1.182255
451 1.184075
452 1.183345
453 1.183922
454 1.185048
455 1.183652
456 1.183660
457 1.182822
458 1.185099
459 1.183344
460 1.183624
461 1.182854
462 1.183156
463 1.182288
464 1.181349
465 1.182341
466 1.183191
467 1.181857
468 1.182524
469 1.182736
470 1.183636
471 1.182094
472 1.181691
473 1.183576
474 1.183009
475 1.182957
476 1.181796
477 1.183075
478 1.182819
479 1.183342
480 1.183511
481 1.183038
482 1.182471
483 1.184108
484 1.180340
485 1.182850
486 1.182531
487 1.184280
488 1.183451
489 1.183230
490 1.184368
491 1.180753
492 1.184282
493 1.182636
494 1.182694
495 1.183705
496 1.185329
497 1.183804
498 1.183797
499 1.181543
500 1.184311
501 1.184139
502 1.181939
503 1.183988
504 1.183542
505 1.183175
506 1.181699
507 1.183555
508 1.183789
509 1.184093
510 1.182553
511 1.182701
512 1.183241
513 1.184610
514 1.183752
515 1.183615
516 1.182486
517 1.183619
518 1.181751
519 1.184508
520 1.184008
521 1.182404
522 1.183224
523 1.184209
524 1.182140
525 1.182852
526 1.183384
527 1.183205
528 1.181785
529 1.182486
530 1.183114
531 1.182599
532 1.182784
533 1.182171
534 1.184349
535 1.183679
536 1.182708
537 1.184966
538 1.182504
539 1.184765
540 1.183204
541 1.183569
542 1.184301
543 1.182918
544 1.183896
545 1.183844
546 1.182862
547 1.182670
548 1.182845
549 1.182819
550 1.182774
551 1.183207
552 1.183993
553 1.184122
554 1.183795
555 1.183297
556 1.184155
557 1.184140
558 1.183386
559 1.183691
560 1.183703
561 1.182990
562 1.184047
563 1.185086
564 1.184078
565 1.184155
566 1.183605
567 1.182719
568 1.183684
569 1.183824
570 1.182593
571 1.182029
572 1.183012
573 1.184554
574 1.183433
575 1.182928
576 1.182720
577 1.181890
578 1.182591
579 1.185252
580 1.183013
581 1.183133
582 1.184459
583 1.181747
584 1.181617
585 1.183641
586 1.183178
587 1.180390
588 1.182681
589 1.183197
590 1.182429
591 1.181534
592 1.182938
593 1.182916
594 1.183382
595 1.182399
596 1.183435
597 1.179952
598 1.182164
599 1.183894
600 1.182979
601 1.182700


Active cycles: 300
k_mean: 1.183057
k_stddev(cycle): 0.000984
k_stderr(mean): 0.000057
Difference with the reference K: -0.000753, Per cent error: -0.063641
Reactivity(rho): 0.154732, pcm difference: -53.793779
Total Time: 487.703440seconds. Average: 0.811487 seconds per cycle.
