1 0.591214
2 1.080331
3 1.110786
4 1.128469
5 1.141479
6 1.151070
7 1.157460
8 1.163400
9 1.165776
10 1.168685
11 1.171482
12 1.172967
13 1.173812
14 1.175000
15 1.177785
16 1.177580
17 1.178124
18 1.178769
19 1.179306
20 1.179950
21 1.179146
22 1.178769
23 1.179494
24 1.180509
25 1.178719
26 1.180238
27 1.180558
28 1.179706
29 1.180995
30 1.181641
31 1.181476
32 1.182617
33 1.180845
34 1.182267
35 1.181256
36 1.181543
37 1.181310
38 1.182442
39 1.183489
40 1.180336
41 1.182082
42 1.181357
43 1.181088
44 1.181175
45 1.181532
46 1.181505
47 1.182933
48 1.181598
49 1.181316
50 1.180530
51 1.182395
52 1.181472
53 1.183322
54 1.181615
55 1.182877
56 1.182156
57 1.180826
58 1.182541
59 1.181011
60 1.182882
61 1.182419
62 1.183760
63 1.183796
64 1.182519
65 1.182158
66 1.182500
67 1.182385
68 1.182050
69 1.181487
70 1.182241
71 1.183465
72 1.182590
73 1.183574
74 1.181729
75 1.182717
76 1.182806
77 1.181584
78 1.181744
79 1.181443
80 1.184036
81 1.184383
82 1.183022
83 1.183360
84 1.181443
85 1.182964
86 1.183472
87 1.182320
88 1.182641
89 1.181874
90 1.184894
91 1.182770
92 1.181902
93 1.183229
94 1.181432
95 1.183055
96 1.182691
97 1.182510
98 1.182591
99 1.183076
100 1.182638
101 1.181232
102 1.182357
103 1.181958
104 1.182691
105 1.182930
106 1.183256
107 1.181588
108 1.182280
109 1.182355
110 1.184273
111 1.183457
112 1.182563
113 1.181569
114 1.182010
115 1.182598
116 1.182441
117 1.182393
118 1.183608
119 1.182673
120 1.182533
121 1.183229
122 1.184755
123 1.182995
124 1.184143
125 1.181361
126 1.185194
127 1.184377
128 1.183819
129 1.181413
130 1.183581
131 1.182627
132 1.182713
133 1.182675
134 1.183383
135 1.181489
136 1.183549
137 1.183289
138 1.183984
139 1.182522
140 1.184237
141 1.183007
142 1.182942
143 1.182901
144 1.182630
145 1.181865
146 1.182991
147 1.183304
148 1.181856
149 1.183724
150 1.183400
151 1.183914
152 1.183570
153 1.185167
154 1.183343
155 1.182493
156 1.183511
157 1.182066
158 1.183270
159 1.183262
160 1.181951
161 1.181822
162 1.182868
163 1.183661
164 1.183639
165 1.183223
166 1.182105
167 1.184543
168 1.183441
169 1.182584
170 1.182993
171 1.183549
172 1.183678
173 1.181346
174 1.181053
175 1.183278
176 1.183324
177 1.182340
178 1.182965
179 1.182937
180 1.181919
181 1.183167
182 1.183619
183 1.183467
184 1.183727
185 1.182554
186 1.183533
187 1.183269
188 1.184026
189 1.183552
190 1.182777
191 1.182387
192 1.185054
193 1.182656
194 1.182699
195 1.184152
196 1.183346
197 1.182492
198 1.182725
199 1.180909
200 1.181979
201 1.184558
202 1.183671
203 1.183620
204 1.181938
205 1.184710
206 1.184294
207 1.183836
208 1.184107
209 1.182305
210 1.183192
211 1.183338
212 1.183581
213 1.183596
214 1.183700
215 1.183897
216 1.182992
217 1.183530
218 1.183758
219 1.183928
220 1.183144
221 1.182185
222 1.184497
223 1.183978
224 1.183805
225 1.183126
226 1.183369
227 1.184452
228 1.182580
229 1.183981
230 1.183507
231 1.183410
232 1.183384
233 1.184044
234 1.183523
235 1.183124
236 1.183233
237 1.183628
238 1.182193
239 1.182418
240 1.183148
241 1.182598
242 1.182609
243 1.183668
244 1.183619
245 1.181568
246 1.181239
247 1.182398
248 1.182082
249 1.182872
250 1.183470
251 1.182148
252 1.185334
253 1.184341
254 1.183244
255 1.183838
256 1.184916
257 1.183988
258 1.184424
259 1.181769
260 1.183433
261 1.184156
262 1.183475
263 1.185016
264 1.184487
265 1.183230
266 1.183300
267 1.183850
268 1.183375
269 1.183399
270 1.184005
271 1.182773
272 1.184554
273 1.184029
274 1.181872
275 1.182662
276 1.182435
277 1.181722
278 1.180285
279 1.181276
280 1.180935
281 1.181563
282 1.182653
283 1.185106
284 1.182523
285 1.181995
286 1.183017
287 1.183614
288 1.183116
289 1.183466
290 1.183183
291 1.181878
292 1.183411
293 1.183309
294 1.183284
295 1.182202
296 1.183052
297 1.183811
298 1.182620
299 1.182090
300 1.182612
301 1.182251
302 1.183679
303 1.182914
304 1.183068
305 1.184318
306 1.183347
307 1.184099
308 1.181976
309 1.184075
310 1.183648
311 1.182576
312 1.182258
313 1.183106
314 1.183893
315 1.183900
316 1.183152
317 1.183552
318 1.183704
319 1.183462
320 1.183626
321 1.182518
322 1.183838
323 1.183048
324 1.184993
325 1.182408
326 1.185021
327 1.183216
328 1.184431
329 1.182523
330 1.183241
331 1.183387
332 1.183156
333 1.181382
334 1.182487
335 1.182061
336 1.181399
337 1.181075
338 1.182554
339 1.181895
340 1.182397
341 1.182228
342 1.183633
343 1.182575
344 1.182154
345 1.183872
346 1.184201
347 1.183531
348 1.183166
349 1.184261
350 1.181872
351 1.181055
352 1.182858
353 1.181394
354 1.181832
355 1.183715
356 1.184250
357 1.183132
358 1.184223
359 1.183431
360 1.184724
361 1.183180
362 1.184184
363 1.183269
364 1.183549
365 1.184165
366 1.183930
367 1.183593
368 1.185166
369 1.185037
370 1.182994
371 1.183406
372 1.184279
373 1.184465
374 1.185570
375 1.182520
376 1.183689
377 1.182399
378 1.183819
379 1.182466
380 1.182037
381 1.183055
382 1.182761
383 1.182975
384 1.184147
385 1.184071
386 1.183160
387 1.182851
388 1.183095
389 1.183296
390 1.183922
391 1.183999
392 1.183111
393 1.181584
394 1.182039
395 1.182918
396 1.184047
397 1.184594
398 1.183683
399 1.182650
400 1.183282
401 1.184165
402 1.184697
403 1.183938
404 1.185269
405 1.183946
406 1.182968
407 1.184072
408 1.182774
409 1.182781
410 1.184017
411 1.182030
412 1.183438
413 1.182419
414 1.185965
415 1.183257
416 1.184036
417 1.181924
418 1.184919
419 1.183241
420 1.182309
421 1.184004
422 1.183170
423 1.182321
424 1.182191
425 1.182668
426 1.185179
427 1.183517
428 1.181993
429 1.184360
430 1.182577
431 1.182868
432 1.182644
433 1.182402
434 1.181333
435 1.184053
436 1.183199
437 1.181803
438 1.181988
439 1.182222
440 1.181926
441 1.183220
442 1.183907
443 1.182732
444 1.183734
445 1.182574
446 1.183149
447 1.182297
448 1.182908
449 1.183218
450 1.183718
451 1.182581
452 1.182532
453 1.181392
454 1.181601
455 1.183012
456 1.183116
457 1.183782
458 1.183594
459 1.185036
460 1.183238
461 1.183180
462 1.182423
463 1.182220
464 1.181814
465 1.183293
466 1.184578
467 1.182792
468 1.181721
469 1.181391
470 1.185212
471 1.184951
472 1.184051
473 1.183206
474 1.183481
475 1.184915
476 1.182711
477 1.183846
478 1.182731
479 1.184382
480 1.183691
481 1.182291
482 1.181835
483 1.183542
484 1.183444
485 1.184843
486 1.184125
487 1.183856
488 1.182438
489 1.184258
490 1.182812
491 1.182556
492 1.183749
493 1.184056
494 1.183695
495 1.183508
496 1.183638
497 1.183883
498 1.182694
499 1.186293
500 1.183305
501 1.182311


Active cycles: 300
k_mean: 1.183240
k_stddev(cycle): 0.000974
k_stderr(mean): 0.000056
Difference with the reference K: -0.000570, Per cent error: -0.048160
Reactivity(rho): 0.154863, pcm difference: -40.701729
Total Time: 412.890971seconds. Average: 0.824134 seconds per cycle.
