1 1.183810
2 1.162265
3 1.148142
4 1.137570
5 1.129568
6 1.124691
7 1.118689
8 1.113610
9 1.109088
10 1.103761
11 1.098588
12 1.094361
13 1.090017
14 1.085672
15 1.081020
16 1.077338
17 1.072899
18 1.069288
19 1.064671
20 1.061866
21 1.058823
22 1.055745
23 1.051425
24 1.047589
25 1.044854
26 1.042108
27 1.038675
28 1.036947
29 1.033727
30 1.031596
31 1.030258
32 1.028470
33 1.027334
34 1.024517
35 1.023960
36 1.022847
37 1.022149
38 1.021533
39 1.021273
40 1.020042
41 1.019024
42 1.017757
43 1.017354
44 1.017011
45 1.018396
46 1.019166
47 1.018669
48 1.019118
49 1.018384
50 1.017769
51 1.017935
52 1.019852
53 1.019331
54 1.019320
55 1.019485
56 1.019580
57 1.020113
58 1.021131
59 1.021971
60 1.023143
61 1.024126
62 1.023427
63 1.025369
64 1.028092
65 1.029098
66 1.028885
67 1.029713
68 1.029820
69 1.029891
70 1.030211
71 1.031359
72 1.033277
73 1.033691
74 1.036082
75 1.037669
76 1.040522
77 1.041871
78 1.043209
79 1.044748
80 1.046192
81 1.046595
82 1.048631
83 1.051496
84 1.054124
85 1.055367
86 1.056243
87 1.058172
88 1.059699
89 1.061002
90 1.062114
91 1.062541
92 1.064269
93 1.065618
94 1.066873
95 1.067051
96 1.068696
97 1.069028
98 1.069868
99 1.071028
100 1.071277
101 1.072934
102 1.075337
103 1.077906
104 1.079433
105 1.079777
106 1.081434
107 1.082121
108 1.082204
109 1.082760
110 1.083541
111 1.085885
112 1.087543
113 1.088703
114 1.091390
115 1.094172
116 1.096054
117 1.096303
118 1.098599
119 1.100150
120 1.101819
121 1.102186
122 1.101997
123 1.103488
124 1.103725
125 1.104459
126 1.105241
127 1.107727
128 1.109123
129 1.110828
130 1.111408
131 1.113373
132 1.113634
133 1.112864
134 1.114439
135 1.114522
136 1.115421
137 1.116499
138 1.118641
139 1.120962
140 1.122157
141 1.124548
142 1.125661
143 1.127011
144 1.128124
145 1.127982
146 1.128964
147 1.130254
148 1.131450
149 1.130775
150 1.131261
151 1.130704
152 1.131663
153 1.133474
154 1.135463
155 1.137085
156 1.137405
157 1.136860
158 1.137582
159 1.138174
160 1.139796
161 1.141276
162 1.141465
163 1.141536
164 1.143383
165 1.144543
166 1.146449
167 1.146283
168 1.144827
169 1.145455
170 1.145608
171 1.146046
172 1.147136
173 1.147514
174 1.148379
175 1.149349
176 1.148746
177 1.149977
178 1.150249
179 1.149835
180 1.149574
181 1.150758
182 1.150166
183 1.148651
184 1.148225
185 1.147775
186 1.147467
187 1.148343
188 1.149811
189 1.149787
190 1.150415
191 1.151433
192 1.152214
193 1.152936
194 1.156121
195 1.156582
196 1.156061
197 1.155837
198 1.155079
199 1.156843
200 1.155505
201 1.154345
202 1.156369
203 1.156417
204 1.156298
205 1.157127
206 1.158630
207 1.159601
208 1.158986
209 1.159163
210 1.159672
211 1.159506
212 1.158879
213 1.158536
214 1.157979
215 1.157494
216 1.156819
217 1.157151
218 1.157529
219 1.157068
220 1.159057
221 1.159329
222 1.159826
223 1.160394
224 1.161472
225 1.161732
226 1.160430
227 1.161377
228 1.162833
229 1.163626
230 1.163247
231 1.163129
232 1.161921
233 1.161945
234 1.161898
235 1.162703
236 1.164561
237 1.164999
238 1.166290
239 1.165343
240 1.165591
241 1.165591
242 1.166242
243 1.165414
244 1.165639
245 1.166526
246 1.167793
247 1.167769
248 1.169533
249 1.169995
250 1.170054
251 1.171558
252 1.170693
253 1.170267
254 1.170101
255 1.170966
256 1.171558
257 1.171226
258 1.170374
259 1.170397
260 1.170895
261 1.171238
262 1.170516
263 1.168953
264 1.169711
265 1.170776
266 1.172019
267 1.171700
268 1.171510
269 1.171096
270 1.171463
271 1.170551
272 1.171416
273 1.169888
274 1.170054
275 1.169072
276 1.169687
277 1.169036
278 1.169675
279 1.169734
280 1.170303
281 1.170611
282 1.171049
283 1.170575
284 1.172232
285 1.172007
286 1.172221
287 1.171771
288 1.171546
289 1.171037
290 1.172280
291 1.171652
292 1.171131
293 1.171309
294 1.171262
295 1.173144
296 1.173996
297 1.174032
298 1.172895
299 1.172895
300 1.172516
301 1.172789
302 1.173464
303 1.173168
304 1.173830
305 1.174967
306 1.175180
307 1.176056
308 1.175938
309 1.176103
310 1.177713
311 1.177394
312 1.176553
313 1.176837
314 1.175263
315 1.174588
316 1.173736
317 1.173499
318 1.173452
319 1.174671
320 1.174103
321 1.174837
322 1.173866
323 1.175038
324 1.174766
325 1.174233
326 1.174754
327 1.172801
328 1.172848
329 1.170693
330 1.171510
331 1.172694
332 1.172457
333 1.172185
334 1.172860
335 1.172694
336 1.172244
337 1.172374
338 1.172386
339 1.173795
340 1.173677
341 1.174789
342 1.175973
343 1.176316
344 1.175997
345 1.175938
346 1.175855
347 1.174730
348 1.174624
349 1.175251
350 1.176316
351 1.177121
352 1.176056
353 1.176340
354 1.176245
355 1.175050
356 1.175760
357 1.176660
358 1.176447
359 1.175535
360 1.176222
361 1.176778
362 1.177962
363 1.177335
364 1.177619
365 1.177287
366 1.176837
367 1.176435
368 1.176080
369 1.175867
370 1.176328
371 1.176944
372 1.175310
373 1.175571
374 1.173428
375 1.173073
376 1.172919
377 1.173535
378 1.172943
379 1.174245
380 1.174197
381 1.173949
382 1.173984
383 1.173866
384 1.173085
385 1.172623
386 1.171060
387 1.170445
388 1.170457
389 1.171558
390 1.174138
391 1.174730
392 1.174316
393 1.174778
394 1.174754
395 1.174967
396 1.174328
397 1.173014
398 1.173807
399 1.173842
400 1.174991
401 1.175725
402 1.175263
403 1.174375
404 1.174162
405 1.172457
406 1.172978
407 1.174813
408 1.174553
409 1.173961
410 1.173819
411 1.174612
412 1.173724
413 1.174813
414 1.174115
415 1.174576
416 1.174754
417 1.173203
418 1.174825
419 1.177429
420 1.177820
421 1.177027
422 1.176991
423 1.178128
424 1.176541
425 1.176340
426 1.176814
427 1.176612
428 1.177228
429 1.176601
430 1.177181
431 1.176210
432 1.175322
433 1.176021
434 1.175831
435 1.176683
436 1.178412
437 1.180057
438 1.179146
439 1.178767
440 1.179406
441 1.179027
442 1.178341
443 1.178021
444 1.177666
445 1.176837
446 1.178069
447 1.177429
448 1.178601
449 1.180306
450 1.179880
451 1.179300
452 1.180732
453 1.180377
454 1.180294
455 1.180353
456 1.181336
457 1.181194
458 1.181502
459 1.181099
460 1.182520
461 1.182236
462 1.181940
463 1.180034
464 1.180626
465 1.181833
466 1.182188
467 1.183301
468 1.184615
469 1.184733
470 1.183561
471 1.183810
472 1.183810
473 1.183348
474 1.184757
475 1.183100
476 1.183064
477 1.181478
478 1.181951
479 1.182224
480 1.183609
481 1.183490
482 1.182117
483 1.182887
484 1.182484
485 1.181146
486 1.180673
487 1.179974
488 1.178850
489 1.178080
490 1.179738
491 1.179430
492 1.179963
493 1.180199
494 1.179158
495 1.177808
496 1.176198
497 1.178376
498 1.179560
499 1.180034
500 1.181987
501 1.180649
502 1.180353
503 1.181360
504 1.180791
505 1.179903
506 1.180211
507 1.179134
508 1.179027
509 1.177358
510 1.176991
511 1.177690
512 1.177252
513 1.177974
514 1.179974
515 1.181182
516 1.182922
517 1.183242
518 1.182188
519 1.180697
520 1.179832
521 1.181442
522 1.181229
523 1.181241
524 1.182176
525 1.181892
526 1.182425
527 1.182011
528 1.182662
529 1.182910
530 1.183550
531 1.184260
532 1.182330
533 1.183632
534 1.182922
535 1.182449
536 1.182508
537 1.183408
538 1.183680
539 1.183585
540 1.184082
541 1.185313
542 1.186770
543 1.186841
544 1.186841
545 1.186225
546 1.187515
547 1.186983
548 1.186308
549 1.187160
550 1.188415
551 1.188273
552 1.188995
553 1.189315
554 1.189670
555 1.189244
556 1.188451
557 1.188735
558 1.187551
559 1.184994
560 1.184473
561 1.184568
562 1.183656
563 1.182733
564 1.182058
565 1.183786
566 1.183846
567 1.183644
568 1.183632
569 1.184793
570 1.184508
571 1.184284
572 1.183656
573 1.182496
574 1.183538
575 1.182366
576 1.182603
577 1.182839
578 1.182650
579 1.184106
580 1.185740
581 1.185917
582 1.185337
583 1.184603
584 1.186000
585 1.186935
586 1.186533
587 1.187646
588 1.187385
589 1.186580
590 1.185148
591 1.184236
592 1.183857
593 1.184674
594 1.183301
595 1.182851
596 1.182721
597 1.185006
598 1.186568
599 1.185444
600 1.185657
601 1.185100
602 1.185562
603 1.186332
604 1.187231
605 1.188178
606 1.186130
607 1.187279
608 1.187882
609 1.188368
610 1.187444
611 1.186935
612 1.185882
613 1.186627
614 1.185988
615 1.185811
616 1.185941
617 1.187515
618 1.186746
619 1.185100
620 1.185894
621 1.185858
622 1.185645
623 1.185562
624 1.185041
625 1.184733
626 1.185089
627 1.185065
628 1.185728
629 1.184331
630 1.184781
631 1.184651
632 1.183538
633 1.184804
634 1.184260
635 1.184579
636 1.185870
637 1.185905
638 1.184946
639 1.184473
640 1.183656
641 1.183490
642 1.182626
643 1.183254
644 1.183976
645 1.184473
646 1.184284
647 1.184816
648 1.185538
649 1.185325
650 1.186142
651 1.186485
652 1.186580
653 1.185846
654 1.185195
655 1.185455
656 1.184864
657 1.185527
658 1.185384
659 1.185408
660 1.185361
661 1.184461
662 1.184745
663 1.184390
664 1.185337
665 1.184828
666 1.186071
667 1.186675
668 1.185728
669 1.185432
670 1.186722
671 1.185858
672 1.185586
673 1.185231
674 1.186379
675 1.186071
676 1.186841
677 1.186770
678 1.186900
679 1.186616
680 1.186201
681 1.185645
682 1.184970
683 1.183988
684 1.184520
685 1.184059
686 1.183834
687 1.183550
688 1.182827
689 1.183810
690 1.185811
691 1.185396
692 1.186403
693 1.186770
694 1.186758
695 1.186107
696 1.183573
697 1.182295
698 1.179288
699 1.180945
700 1.181845
701 1.180720
702 1.181395
703 1.182259
704 1.182922
705 1.184473
706 1.185479
707 1.185065
708 1.184698
709 1.184852
710 1.185373
711 1.185633
712 1.185432
713 1.185219
714 1.184520
715 1.184284
716 1.185029
717 1.185846
718 1.186770
719 1.187054
720 1.186746
721 1.188462
722 1.186379
723 1.184686
724 1.183585
725 1.182839
726 1.184236
727 1.185337
728 1.187196
729 1.186237
730 1.186024
731 1.187113
732 1.189279
733 1.188462
734 1.188912
735 1.187882
736 1.186994
737 1.187882
738 1.187492
739 1.187373
740 1.188486
741 1.188604
742 1.190025
743 1.189895
744 1.191067
745 1.190262
746 1.190049
747 1.188155
748 1.186142
749 1.185515
750 1.185053
751 1.184035
752 1.183952
753 1.184556
754 1.183514
755 1.182863
756 1.182259
757 1.181312
758 1.181845
759 1.181892
760 1.182425
761 1.181691
762 1.181300
763 1.180637
764 1.180519
765 1.181596
766 1.180993
767 1.180661
768 1.179560
769 1.179205
770 1.181383
771 1.180590
772 1.179240
773 1.179347
774 1.179288
775 1.177796
776 1.177571
777 1.178175
778 1.178802
779 1.178258
780 1.177559
781 1.176364
782 1.175878
783 1.175807
784 1.175440
785 1.175073
786 1.174789
787 1.175961
788 1.177867
789 1.177157
790 1.176695
791 1.175429
792 1.176139
793 1.176707
794 1.177216
795 1.176186
796 1.176115
797 1.175630
798 1.174920
799 1.175050
800 1.175464
801 1.175594
802 1.175156
803 1.174872
804 1.174091
805 1.174707
806 1.175026
807 1.176695
808 1.177986
809 1.177548
810 1.178731
811 1.176553
812 1.176021
813 1.176293
814 1.176340
815 1.176754
816 1.177015
817 1.178104
818 1.178625
819 1.179288
820 1.180235
821 1.180590
822 1.180531
823 1.180661
824 1.180401
825 1.179750
826 1.179773
827 1.180626
828 1.179714
829 1.179110
830 1.180057
831 1.179821
832 1.179809
833 1.178199
834 1.176695
835 1.177974
836 1.177240
837 1.176435
838 1.176790
839 1.176707
840 1.175050
841 1.175796
842 1.174707
843 1.176186
844 1.175452
845 1.174505
846 1.175216
847 1.174245
848 1.173392
849 1.173641
850 1.174541
851 1.176802
852 1.176553
853 1.175926
854 1.175275
855 1.173949
856 1.174612
857 1.174612
858 1.175026
859 1.175322
860 1.173653
861 1.173771
862 1.173984
863 1.175476
864 1.175606
865 1.175026
866 1.174576
867 1.174470
868 1.173239
869 1.174340
870 1.174659
871 1.174553
872 1.175665
873 1.174659
874 1.174789
875 1.174020
876 1.173807
877 1.174624
878 1.173866
879 1.174162
880 1.173239
881 1.172635
882 1.173203
883 1.173321
884 1.175216
885 1.175251
886 1.176601
887 1.175358
888 1.176234
889 1.177039
890 1.176683
891 1.177370
892 1.179098
893 1.178578
894 1.178755
895 1.178424
896 1.178021
897 1.177275
898 1.176991
899 1.176660
900 1.177027
901 1.177062
902 1.178080
903 1.178779
904 1.179868
905 1.180922
906 1.181407
907 1.181975
908 1.181573
909 1.181229
910 1.181123
911 1.181277
912 1.179584
913 1.178483
914 1.179016
915 1.177855
916 1.177855
917 1.177133
918 1.177121
919 1.177275
920 1.177867
921 1.178874
922 1.177252
923 1.179418
924 1.179821
925 1.179690
926 1.179300
927 1.181217
928 1.181087
929 1.181324
930 1.180922
931 1.182318
932 1.182638
933 1.182437
934 1.182804
935 1.179418
936 1.180945
937 1.181206
938 1.179489
939 1.179832
940 1.177820
941 1.176932
942 1.177997
943 1.177903
944 1.179252
945 1.179158
946 1.179726
947 1.179844
948 1.179679
949 1.179430
950 1.179027
951 1.180637
952 1.181892
953 1.182827
954 1.182910
955 1.184674
956 1.185207
957 1.186604
958 1.186355
959 1.186521
960 1.186710
961 1.186592
962 1.186107
963 1.186616
964 1.186912
965 1.187373
966 1.189078
967 1.187598
968 1.187492
969 1.186639
970 1.185763
971 1.187089
972 1.186592
973 1.187705
974 1.188462
975 1.189173
976 1.189066
977 1.188924
978 1.188900
979 1.188865
980 1.189315
981 1.189362
982 1.188439
983 1.188782
984 1.188865
985 1.188380
986 1.187882
987 1.187977
988 1.185562
989 1.184212
990 1.183147
991 1.182129
992 1.183159
993 1.183325
994 1.184923
995 1.183408
996 1.183313
997 1.182591
998 1.183502
999 1.183597
1000 1.183159
1001 1.182875
1002 1.181750
1003 1.182105
1004 1.181040
1005 1.181064
1006 1.180732
1007 1.180270
1008 1.178684
1009 1.178968
1010 1.179359
1011 1.179146
1012 1.179596
1013 1.180637
1014 1.180874
1015 1.180993
1016 1.181182
1017 1.181277
1018 1.180803
1019 1.180140
1020 1.180957
1021 1.182188
1022 1.181679
1023 1.180756
1024 1.181798
1025 1.182721
1026 1.182283
1027 1.183112
1028 1.183112
1029 1.181963
1030 1.181513
1031 1.181300
1032 1.180756
1033 1.180282
1034 1.180235
1035 1.180412
1036 1.182745
1037 1.181987
1038 1.182011
1039 1.182200
1040 1.180270
1041 1.178874
1042 1.180022
1043 1.181348
1044 1.181194
1045 1.181300
1046 1.180199
1047 1.180744
1048 1.179631
1049 1.180673
1050 1.180543
1051 1.180211
1052 1.180933
1053 1.181442
1054 1.180922
1055 1.181880
1056 1.181691
1057 1.182283
1058 1.183171
1059 1.182449
1060 1.182022
1061 1.182295
1062 1.180235
1063 1.180448
1064 1.179986
1065 1.179643
1066 1.178826
1067 1.179726
1068 1.179584
1069 1.180152
1070 1.179501
1071 1.179501
1072 1.179548
1073 1.180223
1074 1.179773
1075 1.178589
1076 1.180306
1077 1.180081
1078 1.178021
1079 1.177962
1080 1.178909
1081 1.178175
1082 1.178708
1083 1.178341
1084 1.178424
1085 1.179335
1086 1.179690
1087 1.179229
1088 1.177406
1089 1.176032
1090 1.176506
1091 1.176530
1092 1.177784
1093 1.177559
1094 1.176731
1095 1.176707
1096 1.177015
1097 1.177204
1098 1.178459
1099 1.178246
1100 1.179087
1101 1.179844
1102 1.178850
1103 1.179122
1104 1.180318
1105 1.181596
1106 1.183242
1107 1.185124
1108 1.186935
1109 1.187705
1110 1.187267
1111 1.186142
1112 1.184532
1113 1.182780
1114 1.183703
1115 1.183443
1116 1.183988
1117 1.183621
1118 1.182058
1119 1.180034
1120 1.179738
1121 1.179264
1122 1.180424
1123 1.180507
1124 1.181004
1125 1.180519
1126 1.178400
1127 1.177950
1128 1.178708
1129 1.178424
1130 1.178874
1131 1.178554
1132 1.178672
1133 1.181004
1134 1.180626
1135 1.181040
1136 1.180010
1137 1.179667
1138 1.179087
1139 1.178483
1140 1.178518
1141 1.180614
1142 1.182555
1143 1.183419
1144 1.185325
1145 1.187835
1146 1.188013
1147 1.187610
1148 1.186403
1149 1.185858
1150 1.185799
1151 1.184414
1152 1.182863
1153 1.183041
1154 1.184284
1155 1.183905
1156 1.182709
1157 1.182531
1158 1.182247
1159 1.182922
1160 1.182981
1161 1.182366
1162 1.182863
1163 1.182531
1164 1.183017
1165 1.183384
1166 1.183644
1167 1.182460
1168 1.183029
1169 1.184177
1170 1.184840
1171 1.184887
1172 1.186687
1173 1.187030
1174 1.187172
1175 1.185242
1176 1.185598
1177 1.185100
1178 1.184958
1179 1.184355
1180 1.184224
1181 1.183336
1182 1.182283
1183 1.182354
1184 1.182378
1185 1.182650
1186 1.183786
1187 1.182768
1188 1.183514
1189 1.183786
1190 1.183029
1191 1.184141
1192 1.184141
1193 1.183656
1194 1.184473
1195 1.185290
1196 1.185408
1197 1.184035
1198 1.183313
1199 1.183443
1200 1.183100
1201 1.182626
1202 1.182307
1203 1.181265
1204 1.181206
1205 1.181655
1206 1.182058
1207 1.181028
1208 1.181419
1209 1.180993
1210 1.179832
1211 1.179880
1212 1.180401
1213 1.179169
1214 1.181573
1215 1.184970
1216 1.185870
1217 1.187042
1218 1.187693
1219 1.186284
1220 1.185361
1221 1.185136
1222 1.183834
1223 1.183265
1224 1.184355
1225 1.183905
1226 1.184343
1227 1.184497
1228 1.184378
1229 1.184639
1230 1.183810
1231 1.184094
1232 1.183230
1233 1.183526
1234 1.183372
1235 1.184449
1236 1.184426
1237 1.183976
1238 1.183857
1239 1.184106
1240 1.183455
1241 1.183692
1242 1.183999
1243 1.183869
1244 1.183999
1245 1.185337
1246 1.185349
1247 1.185171
1248 1.184201
1249 1.182863
1250 1.183751
1251 1.184485
1252 1.184295
1253 1.185598
1254 1.185633
1255 1.186450
1256 1.186272
1257 1.186474
1258 1.185799
1259 1.185609
1260 1.185929
1261 1.184816
1262 1.184603
1263 1.184070
1264 1.183632
1265 1.182389
1266 1.182153
1267 1.181513
1268 1.182342
1269 1.181762
1270 1.181419
1271 1.180436
1272 1.179903
1273 1.181324
1274 1.182685
1275 1.184331
1276 1.185834
1277 1.186071
1278 1.185645
1279 1.186118
1280 1.187042
1281 1.186604
1282 1.186024
1283 1.185787
1284 1.186852
1285 1.187918
1286 1.187882
1287 1.188640
1288 1.188746
1289 1.189090
1290 1.188261
1291 1.188237
1292 1.189090
1293 1.187657
1294 1.187586
1295 1.187148
1296 1.187823
1297 1.188533
1298 1.189469
1299 1.188320
1300 1.187563
1301 1.187255
1302 1.187208
1303 1.185965
1304 1.185231
1305 1.185467
1306 1.186545
1307 1.186793
1308 1.187906
1309 1.190404
1310 1.191079
1311 1.190262
1312 1.188202
1313 1.187918
1314 1.186687
1315 1.186367
1316 1.186118
1317 1.186450
1318 1.187657
1319 1.188072
1320 1.187870
1321 1.187373
1322 1.187137
1323 1.186438
1324 1.186983
1325 1.186876
1326 1.186971
1327 1.187503
1328 1.187870
1329 1.188699
1330 1.188474
1331 1.188344
1332 1.188024
1333 1.186983
1334 1.186071
1335 1.187030
1336 1.187610
1337 1.186675
1338 1.185017
1339 1.185325
1340 1.186189
1341 1.184390
1342 1.184047
1343 1.183289
1344 1.181857
1345 1.183502
1346 1.183171
1347 1.181596
1348 1.182508
1349 1.182472
1350 1.182958
1351 1.183703
1352 1.183621
1353 1.182934
1354 1.183123
1355 1.182093
1356 1.182283
1357 1.183526
1358 1.183041
1359 1.182425
1360 1.183052
1361 1.183573
1362 1.183550
1363 1.183917
1364 1.182816
1365 1.182674
1366 1.182460
1367 1.181644
1368 1.180910
1369 1.182318
1370 1.182875
1371 1.182236
1372 1.181679
1373 1.181573
1374 1.181454
1375 1.180247
1376 1.181265
1377 1.181561
1378 1.181312
1379 1.183289
1380 1.180756
1381 1.179039
1382 1.178376
1383 1.177441
1384 1.176968
1385 1.177417
1386 1.178578
1387 1.180034
1388 1.181217
1389 1.180922
1390 1.180306
1391 1.182259
1392 1.181774
1393 1.181312
1394 1.181963
1395 1.183455
1396 1.183703
1397 1.184793
1398 1.184473
1399 1.186083
1400 1.185574
1401 1.184911
1402 1.184627
1403 1.184816
1404 1.184852
1405 1.183656
1406 1.183265
1407 1.184686
1408 1.183834
1409 1.184828
1410 1.183372
1411 1.183147
1412 1.183147
1413 1.183739
1414 1.184390
1415 1.184212
1416 1.183952
1417 1.183798
1418 1.183372
1419 1.182792
1420 1.183183
1421 1.181904
1422 1.182165
1423 1.181040
1424 1.180685
1425 1.181087
1426 1.180259
1427 1.180637
1428 1.182425
1429 1.184118
1430 1.184698
1431 1.184426
1432 1.184887
1433 1.184887
1434 1.183408
1435 1.182614
1436 1.182543
1437 1.181821
1438 1.182638
1439 1.182946
1440 1.181715
1441 1.182851
1442 1.184165
1443 1.186142
1444 1.187515
1445 1.187799
1446 1.186734
1447 1.186616
1448 1.186154
1449 1.185527
1450 1.187740
1451 1.187728
1452 1.187551
1453 1.186260
1454 1.185266
1455 1.186118
1456 1.186130
1457 1.185408
1458 1.184070
1459 1.183041
1460 1.182816
1461 1.184674
1462 1.183905
1463 1.183573
1464 1.182827
1465 1.183194
1466 1.183396
1467 1.182472
1468 1.182922
1469 1.183917
1470 1.184461
1471 1.184224
1472 1.180969
1473 1.183029
1474 1.183360
1475 1.183005
1476 1.183289
1477 1.184520
1478 1.185325
1479 1.184769
1480 1.185373
1481 1.185183
1482 1.185432
1483 1.184757
1484 1.185396
1485 1.185811
1486 1.185112
1487 1.184035
1488 1.184473
1489 1.185988
1490 1.183999
1491 1.184485
1492 1.184426
1493 1.183135
1494 1.182093
1495 1.181845
1496 1.182141
1497 1.180069
1498 1.179880
1499 1.180389
1500 1.181549
1501 1.182922
1502 1.180874
1503 1.182271
1504 1.182721
1505 1.182307
1506 1.181845
1507 1.180365
1508 1.179951
1509 1.180282
1510 1.180862
1511 1.179951
1512 1.180282
1513 1.181904
1514 1.181762
1515 1.180768
1516 1.181312
1517 1.180034
1518 1.179406
1519 1.181040
1520 1.183668
1521 1.184662
1522 1.184674
1523 1.184804
1524 1.184887
1525 1.183632
1526 1.183123
1527 1.182460
1528 1.183455
1529 1.184295
1530 1.184544
1531 1.184295
1532 1.185089
1533 1.183786
1534 1.182745
1535 1.182176
1536 1.181667
1537 1.182011
1538 1.180827
1539 1.181703
1540 1.181999
1541 1.181715
1542 1.181004
1543 1.179903
1544 1.180543
1545 1.182413
1546 1.181750
1547 1.181170
1548 1.180365
1549 1.181691
1550 1.181963
1551 1.182662
1552 1.182827
1553 1.181999
1554 1.181383
1555 1.179797
1556 1.180602
1557 1.180945
1558 1.179927
1559 1.179075
1560 1.180779
1561 1.181892
1562 1.182614
1563 1.183550
1564 1.183029
1565 1.183135
1566 1.182153
1567 1.180933
1568 1.181277
1569 1.180945
1570 1.180756
1571 1.181052
1572 1.180862
1573 1.181987
1574 1.182188
1575 1.181928
1576 1.181596
1577 1.180957
1578 1.180093
1579 1.179300
1580 1.177465
1581 1.177631
1582 1.177891
1583 1.176411
1584 1.176695
1585 1.177974
1586 1.179122
1587 1.179525
1588 1.180164
1589 1.179821
1590 1.179631
1591 1.179584
1592 1.180389
1593 1.177773
1594 1.175819
1595 1.175097
1596 1.176139
1597 1.175014
1598 1.175618
1599 1.176778
1600 1.177986
1601 1.176932
1602 1.176435
1603 1.176423
1604 1.176897
1605 1.177441
1606 1.176849
1607 1.176340
1608 1.177110
1609 1.176636
1610 1.176541
1611 1.176245
1612 1.176612
1613 1.176021
1614 1.177027
1615 1.175618
1616 1.175180
1617 1.174908
1618 1.175133
1619 1.175014
1620 1.175914
1621 1.176068
1622 1.175227
1623 1.175145
1624 1.177240
1625 1.177358
1626 1.177631
1627 1.177098
1628 1.177299
1629 1.177997
1630 1.177926
1631 1.178128
1632 1.178329
1633 1.176861
1634 1.176518
1635 1.175204
1636 1.175855
1637 1.177429
1638 1.177193
1639 1.176269
1640 1.175239
1641 1.176103
1642 1.176743
1643 1.176861
1644 1.177193
1645 1.178104
1646 1.179063
1647 1.178649
1648 1.179312
1649 1.180128
1650 1.181987
1651 1.183183
1652 1.183656
1653 1.182981
1654 1.183751
1655 1.183585
1656 1.183301
1657 1.184698
1658 1.183325
1659 1.182579
1660 1.182366
1661 1.181573
1662 1.183384
1663 1.184059
1664 1.185988
1665 1.184994
1666 1.185799
1667 1.186403
1668 1.187006
1669 1.187527
1670 1.186036
1671 1.186284
1672 1.187314
1673 1.189279
1674 1.189504
1675 1.187373
1676 1.186947
1677 1.185527
1678 1.185704
1679 1.183952
1680 1.184485
1681 1.184236
1682 1.184414
1683 1.183798
1684 1.184224
1685 1.184378
1686 1.184568
1687 1.185077
1688 1.184402
1689 1.184958
1690 1.186722
1691 1.188439
1692 1.188687
1693 1.188308
1694 1.186805
1695 1.184603
1696 1.185491
1697 1.185325
1698 1.184461
1699 1.184674
1700 1.184982
1701 1.184733
1702 1.184473
1703 1.184982
1704 1.184887
1705 1.184141
1706 1.183408
1707 1.182887
1708 1.182460
1709 1.185065
1710 1.185846
1711 1.185515
1712 1.185716
1713 1.185361
1714 1.185621
1715 1.185207
1716 1.185160
1717 1.184982
1718 1.183976
1719 1.183751
1720 1.183254
1721 1.183041
1722 1.181229
1723 1.178945
1724 1.179430
1725 1.177690
1726 1.178021
1727 1.177808
1728 1.177536
1729 1.178388
1730 1.179821
1731 1.179418
1732 1.178885
1733 1.179063
1734 1.178743
1735 1.178956
1736 1.178069
1737 1.177926
1738 1.178140
1739 1.177938
1740 1.177370
1741 1.178175
1742 1.178850
1743 1.179939
1744 1.180353
1745 1.179359
1746 1.180211
1747 1.181809
1748 1.180969
1749 1.179347
1750 1.179465
1751 1.178921
1752 1.177926
1753 1.179193
1754 1.178708
1755 1.178601
1756 1.179738
1757 1.179667
1758 1.179122
1759 1.178874
1760 1.180353
1761 1.181880
1762 1.180874
1763 1.181679
1764 1.181194
1765 1.181774
1766 1.181146
1767 1.181762
1768 1.182129
1769 1.181928
1770 1.181087
1771 1.180922
1772 1.180697
1773 1.181502
1774 1.183313
1775 1.182484
1776 1.182011
1777 1.180945
1778 1.182591
1779 1.184911
1780 1.184141
1781 1.183431
1782 1.184544
1783 1.185728
1784 1.186272
1785 1.184923
1786 1.183822
1787 1.183360
1788 1.184497
1789 1.184816
1790 1.183822
1791 1.184757
1792 1.184579
1793 1.184426
1794 1.184070
1795 1.184212
1796 1.183538
1797 1.181348
1798 1.181478
1799 1.183159
1800 1.182768
1801 1.183632
1802 1.183703
1803 1.183561
1804 1.183100
1805 1.180827
1806 1.182129
1807 1.182875
1808 1.183656
1809 1.181951
1810 1.180839
1811 1.179134
1812 1.179217
1813 1.179631
1814 1.179087
1815 1.176920
1816 1.175606
1817 1.175713
1818 1.177417
1819 1.177500
1820 1.178033
1821 1.178045
1822 1.177879
1823 1.179087
1824 1.180827
1825 1.180472
1826 1.180768
1827 1.182460
1828 1.182401
1829 1.182792
1830 1.183277
1831 1.184212
1832 1.184935
1833 1.187468
1834 1.184520
1835 1.183443
1836 1.183703
1837 1.183100
1838 1.182484
1839 1.181928
1840 1.180685
1841 1.182259
1842 1.183869
1843 1.183656
1844 1.183360
1845 1.182839
1846 1.183502
1847 1.181928
1848 1.181892
1849 1.182508
1850 1.181750
1851 1.181075
1852 1.180448
1853 1.180649
1854 1.180815
1855 1.180732
1856 1.180827
1857 1.179489
1858 1.179702
1859 1.178601
1860 1.176281
1861 1.178471
1862 1.179761
1863 1.180460
1864 1.180401
1865 1.180507
1866 1.180933
1867 1.179584
1868 1.179465
1869 1.180353
1870 1.180756
1871 1.180981
1872 1.180176
1873 1.179974
1874 1.179513
1875 1.181158
1876 1.182378
1877 1.182508
1878 1.181549
1879 1.181229
1880 1.180495
1881 1.179477
1882 1.180602
1883 1.180389
1884 1.180945
1885 1.181288
1886 1.182117
1887 1.182827
1888 1.184248
1889 1.185219
1890 1.185160
1891 1.184437
1892 1.183561
1893 1.183431
1894 1.182650
1895 1.182165
1896 1.182958
1897 1.181928
1898 1.183277
1899 1.183254
1900 1.181667
1901 1.180377
1902 1.180448
1903 1.179750
1904 1.180791
1905 1.180401
1906 1.181194
1907 1.182259
1908 1.182981
1909 1.183869
1910 1.182685
1911 1.183550
1912 1.184378
1913 1.184248
1914 1.186024
1915 1.185041
1916 1.183703
1917 1.184295
1918 1.185337
1919 1.184118
1920 1.184378
1921 1.184366
1922 1.183561
1923 1.184023
1924 1.184698
1925 1.185100
1926 1.183526
1927 1.185017
1928 1.184686
1929 1.183336
1930 1.184177
1931 1.184094
1932 1.184437
1933 1.185432
1934 1.184781
1935 1.186000
1936 1.185574
1937 1.184745
1938 1.184497
1939 1.183396
1940 1.182011
1941 1.181584
1942 1.180034
1943 1.178921
1944 1.179323
1945 1.180424
1946 1.179797
1947 1.177453
1948 1.178566
1949 1.178625
1950 1.178388
1951 1.178317
1952 1.178317
1953 1.178649
1954 1.179110
1955 1.177690
1956 1.176316
1957 1.176494
1958 1.176056
1959 1.176257
1960 1.176482
1961 1.177027
1962 1.176743
1963 1.177110
1964 1.177773
1965 1.178921
1966 1.179761
1967 1.182165
1968 1.181549
1969 1.182721
1970 1.182804
1971 1.184343
1972 1.184485
1973 1.184319
1974 1.184272
1975 1.184733
1976 1.185183
1977 1.183798
1978 1.184224
1979 1.184414
1980 1.184935
1981 1.186391
1982 1.185704
1983 1.184840
1984 1.183419
1985 1.184757
1986 1.185349
1987 1.185089
1988 1.184461
1989 1.185100
1990 1.185361
1991 1.185006
1992 1.185384
1993 1.184745
1994 1.185550
1995 1.185160
1996 1.185562
1997 1.185740
1998 1.185633
1999 1.186083
2000 1.186450
2001 1.186722
2002 1.186841
2003 1.186533
2004 1.185716
2005 1.185645
2006 1.185503
2007 1.184757
2008 1.183301
2009 1.183479
2010 1.182543
2011 1.181016
2012 1.180803
2013 1.179738
2014 1.180590
2015 1.180850
2016 1.181170
2017 1.180105
2018 1.180176
2019 1.180448
2020 1.180543
2021 1.181620
2022 1.181632
2023 1.180472
2024 1.179288
2025 1.178317
2026 1.178850
2027 1.178199
2028 1.178400
2029 1.179347
2030 1.179868
2031 1.181383
2032 1.181490
2033 1.182378
2034 1.183360
2035 1.182898
2036 1.182827
2037 1.181371
2038 1.180235
2039 1.180235
2040 1.180862
2041 1.179832
2042 1.179998
2043 1.180282
2044 1.179312
2045 1.178637
2046 1.179536
2047 1.181146
2048 1.180697
2049 1.179394
2050 1.180436
2051 1.180045
2052 1.180779
2053 1.180555
2054 1.182887
2055 1.184106
2056 1.183052
2057 1.183940
2058 1.183514
2059 1.184639
2060 1.185290
2061 1.185455
2062 1.184875
2063 1.184674
2064 1.184686
2065 1.185017
2066 1.183703
2067 1.184153
2068 1.184757
2069 1.184887
2070 1.184840
2071 1.185444
2072 1.185680
2073 1.186876
2074 1.187279
2075 1.188119
2076 1.188214
2077 1.188735
2078 1.188273
2079 1.189362
2080 1.188190
2081 1.187918
2082 1.188758
2083 1.188308
2084 1.186343
2085 1.186568
2086 1.186533
2087 1.186770
2088 1.187137
2089 1.186521
2090 1.185242
2091 1.186876
2092 1.186296
2093 1.185136
2094 1.185882
2095 1.185905
2096 1.184378
2097 1.185455
2098 1.183905
2099 1.184875
2100 1.183988
2101 1.183526
2102 1.183123
2103 1.183100
2104 1.182958
2105 1.182307
2106 1.182969
2107 1.182721
2108 1.183668
2109 1.185290
2110 1.185929
2111 1.186320
2112 1.186959
2113 1.187953
2114 1.188368
2115 1.186556
2116 1.186912
2117 1.186083
2118 1.185148
2119 1.184437
2120 1.184627
2121 1.186012
2122 1.185988
2123 1.185787
2124 1.187527
2125 1.186142
2126 1.186971
2127 1.186201
2128 1.186296
2129 1.183928
2130 1.183277
2131 1.182011
2132 1.181644
2133 1.181999
2134 1.181904
2135 1.181040
2136 1.180519
2137 1.179442
2138 1.179501
2139 1.180910
2140 1.179844
2141 1.178767
2142 1.178163
2143 1.176577
2144 1.176328
2145 1.176376
2146 1.176044
2147 1.176056
2148 1.175843
2149 1.175535
2150 1.176494
2151 1.177548
2152 1.177690
2153 1.176399
2154 1.177086
2155 1.176115
2156 1.176245
2157 1.175358
2158 1.176151
2159 1.177571
2160 1.177240
2161 1.176340
2162 1.176423
2163 1.175950
2164 1.175606
2165 1.175535
2166 1.177406
2167 1.177832
2168 1.177867
2169 1.177228
2170 1.177228
2171 1.178329
2172 1.179536
2173 1.181762
2174 1.182330
2175 1.182827
2176 1.183171
2177 1.182958
2178 1.183348
2179 1.182200
2180 1.181667
2181 1.180448
2182 1.180306
2183 1.180211
2184 1.180117
2185 1.180590
2186 1.179986
2187 1.179536
2188 1.180010
2189 1.179051
2190 1.178211
2191 1.178933
2192 1.179217
2193 1.178530
2194 1.178684
2195 1.179312
2196 1.178826
2197 1.179027
2198 1.180353
2199 1.179513
2200 1.179110
2201 1.179027
2202 1.180685
2203 1.181667
2204 1.182105
2205 1.182958
2206 1.183443
2207 1.182875
2208 1.184414
2209 1.183112
2210 1.183479
2211 1.181691
2212 1.181833
2213 1.181324
2214 1.181596
2215 1.180436
2216 1.179004
2217 1.178980
2218 1.177879
2219 1.178589
2220 1.179631
2221 1.179371
2222 1.178305
2223 1.178566
2224 1.178199
2225 1.176707
2226 1.178246
2227 1.178069
2228 1.180117
2229 1.182271
2230 1.183088
2231 1.183123
2232 1.182460
2233 1.182484
2234 1.182780
2235 1.184212
2236 1.184070
2237 1.185645
2238 1.184295
2239 1.184923
2240 1.186462
2241 1.187361
2242 1.188214
2243 1.189125
2244 1.190617
2245 1.189457
2246 1.188628
2247 1.187527
2248 1.186130
2249 1.186107
2250 1.184603
2251 1.183798
2252 1.184331
2253 1.183846
2254 1.184426
2255 1.184508
2256 1.184343
2257 1.183621
2258 1.184390
2259 1.183739
2260 1.184497
2261 1.182460
2262 1.181715
2263 1.181087
2264 1.181928
2265 1.181123
2266 1.179454
2267 1.178980
2268 1.178862
2269 1.178554
2270 1.178258
2271 1.178542
2272 1.177346
2273 1.177287
2274 1.179051
2275 1.180531
2276 1.182898
2277 1.181880
2278 1.181691
2279 1.181904
2280 1.181158
2281 1.180827
2282 1.181490
2283 1.184307
2284 1.184982
2285 1.186154
2286 1.185976
2287 1.185077
2288 1.186260
2289 1.185089
2290 1.185017
2291 1.184994
2292 1.186616
2293 1.189137
2294 1.189102
2295 1.187160
2296 1.186841
2297 1.186355
2298 1.185171
2299 1.186414
2300 1.186012
2301 1.186651
2302 1.187125
2303 1.187693
2304 1.188675
2305 1.189090
2306 1.189670
2307 1.190368
2308 1.189966
2309 1.187799
2310 1.187184
2311 1.186355
2312 1.186852
2313 1.187243
2314 1.187432
2315 1.186332
2316 1.187208
2317 1.186189
2318 1.185077
2319 1.184875
2320 1.185325
2321 1.184662
2322 1.183857
2323 1.182981
2324 1.183348
2325 1.182697
2326 1.182437
2327 1.183183
2328 1.184390
2329 1.183277
2330 1.183159
2331 1.183112
2332 1.182330
2333 1.182034
2334 1.181632
2335 1.181229
2336 1.181265
2337 1.181040
2338 1.180117
2339 1.178293
2340 1.177773
2341 1.177678
2342 1.177311
2343 1.179181
2344 1.180555
2345 1.179631
2346 1.181182
2347 1.179454
2348 1.179702
2349 1.178696
2350 1.179323
2351 1.177832
2352 1.178211
2353 1.177713
2354 1.178009
2355 1.178317
2356 1.179951
2357 1.179679
2358 1.178412
2359 1.178672
2360 1.177702
2361 1.176885
2362 1.177228
2363 1.177252
2364 1.178589
2365 1.180495
2366 1.180708
2367 1.180673
2368 1.181241
2369 1.181206
2370 1.183100
2371 1.185254
2372 1.185219
2373 1.185633
2374 1.186971
2375 1.186450
2376 1.186142
2377 1.185870
2378 1.185917
2379 1.185290
2380 1.183786
2381 1.184662
2382 1.186118
2383 1.186272
2384 1.186024
2385 1.184035
2386 1.185089
2387 1.184698
2388 1.182520
2389 1.181442
2390 1.179951
2391 1.180424
2392 1.180010
2393 1.180768
2394 1.180898
2395 1.182295
2396 1.181454
2397 1.182188
2398 1.182318
2399 1.182650
2400 1.183739
2401 1.183644
2402 1.182946
2403 1.181798
2404 1.182342
2405 1.182247
2406 1.180862
2407 1.180176
2408 1.179323
2409 1.179536
2410 1.182307
2411 1.181300
2412 1.181371
2413 1.181182
2414 1.181667
2415 1.182070
2416 1.181738
2417 1.180756
2418 1.181300
2419 1.182413
2420 1.182200
2421 1.181691
2422 1.181087
2423 1.181596
2424 1.183135
2425 1.182165
2426 1.183526
2427 1.183917
2428 1.182721
2429 1.183076
2430 1.183230
2431 1.181513
2432 1.181004
2433 1.181987
2434 1.181940
2435 1.182638
2436 1.181987
2437 1.183171
2438 1.183123
2439 1.184686
2440 1.183289
2441 1.184118
2442 1.184698
2443 1.185574
2444 1.183431
2445 1.184165
2446 1.185124
2447 1.185586
2448 1.184864
2449 1.185148
2450 1.185870
2451 1.186497
2452 1.186604
2453 1.186071
2454 1.185207
2455 1.185621
2456 1.186438
2457 1.187172
2458 1.186012
2459 1.186556
2460 1.185503
2461 1.184935
2462 1.184224
2463 1.184698
2464 1.184781
2465 1.183408
2466 1.183928
2467 1.183976
2468 1.183336
2469 1.183644
2470 1.184473
2471 1.184698
2472 1.184544
2473 1.184875
2474 1.184804
2475 1.183846
2476 1.183467
2477 1.183999
2478 1.184248
2479 1.184343
2480 1.185751
2481 1.184958
2482 1.185609
2483 1.186296
2484 1.186225
2485 1.186556
2486 1.185491
2487 1.185396
2488 1.185053
2489 1.186474
2490 1.186533
2491 1.186935
2492 1.187196
2493 1.186923
2494 1.187089
2495 1.187255
2496 1.185988
2497 1.186852
2498 1.188190
2499 1.187148
2500 1.185337
2501 1.185657
2502 1.185929
2503 1.186568
2504 1.188155
2505 1.187622
2506 1.188746
2507 1.187527
2508 1.186497
2509 1.186746
2510 1.187125
2511 1.187196
2512 1.185621
2513 1.186592
2514 1.186675
2515 1.186687
2516 1.187196
2517 1.187326
2518 1.186876
2519 1.184923
2520 1.185432
2521 1.184852
2522 1.183988
2523 1.183041
2524 1.183502
2525 1.183171
2526 1.184887
2527 1.185657
2528 1.187172
2529 1.186876
2530 1.186142
2531 1.186095
2532 1.186864
2533 1.186746
2534 1.186130
2535 1.186083
2536 1.184899
2537 1.186320
2538 1.186616
2539 1.187681
2540 1.188273
2541 1.187598
2542 1.186426
2543 1.187089
2544 1.187551
2545 1.186983
2546 1.186722
2547 1.186770
2548 1.188095
2549 1.187113
2550 1.186391
2551 1.184508
2552 1.185089
2553 1.184935
2554 1.184260
2555 1.185740
2556 1.184781
2557 1.182851
2558 1.182354
2559 1.182460
2560 1.183254
2561 1.183135
2562 1.182200
2563 1.183052
2564 1.183585
2565 1.184094
2566 1.182721
2567 1.183668
2568 1.184319
2569 1.185266
2570 1.184698
2571 1.185231
2572 1.185242
2573 1.184130
2574 1.184852
2575 1.185302
2576 1.185988
2577 1.185302
2578 1.183798
2579 1.184899
2580 1.184047
2581 1.185692
2582 1.184781
2583 1.184047
2584 1.183905
2585 1.184840
2586 1.184165
2587 1.183869
2588 1.183052
2589 1.181916
2590 1.182543
2591 1.181135
2592 1.181857
2593 1.181395
2594 1.183005
2595 1.182946
2596 1.182567
2597 1.182756
2598 1.182981
2599 1.183621
2600 1.185053
2601 1.184899
2602 1.184153
2603 1.183822
2604 1.182875
2605 1.183455
2606 1.184248
2607 1.184710
2608 1.184911
2609 1.183396
2610 1.183230
2611 1.182283
2612 1.180803
2613 1.181040
2614 1.179809
2615 1.178495
2616 1.178755
2617 1.179454
2618 1.179974
2619 1.178696
2620 1.178140
2621 1.178980
2622 1.178874
2623 1.178660
2624 1.177832
2625 1.176802
2626 1.176683
2627 1.176459
2628 1.177607
2629 1.174778
2630 1.175334
2631 1.175796
2632 1.176648
2633 1.177015
2634 1.178222
2635 1.179868
2636 1.180022
2637 1.180105
2638 1.179821
2639 1.178779
2640 1.178436
2641 1.177027
2642 1.176044
2643 1.177074
2644 1.177181
2645 1.178388
2646 1.177678
2647 1.179181
2648 1.179193
2649 1.179323
2650 1.179122
2651 1.178850
2652 1.179454
2653 1.180661
2654 1.180815
2655 1.180235
2656 1.182129
2657 1.181691
2658 1.181371
2659 1.180649
2660 1.179797
2661 1.180602
2662 1.181833
2663 1.181999
2664 1.183538
2665 1.183313
2666 1.183893
2667 1.183218
2668 1.185148
2669 1.184141
2670 1.184378
2671 1.184319
2672 1.184769
2673 1.185550
2674 1.186379
2675 1.185669
2676 1.184923
2677 1.184118
2678 1.183881
2679 1.183479
2680 1.184307
2681 1.183479
2682 1.183171
2683 1.182224
2684 1.181892
2685 1.181738
2686 1.181206
2687 1.183052
2688 1.184982
2689 1.183644
2690 1.183514
2691 1.184141
2692 1.184378
2693 1.183964
2694 1.181798
2695 1.183692
2696 1.184662
2697 1.184816
2698 1.184627
2699 1.184461
2700 1.185313
2701 1.184864
2702 1.183964
2703 1.183597
2704 1.182484
2705 1.182697
2706 1.183206
2707 1.184769
2708 1.184461
2709 1.184319
2710 1.185716
2711 1.186509
2712 1.187065
2713 1.187764
2714 1.187184
2715 1.187740
2716 1.186994
2717 1.187350
2718 1.188084
2719 1.188107
2720 1.189173
2721 1.190783
2722 1.189421
2723 1.189457
2724 1.189102
2725 1.189847
2726 1.189350
2727 1.188865
2728 1.188155
2729 1.189528
2730 1.190534
2731 1.191256
2732 1.190960
2733 1.190617
2734 1.190356
2735 1.187918
2736 1.186036
2737 1.187243
2738 1.186260
2739 1.187314
2740 1.187042
2741 1.186947
2742 1.187480
2743 1.186012
2744 1.185621
2745 1.185467
2746 1.184047
2747 1.185195
2748 1.186012
2749 1.185586
2750 1.184852
2751 1.184674
2752 1.184189
2753 1.183585
2754 1.182543
2755 1.182212
2756 1.182425
2757 1.183135
2758 1.184437
2759 1.185337
2760 1.185692
2761 1.185941
2762 1.185716
2763 1.185491
2764 1.186923
2765 1.187835
2766 1.186556
2767 1.185692
2768 1.185503
2769 1.185041
2770 1.185124
2771 1.183313
2772 1.182993
2773 1.182460
2774 1.181762
2775 1.181075
2776 1.180531
2777 1.181632
2778 1.182271
2779 1.181561
2780 1.183194
2781 1.183703
2782 1.183905
2783 1.183928
2784 1.182934
2785 1.184485
2786 1.184331
2787 1.184059
2788 1.184059
2789 1.185112
2790 1.185207
2791 1.183680
2792 1.182614
2793 1.184437
2794 1.184733
2795 1.184059
2796 1.183526
2797 1.182887
2798 1.183289
2799 1.183052
2800 1.184165
2801 1.185349
2802 1.184153
2803 1.184094
2804 1.184059
2805 1.183384
2806 1.182034
2807 1.182318
2808 1.183467
2809 1.182330
2810 1.183573
2811 1.184733
2812 1.185941
2813 1.183952
2814 1.183609
2815 1.183928
2816 1.182437
2817 1.180294
2818 1.182389
2819 1.182792
2820 1.183514
2821 1.182816
2822 1.184674
2823 1.185396
2824 1.185124
2825 1.185065
2826 1.186130
2827 1.186438
2828 1.186095
2829 1.185313
2830 1.184875
2831 1.184982
2832 1.184224
2833 1.185337
2834 1.184946
2835 1.184497
2836 1.186107
2837 1.185799
2838 1.183786
2839 1.183727
2840 1.182236
2841 1.183029
2842 1.181928
2843 1.182579
2844 1.183301
2845 1.183774
2846 1.185089
2847 1.184875
2848 1.186616
2849 1.187065
2850 1.186746
2851 1.188036
2852 1.188119
2853 1.187989
2854 1.187717
2855 1.186900
2856 1.185929
2857 1.184319
2858 1.182709
2859 1.183123
2860 1.183029
2861 1.183396
2862 1.183360
2863 1.182863
2864 1.182236
2865 1.181951
2866 1.182827
2867 1.180850
2868 1.179252
2869 1.177784
2870 1.178637
2871 1.177619
2872 1.178258
2873 1.177962
2874 1.178045
2875 1.179394
2876 1.181004
2877 1.184212
2878 1.183183
2879 1.183017
2880 1.180602
2881 1.179761
2882 1.178779
2883 1.178980
2884 1.178518
2885 1.177690
2886 1.178909
2887 1.180401
2888 1.179868
2889 1.180815
2890 1.181667
2891 1.182188
2892 1.181951
2893 1.181312
2894 1.181537
2895 1.181726
2896 1.181194
2897 1.181217
2898 1.180247
2899 1.181182
2900 1.181809
2901 1.183585
2902 1.181928
2903 1.181655
2904 1.182875
2905 1.183905
2906 1.183538
2907 1.182129
2908 1.183621
2909 1.182437
2910 1.181644
2911 1.182070
2912 1.180827
2913 1.179939
2914 1.180223
2915 1.180341
2916 1.179951
2917 1.179844
2918 1.177015
2919 1.177548
2920 1.177050
2921 1.174659
2922 1.174280
2923 1.174115
2924 1.175239
2925 1.175701
2926 1.174351
2927 1.175145
2928 1.175192
2929 1.174896
2930 1.175855
2931 1.174209
2932 1.175429
2933 1.175807
2934 1.176210
2935 1.175429
2936 1.175606
2937 1.176021
2938 1.175085
2939 1.173570
2940 1.173404
2941 1.175204
2942 1.177370
2943 1.178424
2944 1.180614
2945 1.181715
2946 1.181691
2947 1.182603
2948 1.184366
2949 1.184414
2950 1.185278
2951 1.186036
2952 1.186000
2953 1.184331
2954 1.184236
2955 1.185100
2956 1.185775
2957 1.184284
2958 1.183277
2959 1.182508
2960 1.181644
2961 1.180957
2962 1.178459
2963 1.179027
2964 1.180223
2965 1.180365
2966 1.181419
2967 1.181786
2968 1.182638
2969 1.182579
2970 1.181537
2971 1.180259
2972 1.179217
2973 1.177725
2974 1.178222
2975 1.180152
2976 1.180330
2977 1.179122
2978 1.179288
2979 1.181715
2980 1.181679
2981 1.181383
2982 1.184674
2983 1.184556
2984 1.185953
2985 1.185254
2986 1.184272
2987 1.184201
2988 1.184035
2989 1.183964
2990 1.184141
2991 1.183905
2992 1.184852
2993 1.186000
2994 1.184994
2995 1.184970
2996 1.185858
2997 1.184875
2998 1.186071
2999 1.184485
3000 1.184994
3001 1.184248
3002 1.185905
3003 1.183538
3004 1.182898
3005 1.183561
3006 1.182910
3007 1.182283
3008 1.183301
3009 1.184828
3010 1.183455
3011 1.182946
3012 1.181632
3013 1.181679
3014 1.181407
3015 1.180318
3016 1.180045
3017 1.179347
3018 1.179501
3019 1.180495
3020 1.182082
3021 1.184319
3022 1.183739
3023 1.185124
3024 1.183727
3025 1.185692
3026 1.184094
3027 1.183313
3028 1.182863
3029 1.183183
3030 1.182934
3031 1.183194
3032 1.182662
3033 1.183621
3034 1.183881
3035 1.183810
3036 1.185160
3037 1.184532
3038 1.184579
3039 1.184260
3040 1.184603
3041 1.183834
3042 1.184319
3043 1.184816
3044 1.183881
3045 1.184236
3046 1.182863
3047 1.184118
3048 1.183561
3049 1.182697
3050 1.183171
3051 1.183064
3052 1.182733
3053 1.181561
3054 1.181360
3055 1.181312
3056 1.181336
3057 1.180827
3058 1.181028
3059 1.181726
3060 1.182141
3061 1.181502
3062 1.181312
3063 1.180874
3064 1.179797
3065 1.178968
3066 1.179702
3067 1.182093
3068 1.182591
3069 1.182745
3070 1.183656
3071 1.183751
3072 1.181679
3073 1.180862
3074 1.181632
3075 1.181099
3076 1.180259
3077 1.181762
3078 1.182259
3079 1.182922
3080 1.181300
3081 1.181596
3082 1.182105
3083 1.183313
3084 1.181774
3085 1.182496
3086 1.183088
3087 1.183621
3088 1.185077
3089 1.185704
3090 1.184153
3091 1.182839
3092 1.181999
3093 1.182827
3094 1.183621
3095 1.183348
3096 1.183419
3097 1.182117
3098 1.182188
3099 1.182082
3100 1.180969
3101 1.181087
3102 1.183218
3103 1.184082
3104 1.184118
3105 1.183159
3106 1.182354
3107 1.183159
3108 1.183585
3109 1.183147
3110 1.183372
3111 1.183514
3112 1.183017
3113 1.181099
3114 1.181525
3115 1.183041
3116 1.182555
3117 1.182011
3118 1.183348
3119 1.183739
3120 1.186260
3121 1.186580
3122 1.185562
3123 1.185751
3124 1.186521
3125 1.185882
3126 1.185811
3127 1.187279
3128 1.186580
3129 1.187977
3130 1.188510
3131 1.186935
3132 1.186047
3133 1.185988
3134 1.185254
3135 1.184461
3136 1.184497
3137 1.183372
3138 1.182484
3139 1.183029
3140 1.182792
3141 1.183100
3142 1.183703
3143 1.182697
3144 1.183988
3145 1.182129
3146 1.182224
3147 1.182389
3148 1.182780
3149 1.181857
3150 1.180732
3151 1.180803
3152 1.181087
3153 1.181513
3154 1.181265
3155 1.182318
3156 1.182721
3157 1.182472
3158 1.183656
3159 1.184070
3160 1.183703
3161 1.182887
3162 1.182875
3163 1.181833
3164 1.182129
3165 1.180815
3166 1.180448
3167 1.179631
3168 1.179489
3169 1.181348
3170 1.181596
3171 1.182259
3172 1.183952
3173 1.183857
3174 1.183621
3175 1.185053
3176 1.185870
3177 1.184248
3178 1.183242
3179 1.183277
3180 1.184307
3181 1.185941
3182 1.186036
3183 1.184710
3184 1.185254
3185 1.184710
3186 1.184769
3187 1.183905
3188 1.184544
3189 1.184047
3190 1.182816
3191 1.183514
3192 1.183052
3193 1.182449
3194 1.181750
3195 1.182318
3196 1.185124
3197 1.184828
3198 1.183822
3199 1.184935
3200 1.184177
3201 1.184035
3202 1.183621
3203 1.183928
3204 1.184307
3205 1.183230
3206 1.183384
3207 1.183242
3208 1.183064
3209 1.182650
3210 1.182034
3211 1.182934
3212 1.184118
3213 1.184106
3214 1.184958
3215 1.185538
3216 1.184840
3217 1.184840
3218 1.182330
3219 1.182176
3220 1.182756
3221 1.181644
3222 1.182046
3223 1.181916
3224 1.182520
3225 1.182839
3226 1.181537
3227 1.183538
3228 1.184745
3229 1.185834
3230 1.185361
3231 1.184201
3232 1.183656
3233 1.183147
3234 1.184958
3235 1.185361
3236 1.184165
3237 1.184307
3238 1.185740
3239 1.185479
3240 1.185325
3241 1.184461
3242 1.183786
3243 1.183964
3244 1.183135
3245 1.184615
3246 1.185148
3247 1.184911
3248 1.184722
3249 1.183798
3250 1.184295
3251 1.185586
3252 1.186533
3253 1.186805
3254 1.186166
3255 1.186781
3256 1.187740
3257 1.187847
3258 1.188675
3259 1.189741
3260 1.189409
3261 1.188202
3262 1.187859
3263 1.187610
3264 1.187030
3265 1.186556
3266 1.185633
3267 1.184070
3268 1.183325
3269 1.183727
3270 1.181454
3271 1.181075
3272 1.180282
3273 1.180732
3274 1.182247
3275 1.181241
3276 1.180555
3277 1.180022
3278 1.179809
3279 1.178755
3280 1.179596
3281 1.178660
3282 1.179229
3283 1.178613
3284 1.181348
3285 1.182780
3286 1.183964
3287 1.184935
3288 1.185621
3289 1.186876
3290 1.185503
3291 1.184497
3292 1.185822
3293 1.185929
3294 1.185420
3295 1.186663
3296 1.186379
3297 1.185384
3298 1.185396
3299 1.185077
3300 1.185077
3301 1.183147
3302 1.183479
3303 1.184426
3304 1.185171
3305 1.185041
3306 1.186036
3307 1.186047
3308 1.185621
3309 1.186059
3310 1.186047
3311 1.184745
3312 1.185503
3313 1.185740
3314 1.184970
3315 1.184272
3316 1.184520
3317 1.184875
3318 1.183502
3319 1.183029
3320 1.182153
3321 1.181916
3322 1.182401
3323 1.182176
3324 1.183479
3325 1.183206
3326 1.182626
3327 1.181821
3328 1.180850
3329 1.181774
3330 1.182981
3331 1.183076
3332 1.181123
3333 1.181999
3334 1.181431
3335 1.179963
3336 1.179501
3337 1.179323
3338 1.181798
3339 1.182307
3340 1.182401
3341 1.181655
3342 1.180649
3343 1.181004
3344 1.181312
3345 1.182330
3346 1.183277
3347 1.181904
3348 1.182022
3349 1.181703
3350 1.182508
3351 1.182271
3352 1.182046
3353 1.181146
3354 1.182153
3355 1.181490
3356 1.181703
3357 1.181348
3358 1.181584
3359 1.182129
3360 1.182141
3361 1.181004
3362 1.179832
3363 1.178412
3364 1.179868
3365 1.179584
3366 1.176612
3367 1.175725
3368 1.176210
3369 1.176210
3370 1.175133
3371 1.175440
3372 1.176399
3373 1.176873
3374 1.178720
3375 1.179181
3376 1.178542
3377 1.177311
3378 1.178353
3379 1.178885
3380 1.177595
3381 1.179051
3382 1.180211
3383 1.181857
3384 1.182543
3385 1.183408
3386 1.183538
3387 1.184804
3388 1.184414
3389 1.184070
3390 1.184118
3391 1.184094
3392 1.184840
3393 1.184343
3394 1.184639
3395 1.184106
3396 1.185373
3397 1.182863
3398 1.181229
3399 1.181750
3400 1.182105
3401 1.182070
3402 1.182366
3403 1.181845
3404 1.181146
3405 1.178601
3406 1.177631
3407 1.177903
3408 1.177394
3409 1.178731
3410 1.178625
3411 1.179359
3412 1.179098
3413 1.179181
3414 1.178507
3415 1.177749
3416 1.177773
3417 1.178708
3418 1.178483
3419 1.178862
3420 1.179252
3421 1.179631
3422 1.177027
3423 1.176139
3424 1.176506
3425 1.176695
3426 1.176707
3427 1.177193
3428 1.177678
3429 1.178649
3430 1.179347
3431 1.180981
3432 1.182283
3433 1.181584
3434 1.181454
3435 1.181016
3436 1.181194
3437 1.181833
3438 1.180957
3439 1.180330
3440 1.180555
3441 1.179063
3442 1.177346
3443 1.177228
3444 1.177252
3445 1.177311
3446 1.177228
3447 1.179193
3448 1.180401
3449 1.179844
3450 1.180661
3451 1.181312
3452 1.182389
3453 1.181667
3454 1.181454
3455 1.180791
3456 1.180543
3457 1.180412
3458 1.179087
3459 1.178376
3460 1.177761
3461 1.177654
3462 1.179347
3463 1.182259
3464 1.181596
3465 1.179927
3466 1.180069
3467 1.181549
3468 1.182093
3469 1.183526
3470 1.182922
3471 1.183443
3472 1.183952
3473 1.183112
3474 1.182922
3475 1.184497
3476 1.185550
3477 1.185976
3478 1.186474
3479 1.184935
3480 1.184710
3481 1.184366
3482 1.183538
3483 1.182875
3484 1.184212
3485 1.184390
3486 1.182922
3487 1.181975
3488 1.183029
3489 1.183999
3490 1.185941
3491 1.186923
3492 1.187018
3493 1.186154
3494 1.186722
3495 1.186616
3496 1.186296
3497 1.185929
3498 1.186616
3499 1.186639
3500 1.185846
3501 1.184437
3502 1.183017
3503 1.183372
3504 1.182472
3505 1.182271
3506 1.182200
3507 1.182165
3508 1.182295
3509 1.183715
3510 1.184935
3511 1.184722
3512 1.184591
3513 1.183218
3514 1.183348
3515 1.182827
3516 1.183881
3517 1.181525
3518 1.181253
3519 1.181537
3520 1.180507
3521 1.178637
3522 1.179098
3523 1.179560
3524 1.181833
3525 1.183289
3526 1.184189
3527 1.184106
3528 1.184532
3529 1.185124
3530 1.184568
3531 1.185704
3532 1.185479
3533 1.186178
3534 1.185822
3535 1.184745
3536 1.183490
3537 1.183561
3538 1.183112
3539 1.182579
3540 1.182603
3541 1.181904
3542 1.183171
3543 1.183159
3544 1.183573
3545 1.181703
3546 1.180862
3547 1.181513
3548 1.182354
3549 1.182756
3550 1.181170
3551 1.180306
3552 1.180472
3553 1.180685
3554 1.181229
3555 1.180779
3556 1.181158
3557 1.181383
3558 1.181762
3559 1.182082
3560 1.181620
3561 1.182638
3562 1.182425
3563 1.182105
3564 1.182354
3565 1.182389
3566 1.182603
3567 1.183940
3568 1.184674
3569 1.183490
3570 1.184426
3571 1.183976
3572 1.183999
3573 1.185562
3574 1.184923
3575 1.186592
3576 1.185929
3577 1.185231
3578 1.185467
3579 1.184414
3580 1.183905
3581 1.183857
3582 1.184603
3583 1.183218
3584 1.183692
3585 1.183917
3586 1.184591
3587 1.184639
3588 1.184331
3589 1.184011
3590 1.184793
3591 1.183857
3592 1.184710
3593 1.184437
3594 1.184070
3595 1.183621
3596 1.184497
3597 1.184698
3598 1.183550
3599 1.184520
3600 1.184757
3601 1.185846
3602 1.186438
3603 1.184769
3604 1.183846
3605 1.183632
3606 1.183703
3607 1.182366
3608 1.181892
3609 1.181395
3610 1.181265
3611 1.182188
3612 1.182271
3613 1.182709
3614 1.184165
3615 1.184544
3616 1.183277
3617 1.183408
3618 1.183277
3619 1.184568
3620 1.186166
3621 1.186805
3622 1.186343
3623 1.186746
3624 1.186474
3625 1.186095
3626 1.185432
3627 1.185195
3628 1.185527
3629 1.185077
3630 1.184082
3631 1.184970
3632 1.184946
3633 1.184804
3634 1.184284
3635 1.183999
3636 1.184260
3637 1.183846
3638 1.184757
3639 1.184769
3640 1.184757
3641 1.183644
3642 1.182472
3643 1.182330
3644 1.181158
3645 1.182141
3646 1.182212
3647 1.180969
3648 1.180626
3649 1.181099
3650 1.182153
3651 1.180839
3652 1.181762
3653 1.182685
3654 1.183100
3655 1.183988
3656 1.183088
3657 1.182839
3658 1.183538
3659 1.183064
3660 1.183408
3661 1.183041
3662 1.182330
3663 1.182295
3664 1.181466
3665 1.181738
3666 1.181774
3667 1.180993
3668 1.182176
3669 1.182472
3670 1.182484
3671 1.182816
3672 1.183218
3673 1.183029
3674 1.182887
3675 1.182579
3676 1.183621
3677 1.184520
3678 1.183774
3679 1.185231
3680 1.186201
3681 1.185740
3682 1.185053
3683 1.185491
3684 1.185420
3685 1.184757
3686 1.184579
3687 1.183183
3688 1.182011
3689 1.182022
3690 1.181928
3691 1.182472
3692 1.181277
3693 1.180649
3694 1.179963
3695 1.180886
3696 1.181442
3697 1.182721
3698 1.182922
3699 1.183017
3700 1.183230
3701 1.182484
3702 1.181774
3703 1.180649
3704 1.180507
3705 1.180424
3706 1.179454
3707 1.178282
3708 1.178364
3709 1.178566
3710 1.179809
3711 1.180389
3712 1.180886
3713 1.181028
3714 1.180578
3715 1.181679
3716 1.181916
3717 1.182342
3718 1.183810
3719 1.183017
3720 1.182816
3721 1.183265
3722 1.182543
3723 1.182756
3724 1.182816
3725 1.183135
3726 1.184070
3727 1.183715
3728 1.183265
3729 1.181975
3730 1.182674
3731 1.183999
3732 1.183976
3733 1.184153
3734 1.183183
3735 1.183834
3736 1.182662
3737 1.182591
3738 1.181277
3739 1.181573
3740 1.181383
3741 1.180779
3742 1.181892
3743 1.182780
3744 1.180555
3745 1.180779
3746 1.180720
3747 1.178814
3748 1.179607
3749 1.180531
3750 1.181596
3751 1.181028
3752 1.181419
3753 1.182484
3754 1.182626
3755 1.182816
3756 1.184047
3757 1.182733
3758 1.183372
3759 1.184189
3760 1.185574
3761 1.184639
3762 1.184094
3763 1.184532
3764 1.183265
3765 1.183064
3766 1.183810
3767 1.184390
3768 1.185373
3769 1.186438
3770 1.184568
3771 1.183632
3772 1.183325
3773 1.182745
3774 1.183609
3775 1.183479
3776 1.182887
3777 1.183680
3778 1.185100
3779 1.186000
3780 1.185728
3781 1.186166
3782 1.185834
3783 1.185183
3784 1.184485
3785 1.185041
3786 1.183550
3787 1.184094
3788 1.185029
3789 1.184579
3790 1.183774
3791 1.183490
3792 1.183869
3793 1.183905
3794 1.183419
3795 1.183100
3796 1.182070
3797 1.181383
3798 1.183135
3799 1.183159
3800 1.183668
3801 1.182804
3802 1.183041
3803 1.182745
3804 1.182768
3805 1.182389
3806 1.183561
3807 1.183088
3808 1.183265
3809 1.182212
3810 1.182034
3811 1.183751
3812 1.183774
3813 1.184414
3814 1.184769
3815 1.185029
3816 1.184212
3817 1.182898
3818 1.182366
3819 1.180886
3820 1.181360
3821 1.181111
3822 1.180933
3823 1.180140
3824 1.179347
3825 1.179454
3826 1.179631
3827 1.178660
3828 1.179181
3829 1.178305
3830 1.178897
3831 1.177417
3832 1.176707
3833 1.176577
3834 1.177287
3835 1.177311
3836 1.177216
3837 1.175997
3838 1.176198
3839 1.176766
3840 1.176305
3841 1.176861
3842 1.175926
3843 1.177477
3844 1.179442
3845 1.179927
3846 1.180910
3847 1.181395
3848 1.180164
3849 1.179667
3850 1.180318
3851 1.179903
3852 1.180247
3853 1.180602
3854 1.179714
3855 1.179134
3856 1.178684
3857 1.179785
3858 1.179347
3859 1.179276
3860 1.178092
3861 1.177050
3862 1.175855
3863 1.176068
3864 1.177169
3865 1.178802
3866 1.178933
3867 1.178885
3868 1.179288
3869 1.178838
3870 1.179039
3871 1.179252
3872 1.179122
3873 1.179063
3874 1.178518
3875 1.177323
3876 1.176470
3877 1.177098
3878 1.177488
3879 1.177808
3880 1.178057
3881 1.178234
3882 1.179016
3883 1.179158
3884 1.180105
3885 1.181644
3886 1.180140
3887 1.180353
3888 1.180555
3889 1.182271
3890 1.180898
3891 1.182520
3892 1.181490
3893 1.181608
3894 1.182330
3895 1.184532
3896 1.184272
3897 1.184295
3898 1.185467
3899 1.184887
3900 1.184508
3901 1.184674
3902 1.185479
3903 1.185171
3904 1.184106
3905 1.186047
3906 1.187018
3907 1.186130
3908 1.187421
3909 1.188533
3910 1.188439
3911 1.188628
3912 1.188995
3913 1.188427
3914 1.185822
3915 1.184662
3916 1.184923
3917 1.185124
3918 1.185574
3919 1.184627
3920 1.184130
3921 1.185254
3922 1.184615
3923 1.185373
3924 1.183538
3925 1.182472
3926 1.182768
3927 1.183336
3928 1.183348
3929 1.184449
3930 1.183538
3931 1.183502
3932 1.185965
3933 1.185349
3934 1.186249
3935 1.187065
3936 1.186864
3937 1.187077
3938 1.185917
3939 1.184568
3940 1.184568
3941 1.184295
3942 1.183964
3943 1.183928
3944 1.184733
3945 1.184804
3946 1.184094
3947 1.183573
3948 1.182816
3949 1.182603
3950 1.182224
3951 1.181774
3952 1.181774
3953 1.182898
3954 1.182117
3955 1.181679
3956 1.181632
3957 1.181928
3958 1.182614
3959 1.184793
3960 1.184284
3961 1.183715
3962 1.183715
3963 1.184130
3964 1.184070
3965 1.183100
3966 1.182153
3967 1.180164
3968 1.179477
3969 1.180152
3970 1.180720
3971 1.179939
3972 1.179075
3973 1.179856
3974 1.179607
3975 1.179004
3976 1.179418
3977 1.178862
3978 1.180330
3979 1.180756
3980 1.180791
3981 1.181265
3982 1.182259
3983 1.184449
3984 1.185408
3985 1.187160
3986 1.186426
3987 1.184508
3988 1.184639
3989 1.185787
3990 1.187113
3991 1.188048
3992 1.187113
3993 1.187551
3994 1.187930
3995 1.186379
3996 1.185692
3997 1.186320
3998 1.186036
3999 1.185598
4000 1.184828
4001 1.184437
4002 1.185799
4003 1.186024
4004 1.185479
4005 1.185112
4006 1.184307
4007 1.185278
4008 1.184473
4009 1.184319
4010 1.184923
4011 1.185751
4012 1.186876
4013 1.186639
4014 1.188877
4015 1.188782
4016 1.189256
4017 1.191280
4018 1.190735
4019 1.190439
4020 1.190463
4021 1.188628
4022 1.188948
4023 1.187953
4024 1.188320
4025 1.188178
4026 1.189066
4027 1.189599
4028 1.190297
4029 1.189741
4030 1.190297
4031 1.190392
4032 1.190510
4033 1.191090
4034 1.191019
4035 1.191931
4036 1.193517
4037 1.192606
4038 1.191623
4039 1.190830
4040 1.190747
4041 1.190558
4042 1.189256
4043 1.189528
4044 1.190830
4045 1.188746
4046 1.188344
4047 1.187397
4048 1.186734
4049 1.188380
4050 1.187764
4051 1.187302
4052 1.188060
4053 1.187089
4054 1.186912
4055 1.187503
4056 1.185929
4057 1.186391
4058 1.187527
4059 1.187397
4060 1.188356
4061 1.187847
4062 1.188368
4063 1.188273
4064 1.187444
4065 1.186722
4066 1.188155
4067 1.186675
4068 1.186971
4069 1.186710
4070 1.186604
4071 1.186225
4072 1.186663
4073 1.186533
4074 1.186935
4075 1.186710
4076 1.186391
4077 1.187113
4078 1.185976
4079 1.185751
4080 1.185669
4081 1.184449
4082 1.183301
4083 1.182674
4084 1.182520
4085 1.181928
4086 1.182898
4087 1.181478
4088 1.180649
4089 1.180910
4090 1.181537
4091 1.181265
4092 1.180732
4093 1.180199
4094 1.181194
4095 1.182247
4096 1.182733
4097 1.183029
4098 1.182295
4099 1.183609
4100 1.184982
4101 1.185515
4102 1.186225
4103 1.184201
4104 1.184201
4105 1.185763
4106 1.185775
4107 1.184793
4108 1.184662
4109 1.185112
4110 1.183100
4111 1.183218
4112 1.183479
4113 1.183005
4114 1.181478
4115 1.181407
4116 1.182378
4117 1.181146
4118 1.182626
4119 1.182389
4120 1.181703
4121 1.181360
4122 1.182366
4123 1.182413
4124 1.182437
4125 1.181715
4126 1.181052
4127 1.181620
4128 1.183242
4129 1.182626
4130 1.183786
4131 1.183183
4132 1.183147
4133 1.182153
4134 1.182484
4135 1.182484
4136 1.183135
4137 1.183336
4138 1.183727
4139 1.183052
4140 1.183017
4141 1.183396
4142 1.184532
4143 1.185313
4144 1.185953
4145 1.185941
4146 1.185965
4147 1.186994
4148 1.186047
4149 1.187279
4150 1.186556
4151 1.187610
4152 1.188273
4153 1.188604
4154 1.187018
4155 1.186343
4156 1.186154
4157 1.187894
4158 1.188297
4159 1.188948
4160 1.188391
4161 1.189918
4162 1.189374
4163 1.188806
4164 1.189989
4165 1.189907
4166 1.189634
4167 1.190214
4168 1.189374
4169 1.188806
4170 1.188237
4171 1.187752
4172 1.187693
4173 1.186758
4174 1.186178
4175 1.186059
4176 1.186462
4177 1.187148
4178 1.185787
4179 1.185432
4180 1.185455
4181 1.184816
4182 1.185787
4183 1.185160
4184 1.184579
4185 1.183183
4186 1.182827
4187 1.183348
4188 1.183242
4189 1.182709
4190 1.182425
4191 1.183348
4192 1.183538
4193 1.183041
4194 1.183561
4195 1.184793
4196 1.183727
4197 1.183277
4198 1.183703
4199 1.184615
4200 1.185775
4201 1.185408
4202 1.185017
4203 1.186142
4204 1.184615
4205 1.182768
4206 1.182579
4207 1.182816
4208 1.182662
4209 1.183739
4210 1.183538
4211 1.184177
4212 1.184497
4213 1.183479
4214 1.183479
4215 1.182792
4216 1.184307
4217 1.184757
4218 1.185219
4219 1.185905
4220 1.185432
4221 1.185089
4222 1.184402
4223 1.183834
4224 1.183988
4225 1.184520
4226 1.184781
4227 1.184082
4228 1.183846
4229 1.182768
4230 1.182401
4231 1.182425
4232 1.182543
4233 1.181087
4234 1.179738
4235 1.179051
4236 1.178779
4237 1.179027
4238 1.179134
4239 1.180069
4240 1.178258
4241 1.179501
4242 1.180543
4243 1.179122
4244 1.177950
4245 1.177323
4246 1.175689
4247 1.176837
4248 1.176754
4249 1.177240
4250 1.178329
4251 1.177654
4252 1.177571
4253 1.178400
4254 1.179679
4255 1.179773
4256 1.180057
4257 1.180235
4258 1.180543
4259 1.180199
4260 1.179726
4261 1.179454
4262 1.179903
4263 1.179915
4264 1.179572
4265 1.180543
4266 1.180389
4267 1.180614
4268 1.181951
4269 1.183597
4270 1.182330
4271 1.180685
4272 1.181549
4273 1.181348
4274 1.182460
4275 1.182472
4276 1.183561
4277 1.182579
4278 1.181845
4279 1.182011
4280 1.183076
4281 1.182236
4282 1.181916
4283 1.181703
4284 1.181158
4285 1.181869
4286 1.182224
4287 1.183218
4288 1.183917
4289 1.183538
4290 1.183254
4291 1.184082
4292 1.185254
4293 1.185313
4294 1.185467
4295 1.186841
4296 1.186201
4297 1.187219
4298 1.187799
4299 1.187125
4300 1.188261
4301 1.186474
4302 1.186651
4303 1.187077
4304 1.187042
4305 1.185609
4306 1.186249
4307 1.184627
4308 1.185112
4309 1.184284
4310 1.183964
4311 1.184047
4312 1.183976
4313 1.182721
4314 1.183999
4315 1.182910
4316 1.182579
4317 1.182531
4318 1.183739
4319 1.183751
4320 1.184366
4321 1.184923
4322 1.186592
4323 1.184698
4324 1.183846
4325 1.184603
4326 1.183940
4327 1.184331
4328 1.183857
4329 1.183656
4330 1.182863
4331 1.182354
4332 1.182638
4333 1.182070
4334 1.181123
4335 1.181620
4336 1.179974
4337 1.180057
4338 1.181726
4339 1.183372
4340 1.183230
4341 1.184390
4342 1.185207
4343 1.185503
4344 1.184485
4345 1.185183
4346 1.185444
4347 1.185420
4348 1.185017
4349 1.185704
4350 1.185053
4351 1.186012
4352 1.186426
4353 1.188119
4354 1.187965
4355 1.188249
4356 1.187799
4357 1.188474
4358 1.188131
4359 1.187989
4360 1.187788
4361 1.187930
4362 1.187219
4363 1.188877
4364 1.187752
4365 1.184793
4366 1.183100
4367 1.184272
4368 1.183360
4369 1.183265
4370 1.183159
4371 1.182614
4372 1.180981
4373 1.181809
4374 1.182105
4375 1.181762
4376 1.181075
4377 1.182366
4378 1.182449
4379 1.182697
4380 1.181561
4381 1.181999
4382 1.181892
4383 1.180081
4384 1.179383
4385 1.178140
4386 1.177784
4387 1.177832
4388 1.178305
4389 1.177702
4390 1.178246
4391 1.179004
4392 1.178566
4393 1.178057
4394 1.177299
4395 1.178045
4396 1.178270
4397 1.178838
4398 1.179667
4399 1.179607
4400 1.179063
4401 1.179240
4402 1.178885
4403 1.178814
4404 1.180555
4405 1.182105
4406 1.182697
4407 1.182460
4408 1.183254
4409 1.183988
4410 1.184651
4411 1.185894
4412 1.186781
4413 1.186012
4414 1.185361
4415 1.183999
4416 1.181928
4417 1.180874
4418 1.181016
4419 1.182638
4420 1.182200
4421 1.182082
4422 1.181502
4423 1.181206
4424 1.182330
4425 1.183265
4426 1.183680
4427 1.184165
4428 1.184994
4429 1.184248
4430 1.184201
4431 1.184946
4432 1.185645
4433 1.185432
4434 1.186225
4435 1.186225
4436 1.185976
4437 1.184946
4438 1.183964
4439 1.183644
4440 1.183502
4441 1.182910
4442 1.182141
4443 1.180957
4444 1.180436
4445 1.181040
4446 1.182153
4447 1.183384
4448 1.183171
4449 1.182887
4450 1.182709
4451 1.182413
4452 1.182247
4453 1.180803
4454 1.180637
4455 1.180483
4456 1.180898
4457 1.180045
4458 1.180803
4459 1.181407
4460 1.181940
4461 1.183940
4462 1.184047
4463 1.183869
4464 1.184911
4465 1.185029
4466 1.184875
4467 1.183834
4468 1.185775
4469 1.185657
4470 1.186592
4471 1.186900
4472 1.186237
4473 1.185976
4474 1.186497
4475 1.186047
4476 1.185183
4477 1.183763
4478 1.183917
4479 1.183609
4480 1.182117
4481 1.183183
4482 1.183893
4483 1.182484
4484 1.183467
4485 1.183029
4486 1.182484
4487 1.182768
4488 1.181478
4489 1.182307
4490 1.182863
4491 1.182662
4492 1.183502
4493 1.183313
4494 1.183112
4495 1.183123
4496 1.184319
4497 1.185100
4498 1.184804
4499 1.184508
4500 1.184414
4501 1.185266


Active cycles: 2000
k_mean: 1.183172
k_stddev(cycle): 0.002955
k_stderr(mean): 0.000066
Reactivity(rho): 0.154814, Per Cent error compared to reference: 0.045572
Total Time: 169.141752seconds. Average: 0.037579 seconds per cycle.
