1 1.183810
2 1.162265
3 1.148237
4 1.137345
5 1.129438
6 1.124809
7 1.118606
8 1.113338
9 1.108674
10 1.104092
11 1.098659
12 1.094539
13 1.089555
14 1.085577
15 1.081008
16 1.077350
17 1.073952
18 1.069904
19 1.065985
20 1.062955
21 1.058989
22 1.056089
23 1.052383
24 1.049187
25 1.045943
26 1.043091
27 1.039835
28 1.036497
29 1.033750
30 1.031714
31 1.029406
32 1.027689
33 1.026280
34 1.025369
35 1.024422
36 1.023250
37 1.021226
38 1.019545
39 1.018917
40 1.020255
41 1.020421
42 1.019154
43 1.019189
44 1.018621
45 1.019178
46 1.018053
47 1.016928
48 1.017958
49 1.018041
50 1.017544
51 1.015531
52 1.016254
53 1.016715
54 1.018633
55 1.018964
56 1.018680
57 1.020716
58 1.022433
59 1.024445
60 1.025191
61 1.027287
62 1.028624
63 1.029477
64 1.030116
65 1.031051
66 1.033016
67 1.035396
68 1.036355
69 1.035869
70 1.036745
71 1.038604
72 1.041469
73 1.042368
74 1.044902
75 1.047044
76 1.049365
77 1.052336
78 1.053366
79 1.055414
80 1.056692
81 1.057995
82 1.059143
83 1.061120
84 1.061937
85 1.062694
86 1.063831
87 1.065547
88 1.065074
89 1.066613
90 1.069099
91 1.069703
92 1.070709
93 1.071478
94 1.072177
95 1.073550
96 1.074971
97 1.077468
98 1.079789
99 1.081612
100 1.081955
101 1.083032
102 1.083648
103 1.084690
104 1.085720
105 1.087270
106 1.089058
107 1.090289
108 1.090869
109 1.091781
110 1.093616
111 1.094847
112 1.096575
113 1.098031
114 1.098434
115 1.100209
116 1.103110
117 1.104424
118 1.106010
119 1.107371
120 1.107407
121 1.109502
122 1.111396
123 1.112580
124 1.114912
125 1.116806
126 1.118345
127 1.118345
128 1.118333
129 1.119991
130 1.121968
131 1.122264
132 1.121814
133 1.123649
134 1.122808
135 1.123791
136 1.123081
137 1.123838
138 1.125022
139 1.127153
140 1.127248
141 1.127165
142 1.127461
143 1.128644
144 1.130018
145 1.130763
146 1.130835
147 1.130349
148 1.131474
149 1.131580
150 1.131296
151 1.131154
152 1.131355
153 1.131829
154 1.131450
155 1.132989
156 1.131616
157 1.131450
158 1.132196
159 1.133451
160 1.134646
161 1.135037
162 1.137227
163 1.139370
164 1.140554
165 1.141098
166 1.140992
167 1.140506
168 1.140281
169 1.142767
170 1.142886
171 1.143714
172 1.144117
173 1.144105
174 1.144934
175 1.144472
176 1.144413
177 1.143939
178 1.144590
179 1.147408
180 1.149503
181 1.151267
182 1.151610
183 1.152131
184 1.151516
185 1.151480
186 1.151551
187 1.151894
188 1.152190
189 1.154262
190 1.153564
191 1.152131
192 1.152037
193 1.151314
194 1.150959
195 1.152261
196 1.152273
197 1.151670
198 1.153055
199 1.154002
200 1.154724
201 1.155860
202 1.155032
203 1.155185
204 1.156038
205 1.156393
206 1.156440
207 1.156050
208 1.155943
209 1.156914
210 1.156713
211 1.156890
212 1.157814
213 1.158323
214 1.159128
215 1.159222
216 1.159838
217 1.159589
218 1.160015
219 1.160595
220 1.160868
221 1.162407
222 1.163958
223 1.163638
224 1.163721
225 1.163780
226 1.164147
227 1.165745
228 1.164194
229 1.164313
230 1.163579
231 1.163022
232 1.161128
233 1.163815
234 1.162939
235 1.163224
236 1.163046
237 1.161661
238 1.161483
239 1.162584
240 1.162454
241 1.161199
242 1.161472
243 1.162371
244 1.162478
245 1.163508
246 1.165461
247 1.167166
248 1.169581
249 1.169498
250 1.169403
251 1.170409
252 1.170563
253 1.171629
254 1.170362
255 1.170433
256 1.170421
257 1.170208
258 1.169545
259 1.169048
260 1.168799
261 1.170149
262 1.169723
263 1.170670
264 1.171842
265 1.171617
266 1.172244
267 1.173523
268 1.174707
269 1.175287
270 1.174695
271 1.174553
272 1.174115
273 1.174280
274 1.173830
275 1.174411
276 1.173677
277 1.173937
278 1.174032
279 1.173996
280 1.173629
281 1.174008
282 1.172280
283 1.171309
284 1.171711
285 1.172765
286 1.171925
287 1.172138
288 1.173203
289 1.173239
290 1.174209
291 1.175713
292 1.174493
293 1.175843
294 1.175926
295 1.175073
296 1.173937
297 1.173310
298 1.170599
299 1.170362
300 1.172197
301 1.172599
302 1.172836
303 1.173097
304 1.173227
305 1.173144
306 1.173274
307 1.174138
308 1.175559
309 1.175275
310 1.174411
311 1.174695
312 1.174718
313 1.173688
314 1.174150
315 1.176103
316 1.176494
317 1.176269
318 1.176885
319 1.177157
320 1.176068
321 1.175073
322 1.174884
323 1.173996
324 1