1 1.183810
2 19.683954
3 38.448606
4 57.347948
5 76.281785
6 95.273453
7 114.192179
8 133.098745
9 152.022036
10 170.827277
11 189.573242
12 208.440710
13 227.338134
14 246.224918
15 265.120694
16 284.000452
17 302.822257
18 321.649019
19 340.420752
20 359.175434
21 377.926543
22 396.671486
23 415.402159
24 434.110390
25 452.805052
26 471.515782
27 490.224776
28 508.934664
29 527.597025
30 546.261933
31 564.890509
32 583.522160
33 602.173170
34 620.880042
35 639.600846
36 658.342229
37 677.161499
38 695.954065
39 714.656513
40 733.361450
41 752.061041
42 769.988636
43 788.665563
44 807.338732
45 826.001768
46 844.677957
47 863.344132
48 881.929785
49 900.521706
50 919.134554
51 937.778323
52 956.399382
53 975.044977
54 993.654748
55 1012.254859
56 1030.847756
57 1049.423577
58 1067.997593
59 1086.539902
60 1105.092987
61 1123.627667
62 1142.155407
63 1160.622343
64 1179.067160
65 1197.510428
66 1215.919414
67 1234.288809
68 1252.623033
69 1270.969307
70 1289.350470
71 1307.759969
72 1326.122752
73 1344.475018
74 1362.794295
75 1381.099792
76 1399.427282
77 1417.720875
78 1436.022136
79 1454.324461
80 1472.613050
81 1490.905411
82 1509.198339
83 1527.486463
84 1545.771953
85 1564.076546
86 1582.391773
87 1600.686155
88 1619.016844
89 1637.323634
90 1655.681532
91 1674.064580
92 1692.461851
93 1710.847786
94 1729.223969
95 1747.616277
96 1763.970170
97 1782.404328
98 1800.873086
99 1819.308156
100 1837.764787
101 1856.259243
102 1874.725924
103 1893.248514
104 1911.784180
105 1930.322834
106 1948.858764
107 1967.423069
108 1986.000438
109 2004.571724
110 2023.167486
111 2041.765398


Active cycles: 10
k_mean: 1958.186833
k_stddev(cycle): 56.191789
k_stderr(mean): 17.769404
Reactivity(rho): 0.999489, Per Cent error compared to reference: -84.421947
Total Time: 0.612651seconds. Average: 0.005519 seconds per cycle.
