2 0.984464
3 0.982874
4 0.983282
5 0.983632
6 0.983430
7 0.982982
8 0.982016
9 0.981014
10 0.980060
11 0.979096
12 0.977886
13 0.976648
14 0.975384
15 0.974474
16 0.973658
17 0.972370
18 0.971942
19 0.971258
20 0.971474
22 0.972172
23 0.972492
24 0.972850
25 0.973320
26 0.973884
27 0.974904
28 0.976018
29 0.976446
30 0.977048
31 0.977754
32 0.979016
33 0.980860
34 0.982076
35 0.983442
36 0.984624
37 0.986480
38 0.987918
39 0.989580
40 0.991302
42 0.993102
43 0.994564
44 0.995998
45 0.998300
46 1.000264
47 1.002152
48 1.003414
49 1.005224
50 1.006644
51 1.008232
52 1.010184
53 1.011972
54 1.013636
55 1.015492
56 1.017624
57 1.019920
58 1.021890
59 1.023228
60 1.025274
62 1.028454
63 1.029680
64 1.031024
65 1.032988
66 1.035126
67 1.037018
68 1.038998
69 1.040670
70 1.041568
71 1.043068
72 1.044628
73 1.046286
74 1.047964
75 1.050036
76 1.051860
77 1.053222
78 1.055616
79 1.056894
80 1.058656
82 1.061418
83 1.063172
84 1.065414
85 1.066962
86 1.068690
87 1.070858
88 1.072674
89 1.074114
90 1.076222
91 1.077318
92 1.078392
93 1.079734
94 1.081232
95 1.082220
96 1.084236
97 1.085780
98 1.087512
99 1.088968
100 1.091064
102 1.093476
103 1.094788
104 1.095702
105 1.097086
106 1.098624
107 1.100206
108 1.101380
109 1.102730
110 1.103810
111 1.104866
112 1.106446
113 1.107848
114 1.108386
115 1.109496
116 1.110624
117 1.111644
118 1.112036
119 1.113146
120 1.114232
122 1.114932
123 1.116080
124 1.116986
125 1.117876
126 1.119236
127 1.119866
128 1.120526
129 1.120994
130 1.122116
131 1.123228
132 1.124406
133 1.125466
134 1.126494
135 1.127934
136 1.128750
137 1.129634
138 1.130078
139 1.130672
140 1.131396
142 1.132744
143 1.132960
144 1.133728
145 1.134442
146 1.135206
147 1.135146
148 1.135522
149 1.136090
150 1.136638
151 1.136894
152 1.137002
153 1.137014
154 1.137044
155 1.137056
156 1.137628
157 1.137968
158 1.139174
159 1.140116
160 1.141290
162 1.141904
163 1.142452
164 1.143236
165 1.143926
166 1.144716
167 1.144868
168 1.145612
169 1.146296
170 1.146306
171 1.146420
172 1.147108
173 1.147388
174 1.147972
175 1.148210
176 1.148692
177 1.149362
178 1.149472
179 1.150140
180 1.150626
182 1.151114
183 1.151660
184 1.152048
185 1.152624
186 1.152252
187 1.152500
188 1.152570
189 1.152912
190 1.153940
191 1.154440
192 1.154212
193 1.154394
194 1.155810
195 1.155596
196 1.156200
197 1.155920
198 1.155498
199 1.155912
200 1.156024
202 1.157076
203 1.157418
204 1.157954
205 1.158532
206 1.158646
207 1.159122
208 1.159346
209 1.159520
210 1.159220
211 1.159148
212 1.158944
213 1.159114
214 1.159692
215 1.159558
216 1.159638
217 1.159746
218 1.159688
219 1.160616
220 1.161350
222 1.160856
223 1.160892
224 1.161270
225 1.161302
226 1.161692
227 1.162226
228 1.163014
229 1.163332
230 1.163924
231 1.164408
232 1.164680
233 1.164716
234 1.165214
235 1.165070
236 1.164794
237 1.164988
238 1.165316
239 1.165436
240 1.165146
242 1.165700
243 1.166054
244 1.165700
245 1.165514
246 1.165368
247 1.166094
248 1.166130
249 1.166598
250 1.167174
251 1.167800
252 1.168452
253 1.168286
254 1.168712
255 1.169100
256 1.169340
257 1.169230
258 1.169484
259 1.169654
260 1.169866
262 1.170048
263 1.170104
264 1.169886
265 1.169920
266 1.169598
267 1.170170
268 1.170408
269 1.170798
270 1.170236
271 1.170756
272 1.170832
273 1.171274
274 1.171722
275 1.171324
276 1.171490
277 1.171270
278 1.171520
279 1.172428
280 1.172308
282 1.172392
283 1.172768
284 1.172964
285 1.172658
286 1.172364
287 1.171630
288 1.171648
289 1.172102
290 1.171820
291 1.171746
292 1.171464
293 1.172196
294 1.172320
295 1.172862
296 1.172330
297 1.172250
298 1.172092
299 1.172694
300 1.172898
302 1.172930
303 1.173018
304 1.172914
305 1.172122
306 1.172840
307 1.172888
308 1.172338
309 1.171916
310 1.172490
311 1.172774
312 1.173076
313 1.173580
314 1.174110
315 1.173830
316 1.173966
317 1.173926
318 1.174128
319 1.173658
320 1.173736
322 1.174744
323 1.174886
324 1.175426
325 1.175634
326 1.175872
327 1.175504
328 1.175254
329 1.175070
330 1.175372
331 1.175178
332 1.175290
333 1.175100
334 1.175174
335 1.175328
336 1.175832
337 1.176340
338 1.175780
339 1.175722
340 1.175894
342 1.175350
343 1.175464
344 1.175102
345 1.175016
346 1.175520
347 1.176046
348 1.175810
349 1.176126
350 1.176346
351 1.176520
352 1.176848
353 1.176628
354 1.175582
355 1.175160
356 1.174740
357 1.175214
358 1.175424
359 1.175498
360 1.175244
362 1.175396
363 1.175550
364 1.176640
365 1.177052
366 1.176766
367 1.176964
368 1.177060
369 1.177328
370 1.177454
371 1.178136
372 1.178348
373 1.178742
374 1.178754
375 1.178444
376 1.177724
377 1.177884
378 1.177244
379 1.177534
380 1.177620
382 1.178122
383 1.178760
384 1.178638
385 1.178368
386 1.178906
387 1.179054
388 1.178352
389 1.178716
390 1.178284
391 1.177948
392 1.178384
393 1.178772
394 1.178542
395 1.178214
396 1.178138
397 1.178074
398 1.177714
399 1.178350
400 1.178100
402 1.177614
403 1.178212
404 1.178120
405 1.177510
406 1.177336
407 1.177326
408 1.177556
409 1.177126
410 1.176954
411 1.176386
412 1.176522
413 1.176550
414 1.176456
415 1.176626
416 1.177336
417 1.177918
418 1.178294
419 1.177918
420 1.178042
422 1.177980
423 1.178616
424 1.179186
425 1.178152
426 1.178130
427 1.178088
428 1.177954
429 1.178322
430 1.178230
431 1.177848
432 1.178404
433 1.178854
434 1.179204
435 1.178974
436 1.178928
437 1.178630
438 1.178460
439 1.178434
440 1.178442
442 1.179484
443 1.179020
444 1.179102
445 1.179464
446 1.179432
447 1.179366
448 1.179222
449 1.179156
450 1.178922
451 1.178956
452 1.178628
453 1.179016
454 1.179264
455 1.178990
456 1.179084
457 1.179208
458 1.179372
459 1.179212
460 1.179508
462 1.179408
463 1.179902
464 1.180266
465 1.179768
466 1.179736
467 1.179550
468 1.179550
469 1.179550
470 1.179550
471 1.179550
472 1.179550
473 1.179550
474 1.179550
475 1.179550
476 1.179550
