1 0.588219
2 1.079413
3 1.109028
4 1.128983
5 1.142560
6 1.149599
7 1.156083
8 1.164765
9 1.167827
10 1.169961
11 1.172199
12 1.172703
13 1.171920
14 1.175599
15 1.177674
16 1.177577
17 1.176069
18 1.181188
19 1.179841
20 1.181424
21 1.176767
22 1.182208
23 1.186503
24 1.179817
25 1.182504
26 1.181577
27 1.181932
28 1.182605
29 1.181065
30 1.181633
31 1.181770
32 1.184996
33 1.185724
34 1.184081
35 1.182812
36 1.184215
37 1.181008
38 1.181249
39 1.181918
40 1.183972
41 1.179417
42 1.181171
43 1.182364
44 1.182256
45 1.180952
46 1.182709
47 1.185073
48 1.181664
49 1.185942
50 1.186733
51 1.183386
52 1.180373
53 1.184572
54 1.185231
55 1.182716
56 1.181914
57 1.182678
58 1.181844
59 1.185691
60 1.183688
61 1.181096
62 1.184506
63 1.185939
64 1.181597
65 1.185522
66 1.179525
67 1.183455
68 1.182894
69 1.181284
70 1.182182
71 1.180089
72 1.182968
73 1.182830
74 1.182869
75 1.183906
76 1.186019
77 1.183051
78 1.186084
79 1.186488
80 1.183021
81 1.182544
82 1.180496
83 1.182442
84 1.184023
85 1.183255
86 1.185604
87 1.184000
88 1.185528
89 1.186401
90 1.186165
91 1.182256
92 1.182517
93 1.183256
94 1.187512
95 1.181248
96 1.185343
97 1.185832
98 1.180225
99 1.182128
100 1.182667
101 1.181060
102 1.182307
103 1.185066
104 1.183729
105 1.183901
106 1.184812
107 1.179658
108 1.181602
109 1.181508
110 1.187783
111 1.181199
112 1.185119
113 1.181481
114 1.181048
115 1.186271
116 1.180653
117 1.185922
118 1.184576
119 1.182123
120 1.185630
121 1.187737
122 1.181217
123 1.185242
124 1.181323
125 1.186865
126 1.183877
127 1.181065
128 1.183637
129 1.181916
130 1.182577
131 1.182303
132 1.181376
133 1.183660
134 1.185381
135 1.185201
136 1.182840
137 1.182821
138 1.184386
139 1.183087
140 1.185101
141 1.184332
142 1.183251
143 1.184229
144 1.182762
145 1.184847
146 1.184966
147 1.183029
148 1.184092
149 1.186177
150 1.181794
151 1.187503
152 1.183240
153 1.182553
154 1.183458
155 1.182359
156 1.183099
157 1.182462
158 1.184550
159 1.186246
160 1.181030
161 1.183953
162 1.185885
163 1.184968
164 1.182826
165 1.184858
166 1.182600
167 1.180595
168 1.188003
169 1.182897
170 1.183726
171 1.183393
172 1.185390
173 1.182694
174 1.187435
175 1.181739
176 1.181601
177 1.186658
178 1.186205
179 1.181596
180 1.183405
181 1.182983
182 1.186733
183 1.181015
184 1.183243
185 1.184892
186 1.182209
187 1.184788
188 1.183864
189 1.184634
190 1.181324
191 1.178176
192 1.180129
193 1.181476
194 1.181070
195 1.183457
196 1.185785
197 1.184587
198 1.182554
199 1.181374
200 1.181883
201 1.183887
202 1.186422
203 1.182442
204 1.184837
205 1.184450
206 1.182727
207 1.187060
208 1.179896
209 1.182244
210 1.183362
211 1.184289
212 1.181479
213 1.184176
214 1.184959
215 1.183713
216 1.188210
217 1.183584
218 1.183255
219 1.181004
220 1.179969
221 1.183343
222 1.184503
223 1.178717
224 1.185006
225 1.180776
226 1.186254
227 1.183263
228 1.180221
229 1.182113
230 1.183512
231 1.182402
232 1.183080
233 1.181210
234 1.187528
235 1.184548
236 1.186340
237 1.181502
238 1.182257
239 1.184640
240 1.185852
241 1.182108
242 1.184368
243 1.186910
244 1.181857
245 1.184476
246 1.183901
247 1.183222
248 1.183308
249 1.186787
250 1.183373
251 1.182053
252 1.182729
253 1.184557
254 1.184202
255 1.184433
256 1.183384
257 1.182244
258 1.182188
259 1.185487
260 1.180234
261 1.179654
262 1.184129
263 1.184540
264 1.183454
265 1.184942
266 1.185665
267 1.182376
268 1.185279
269 1.183645
270 1.183519
271 1.185142
272 1.184575
273 1.186024
274 1.186967
275 1.187034
276 1.180876
277 1.182738
278 1.184014
279 1.183094
280 1.184985
281 1.185769
282 1.179538
283 1.184136
284 1.182804
285 1.182729
286 1.184249
287 1.185784
288 1.185944
289 1.182584
290 1.182566
291 1.180037
292 1.183296
293 1.182929
294 1.185000
295 1.183119
296 1.186590
297 1.181535
298 1.182179
299 1.184561
300 1.185094
301 1.182289
302 1.181704
303 1.183047
304 1.182956
305 1.182679
306 1.182798
307 1.186334
308 1.185682
309 1.185036
310 1.187363
311 1.182652
312 1.183698
313 1.181631
314 1.182945
315 1.180420
316 1.182071
317 1.188320
318 1.185740
319 1.181678
320 1.183968
321 1.184100
322 1.183496
323 1.183825
324 1.185924
325 1.182730
326 1.184648
327 1.184754
328 1.184631
329 1.182753
330 1.180343
331 1.186176
332 1.186027
333 1.184391
334 1.183315
335 1.182833
336 1.185527
337 1.183239
338 1.182669
339 1.185147
340 1.186675
341 1.184297
342 1.184280
343 1.182802
344 1.182750
345 1.184472
346 1.184106
347 1.186234
348 1.181813
349 1.188979
350 1.182893
351 1.181421
352 1.184110
353 1.185453
354 1.180962
355 1.186734
356 1.185789
357 1.182470
358 1.184759
359 1.184022
360 1.184312
361 1.182358
362 1.184754
363 1.184588
364 1.179615
365 1.184289
366 1.186209
367 1.183791
368 1.185299
369 1.186924
370 1.183306
371 1.181021
372 1.185177
373 1.185311
374 1.182741
375 1.186144
376 1.183815
377 1.185394
378 1.186352
379 1.183971
380 1.179664
381 1.181251
382 1.185424
383 1.187823
384 1.186758
385 1.180530
386 1.186371
387 1.182871
388 1.186364
389 1.184029
390 1.188639
391 1.185840
392 1.184959
393 1.185053
394 1.186341
395 1.185421
396 1.181531
397 1.184904
398 1.183140
399 1.184223
400 1.181992
401 1.186977
402 1.184483
403 1.185295
404 1.187729
405 1.187259
406 1.186882
407 1.184198
408 1.186406
409 1.187853
410 1.184650
411 1.185714
412 1.185103
413 1.185656
414 1.184855
415 1.188068
416 1.185295
417 1.183398
418 1.182968
419 1.187112
420 1.183208
421 1.181556
422 1.184552
423 1.183519
424 1.184668
425 1.185823
426 1.185767
427 1.183094
428 1.180981
429 1.185298
430 1.184855
431 1.185799
432 1.185378
433 1.185119
434 1.181476
435 1.186909
436 1.181515
437 1.185498
438 1.184222
439 1.182522
440 1.184719
441 1.184348
442 1.185122
443 1.183834
444 1.181146
445 1.179411
446 1.184088
447 1.184499
448 1.190722
449 1.181461
450 1.185693
451 1.185162
452 1.180648
453 1.183304
454 1.183901
455 1.188709
456 1.185217
457 1.183188
458 1.182575
459 1.185228
460 1.183820
461 1.183577
462 1.181977
463 1.180257
464 1.183107
465 1.182672
466 1.182078
467 1.185474
468 1.180252
469 1.182919
470 1.181566
471 1.185441
472 1.183904
473 1.182944
474 1.183307
475 1.184675
476 1.184452
477 1.182243
478 1.182120
479 1.184258
480 1.183710
481 1.182418
482 1.183930
483 1.181556
484 1.187521
485 1.186607
486 1.182900
487 1.183089
488 1.184594
489 1.182611
490 1.182644
491 1.181892
492 1.182772
493 1.182804
494 1.184367
495 1.185125
496 1.184817
497 1.181783
498 1.187386
499 1.184810
500 1.182107
501 1.184737


Active cycles: 200
k_mean: 1.184153
k_stddev(cycle): 0.001994
k_stderr(mean): 0.000141
Difference with the reference K: 0.000343, Per cent error: 0.028986
Reactivity(rho): 0.155515, pcm difference: 24.478392
Total Time: 90.018261seconds. Average: 0.179677 seconds per cycle.
