1 0.591214
2 1.079904
3 1.109808
4 1.129942
5 1.141492
6 1.151127
7 1.157548
8 1.161040
9 1.164854
10 1.169795
11 1.171621
12 1.175313
13 1.174432
14 1.175058
15 1.176439
16 1.177527
17 1.179246
18 1.177890
19 1.177323
20 1.179479
21 1.179728
22 1.178233
23 1.179734
24 1.179397
25 1.180035
26 1.179405
27 1.177853
28 1.180147
29 1.180147
30 1.178849
31 1.181261
32 1.181648
33 1.181920
34 1.181964
35 1.181282
36 1.180832
37 1.182252
38 1.181133
39 1.182022
40 1.183126
41 1.182241
42 1.183258
43 1.181957
44 1.183834
45 1.181585
46 1.181254
47 1.181509
48 1.181832
49 1.180279
50 1.181388
51 1.181567
52 1.182143
53 1.181254
54 1.180207
55 1.182585
56 1.184257
57 1.182125
58 1.182350
59 1.183555
60 1.181919
61 1.184081
62 1.182038
63 1.182763
64 1.182852
65 1.184356
66 1.180901
67 1.182457
68 1.181581
69 1.182687
70 1.182403
71 1.181518
72 1.182424
73 1.183511
74 1.182737
75 1.181370
76 1.182478
77 1.183423
78 1.182436
79 1.184277
80 1.183152
81 1.183101
82 1.183726
83 1.181049
84 1.181660
85 1.180182
86 1.182144
87 1.182729
88 1.182978
89 1.182213
90 1.182937
91 1.180366
92 1.182500
93 1.180977
94 1.181399
95 1.182539
96 1.181456
97 1.181742
98 1.182289
99 1.182370
100 1.183658
101 1.182119
102 1.181957
103 1.182533
104 1.182001
105 1.182609
106 1.181560
107 1.183569
108 1.182246
109 1.182893
110 1.183417
111 1.181709
112 1.183116
113 1.182111
114 1.183802
115 1.183393
116 1.182637
117 1.182468
118 1.184087
119 1.184805
120 1.182993
121 1.183719
122 1.182799
123 1.182122
124 1.184039
125 1.182754
126 1.181955
127 1.183187
128 1.184732
129 1.181884
130 1.184289
131 1.182784
132 1.183107
133 1.182076
134 1.182777
135 1.184329
136 1.182597
137 1.181656
138 1.182243
139 1.183533
140 1.182717
141 1.182621
142 1.182572
143 1.183617
144 1.181855
145 1.182814
146 1.184257
147 1.181932
148 1.181578
149 1.183009
150 1.183772
151 1.183542
152 1.183487
153 1.184859
154 1.182844
155 1.182520
156 1.184789
157 1.183713
158 1.181433
159 1.182355
160 1.182217
161 1.183011
162 1.181916
163 1.183677
164 1.183776
165 1.182017
166 1.181161
167 1.182532
168 1.183424
169 1.181815
170 1.183220
171 1.183477
172 1.182954
173 1.183850
174 1.183217
175 1.183293
176 1.184245
177 1.182590
178 1.183046
179 1.181391
180 1.184166
181 1.184662
182 1.183362
183 1.182970
184 1.183364
185 1.183717
186 1.183851
187 1.182487
188 1.182978
189 1.184036
190 1.185101
191 1.184755
192 1.184021
193 1.181103
194 1.183427
195 1.183313
196 1.181552
197 1.184291
198 1.183395
199 1.183704
200 1.183005
201 1.183278
202 1.183716
203 1.183908
204 1.182717
205 1.184005
206 1.183896
207 1.184365
208 1.183584
209 1.184987
210 1.185826
211 1.183069
212 1.184129
213 1.181777
214 1.182873
215 1.182795
216 1.183039
217 1.184375
218 1.183250
219 1.184152
220 1.182653
221 1.183808
222 1.184684
223 1.182484
224 1.182644
225 1.182656
226 1.184748
227 1.183750
228 1.183813
229 1.183213
230 1.183554
231 1.182768
232 1.182748
233 1.182862
234 1.183427
235 1.183630
236 1.183767
237 1.184155
238 1.186654
239 1.183301
240 1.184732
241 1.182630
242 1.182595
243 1.184383
244 1.183727
245 1.182138
246 1.182957
247 1.183359
248 1.182494
249 1.183250
250 1.183877
251 1.184144
252 1.183102
253 1.182931
254 1.184493
255 1.183872
256 1.183090
257 1.183740
258 1.183215
259 1.183113
260 1.182676
261 1.181592
262 1.183122
263 1.183589
264 1.183143
265 1.183524
266 1.182072
267 1.182788
268 1.183709
269 1.184380
270 1.181209
271 1.183950
272 1.182252
273 1.182657
274 1.183858
275 1.183609
276 1.182781
277 1.181991
278 1.183926
279 1.182290
280 1.182890
281 1.182917
282 1.182586
283 1.184677
284 1.182981
285 1.180986
286 1.182068
287 1.181276
288 1.181169
289 1.183972
290 1.181919
291 1.182530
292 1.182723
293 1.182209
294 1.182662
295 1.182364
296 1.183271
297 1.182880
298 1.182945
299 1.182502
300 1.181327
301 1.182677
302 1.183500
303 1.183843
304 1.184379
305 1.183542
306 1.181980
307 1.183826
308 1.182679
309 1.182974
310 1.182311
311 1.182983
312 1.183658
313 1.183265
314 1.183656
315 1.183861
316 1.183656
317 1.183791
318 1.183111
319 1.182366
320 1.182804
321 1.184922
322 1.182753
323 1.183139
324 1