1 0.989512
2 0.984506
3 0.982922
4 0.983034
5 0.983786
6 0.983710
7 0.983220
8 0.982728
9 0.981870
10 0.980442
11 0.979276
12 0.977970
13 0.976862
14 0.975986
15 0.975336
16 0.975006
17 0.974088
18 0.973648
19 0.973806
20 0.973702
21 0.974208
22 0.974422
23 0.974726
24 0.975386
25 0.975694
26 0.975938
27 0.976716
28 0.977786
29 0.978512
30 0.979068
31 0.980530
32 0.980812
33 0.982632
34 0.984008
35 0.985432
36 0.986892
37 0.988120
38 0.989294
39 0.990928
40 0.992472
41 0.994920
42 0.996286
43 0.997814
44 0.999292
45 1.000644
46 1.002338
47 1.003854
48 1.005252
49 1.007292
50 1.009410
51 1.011130
52 1.013200
53 1.015226
54 1.016466
55 1.018020
56 1.019754
57 1.021078
58 1.023034
59 1.025154
60 1.026898
61 1.028888
62 1.031310
63 1.033070
64 1.034926
65 1.036898
66 1.039098
67 1.040904
68 1.042886
69 1.044590
70 1.046286
71 1.048162
72 1.049990
73 1.051758
74 1.053604
75 1.055080
76 1.057040
77 1.058108
78 1.060202
79 1.062876
80 1.064382
81 1.065924
82 1.067488
83 1.069194
84 1.070556
85 1.072066
86 1.072872
87 1.074596
88 1.076278
89 1.077528
90 1.079524
91 1.080932
92 1.083080
93 1.083916
94 1.085760
95 1.087024
96 1.088504
97 1.090848
98 1.092068
99 1.093056
100 1.093940
101 1.094586
102 1.095808
103 1.097444
104 1.098138
105 1.098284
106 1.099116
107 1.100562
108 1.101340
109 1.102524
110 1.103830
111 1.105164
112 1.105878
113 1.106754
114 1.108278
115 1.109380
116 1.109868
117 1.110852
118 1.111102
119 1.112586
120 1.114112
121 1.114814
122 1.115584
123 1.116826
124 1.117550
125 1.118474
126 1.119080
127 1.119838
128 1.120556
129 1.121682
130 1.122848
131 1.123894
132 1.124144
133 1.124764
134 1.125388
135 1.125252
136 1.126454
137 1.127000
138 1.127692
139 1.128286
140 1.129192
141 1.130080
142 1.130466
143 1.130890
144 1.131344
145 1.131542
146 1.131896
147 1.132588
148 1.132608
149 1.133274
150 1.134300
151 1.135040
152 1.135816
153 1.137004
154 1.137832
155 1.138528
156 1.138786
157 1.140014
158 1.140316
159 1.141026
160 1.141378
161 1.141800
162 1.142016
163 1.142974
164 1.143198
165 1.143554
166 1.144364
167 1.144250
168 1.144638
169 1.145198
170 1.145604
171 1.145876
172 1.146102
173 1.146830
174 1.147470
175 1.148292
176 1.148676
177 1.148742
178 1.149634
179 1.150190
180 1.150724
181 1.150948
182 1.151172
183 1.151782
184 1.151814
185 1.152172
186 1.152410
187 1.152506
188 1.152182
189 1.151732
190 1.152006
191 1.152176
192 1.152760
193 1.152466
194 1.152786
195 1.153776
196 1.154176
197 1.154968
198 1.155168
199 1.154996
200 1.155080
201 1.155930
202 1.156638
203 1.157616
204 1.157694
205 1.157884
206 1.158194
207 1.158240
208 1.158264
209 1.157522
210 1.157994
211 1.158048
212 1.158220
213 1.158258
214 1.158906
215 1.159238
216 1.159510
217 1.159592
218 1.159090
219 1.159710
220 1.159064
221 1.159218
222 1.159478
223 1.159558
224 1.159454
225 1.159844
226 1.160048
227 1.160824
228 1.161374
229 1.161420
230 1.161948
231 1.161840
232 1.162404
233 1.163312
234 1.163374
235 1.163886
236 1.164094
237 1.163960
238 1.164262
239 1.164564
240 1.164644
241 1.165334
242 1.165418
243 1.165950
244 1.166674
245 1.167136
246 1.167722
247 1.168576
248 1.168044
249 1.167730
250 1.167422
251 1.167656
252 1.166994
253 1.166740
254 1.167154
255 1.166854
256 1.166370
257 1.166304
258 1.166530
259 1.167376
260 1.166658
261 1.165810
262 1.165838
263 1.165700
264 1.166294
265 1.166436
266 1.166724
267 1.166974
268 1.167782
269 1.167876
270 1.167596
271 1.167598
272 1.168322
273 1.169314
274 1.169836
275 1.170106
276 1.169592
277 1.169364
278 1.170014
279 1.169604
280 1.169306
281 1.170112
282 1.170332
283 1.171486
284 1.171408
285 1.172088
286 1.172390
287 1.172240
288 1.171716
289 1.171716
290 1.171674
291 1.170986
292 1.171174
293 1.170910
294 1.170518
295 1.170972
296 1.170960
297 1.170550
298 1.170792
299 1.171120
300 1.171070
301 1.171336
302 1.171664
303 1.171680
304 1.171824
305 1.172070
306 1.172248
307 1.172132
308 1.172692
309 1.172562
310 1.172760
311 1.172640
312 1.173236
313 1.173732
314 1.173944
315 1.174576
316 1.174574
317 1.175096
318 1.175282
319 1.175188
320 1.175156
321 1.175160
322 1.175034
323 1.174482
324 1.173974
325 1.173806
326 1.173794
327 1.173834
328 1.174368
329 1.174140
330 1.173846
331 1.173932
332 1.173754
333 1.173872
334 1.174130
335 1.174304
336 1.174726
337 1.174848
338 1.174996
339 1.175388
340 1.175950
341 1.175488
342 1.175734
343 1.175948
344 1.175720
345 1.175500
346 1.175230
347 1.174440
348 1.174334
349 1.173744
350 1.173488
351 1.173398
352 1.173862
353 1.173864
354 1.174052
355 1.173976
356 1.173746
357 1.173962
358 1.174306
359 1.174384
360 1.174062
361 1.174650
362 1.174274
363 1.174842
364 1.175124
365 1.174506
366 1.174324
367 1.174702
368 1.174836
369 1.174656
370 1.173746
371 1.173478
372 1.173628
373 1.173366
374 1.174212
375 1.174326
376 1.174558
377 1.174328
378 1.174946
379 1.175042
380 1.175038
381 1.175198
382 1.175368
383 1.175094
384 1.175134
385 1.175808
386 1.176332
387 1.176038
388 1.175546
389 1.175032
390 1.174404
391 1.175150
392 1.175128
393 1.175288
394 1.175544
395 1.175432
396 1.175774
397 1.175562
398 1.175424
399 1.175640
400 1.176074
401 1.175906
402 1.175772
403 1.175336
404 1.176226
405 1.176920
406 1.177780
407 1.178166
408 1.178208
409 1.178526
410 1.178494
411 1.178040
412 1.178228
413 1.178368
414 1.178524
415 1.178822
416 1.178730
417 1.178624
418 1.178658
419 1.178384
420 1.177840
421 1.178110
422 1.178328
423 1.178126
424 1.177908
425 1.178010
426 1.177922
427 1.177840
428 1.177790
429 1.177898
430 1.177598
431 1.177372
432 1.177556
433 1.177848
434 1.177782
435 1.177912
436 1.178070
437 1.177978
438 1.178118
439 1.178534
440 1.178630
441 1.178918
442 1.179212
443 1.179666
444 1.179790
445 1.179940
446 1.180602
447 1.180386
448 1.180744
449 1.180068
450 1.180032
451 1.180534
452 1.180604
453 1.180218
454 1.179728
455 1.179462
456 1.180068
457 1.179742
458 1.179774
459 1.180292
460 1.180726
461 1.181128
462 1.180798
463 1.181166
464 1.180996
465 1.180806
466 1.180822
467 1.180640
468 1.180548
469 1.180724
470 1.181182
471 1.181296
472 1.181472
473 1.180886
474 1.182034
475 1.181692
476 1.181698
477 1.181568
478 1.181636
479 1.181524
480 1.180952
481 1.180790
482 1.180416
483 1.180174
484 1.180008
485 1.179668
486 1.180064
487 1.179492
488 1.179312
489 1.180352
490 1.180338
491 1.180128
492 1.179914
493 1.179772
494 1.179798
495 1.180034
496 1.180372
497 1.180010
498 1.179766
499 1.179752
500 1.179480
501 1.179770
502 1.180034
503 1.180284
504 1.180458
505 1.180648
506 1.181070
507 1.181442
508 1.181292
509 1.180764
510 1.180636
511 1.180982
512 1.181078
513 1.180582
514 1.180358
515 1.180418
516 1.180638
517 1.180438
518 1.180582
519 1.180340
520 1.180264
521 1.180448
522 1.180470
523 1.179930
524 1.179828
525 1.180306
526 1.180668
527 1.180726
528 1.180064
529 1.179792
530 1.180166
531 1.180004
532 1.180532
533 1.180092
534 1.180414
535 1.180246
536 1.180326
537 1.180754
538 1.181112
539 1.181384
540 1.181560
541 1.181524
542 1.181300
543 1.181562
544 1.181824
545 1.181910
546 1.181172
547 1.180940
548 1.180484
549 1.180498
550 1.180160
551 1.180082
552 1.180180
553 1.180212
554 1.180164
555 1.179844
556 1.180076
557 1.180090
558 1.179896
559 1.180320
560 1.180528
561 1.180844
562 1.180536
563 1.181220
564 1.181056
565 1.180946
566 1.180848
567 1.181220
568 1.180564
569 1.180870
570 1.180582
571 1.180926
572 1.180508
573 1.180172
574 1.180370
575 1.180700
576 1.180960
577 1.181004
578 1.180834
579 1.180844
580 1.180752
581 1.180942
582 1.180544
583 1.180794
584 1.180712
585 1.180560
586 1.181240
587 1.181572
588 1.181674
589 1.181822
590 1.182144
591 1.181954
592 1.181430
593 1.181300
594 1.181364
595 1.181172
596 1.181010
597 1.180612
598 1.180576
599 1.180720
600 1.180780
601 1.180130
602 1.180314
603 1.180266
604 1.181184
605 1.180912
606 1.180506
607 1.180540
608 1.181184
609 1.180902
610 1.180940
611 1.181506
612 1.181326
613 1.181546
614 1.182040
615 1.182340
616 1.181794
617 1.181614
618 1.181718
619 1.182090
620 1.182486
621 1.182462
622 1.182758
623 1.182592
624 1.182682
625 1.182408
626 1.182198
627 1.182138
628 1.181988
629 1.182186
630 1.181666
631 1.180972
632 1.180222
633 1.179790
634 1.179794
635 1.179474
636 1.178702
637 1.177608
638 1.177946
639 1.178250
640 1.178660
641 1.178348
642 1.177630
643 1.177960
644 1.178384
645 1.178820
646 1.178916
647 1.178382
648 1.178588
649 1.178834
650 1.179102
651 1.178938
652 1.178952
653 1.178454
654 1.178944
655 1.179510
656 1.179626
657 1.179636
658 1.179382
659 1.179138
660 1.179602
661 1.179748
662 1.179162
663 1.179362
664 1.179730
665 1.179984
666 1.179678
667 1.179032
668 1.179078
669 1.178222
670 1.178574
671 1.178858
672 1.179148
673 1.179042
674 1.179620
675 1.179814
676 1.180260
677 1.180004
678 1.180462
679 1.181062
680 1.180546
681 1.180174
682 1.179974
683 1.179654
684 1.179446
685 1.179840
686 1.180264
687 1.180282
688 1.180856
689 1.180696
690 1.180484
691 1.179538
692 1.179798
693 1.179854
694 1.180100
695 1.180514
696 1.180808
697 1.180854
698 1.181338
699 1.181258
700 1.180770
701 1.180312
702 1.180168
703 1.180348
704 1.180500
705 1.180252
706 1.180286
707 1.180162
708 1.180262
709 1.180280
710 1.180526
711 1.180954
712 1.180958
713 1.181062
714 1.180558
715 1.181460
716 1.182068
717 1.182766
718 1.182016
719 1.182116
720 1.182016
721 1.182006
722 1.181548
723 1.181404
724 1.181862
725 1.181922
726 1.181720
727 1.181616
728 1.182518
729 1.182632
730 1.182466
731 1.182224
732 1.182028
733 1.182580
734 1.182856
735 1.182378
736 1.182800
737 1.182806
738 1.182204
739 1.182486
740 1.182310
741 1.182038
742 1.181802
743 1.181858
744 1.182184
745 1.182332
746 1.182174
747 1.181850
748 1.181762
749 1.182406
750 1.181588
751 1.180734
752 1.180626
753 1.181336
754 1.181600
755 1.181650
756 1.182374
757 1.182926
758 1.183248
759 1.183486
760 1.184274
761 1.183928
762 1.183922
763 1.183848
764 1.183838
765 1.183900
766 1.183892
767 1.184122
768 1.184038
769 1.184268
770 1.183616
771 1.183214
772 1.183068
773 1.182936
774 1.182462
775 1.181908
776 1.181288
777 1.181558
778 1.182314
779 1.182430
780 1.181914
781 1.181842
782 1.182086
783 1.182010
784 1.182084
785 1.182344
786 1.182678
787 1.182186
788 1.182442
789 1.182890
790 1.182866
791 1.181662
792 1.181858
793 1.181092
794 1.181236
795 1.181538
796 1.181576
797 1.181388
798 1.181504
799 1.182302
800 1.182156
801 1.182464
802 1.182326
803 1.182618
804 1.182814
805 1.182870
806 1.182528
807 1.182394
808 1.182704
809 1.183162
810 1.183560
811 1.183598
812 1.183416
813 1.183404
814 1.183230
815 1.183032
816 1.182450
817 1.181954
818 1.182132
819 1.182230
820 1.183080
821 1.183470
822 1.183238
823 1.183254
824 1.182766
825 1.182594
826 1.182658
827 1.181742
828 1.181510
829 1.181586
830 1.181784
831 1.182020
832 1.181506
833 1.181730
834 1.181994
835 1.181412
836 1.181748
837 1.181596
838 1.181962
839 1.182014
840 1.182450
841 1.182026
842 1.181680
843 1.181506
844 1.181460
845 1.181684
846 1.180892
847 1.180654
848 1.180768
849 1.181026
850 1.181120
851 1.181452
852 1.181254
853 1.181938
854 1.182014
855 1.181286
856 1.181446
857 1.181304
858 1.181172
859 1.181086
860 1.180928
861 1.181366
862 1.181148
863 1.181272
864 1.180978
865 1.181376
866 1.181802
867 1.181580
868 1.181150
869 1.180984
870 1.180884
871 1.180988
872 1.180754
873 1.180666
874 1.180418
875 1.181032
876 1.180396
877 1.180618
878 1.180864
879 1.181152
880 1.180586
881 1.180408
882 1.180322
883 1.180276
884 1.179710
885 1.180386
886 1.180666
887 1.181264
888 1.182060
889 1.182050
890 1.182156
891 1.182716
892 1.182432
893 1.182736
894 1.182482
895 1.181974
896 1.181740
897 1.181222
898 1.181196
899 1.180582
900 1.180618
901 1.180820
902 1.180350
903 1.180272
904 1.180600
905 1.180410
906 1.181050
907 1.180930
908 1.181234
909 1.182204
910 1.181968
911 1.182218
912 1.182002
913 1.181518
914 1.181076
915 1.180886
916 1.180892
917 1.180302
918 1.180044
919 1.180474
920 1.180256
921 1.179692
922 1.180004
923 1.180014
924 1.180348
925 1.180634
926 1.180832
927 1.180904
928 1.180278
929 1.180450
930 1.180336
931 1.180502
932 1.180558
933 1.179754
934 1.179376
935 1.179536
936 1.179546
937 1.179240
938 1.179730
939 1.179546
940 1.179044
941 1.179510
942 1.179810
943 1.179878
944 1.180066
945 1.180278
946 1.179808
947 1.180754
948 1.180968
949 1.181224
950 1.181780
951 1.182360
952 1.182310
953 1.181766
954 1.181676
955 1.181534
956 1.181328
957 1.181718
958 1.181510
959 1.181358
960 1.180812
961 1.180656
962 1.180706
963 1.180550
964 1.180834
965 1.180484
966 1.180944
967 1.181580
968 1.181874
969 1.181610
970 1.181908
971 1.182170
972 1.182926
973 1.183346
974 1.183212
975 1.182814
976 1.182522
977 1.182410
978 1.181586
979 1.181360
980 1.181834
981 1.181862
982 1.182286
983 1.182038
984 1.182280
985 1.182176
986 1.181924
987 1.182536
988 1.182928
989 1.183130
990 1.183326
991 1.182862
992 1.183152
993 1.183014
994 1.182894
995 1.182702
996 1.182686
997 1.182512
998 1.182716
999 1.182908
1000 1.183160
1001 1.183294
1002 1.182694
1003 1.182646
1004 1.183048
1005 1.182926
1006 1.183274
1007 1.183090
1008 1.183040
1009 1.182894
1010 1.182752
1011 1.182982
1012 1.183140
1013 1.183562
1014 1.184212
1015 1.184156
1016 1.184174
1017 1.184094
1018 1.184318
1019 1.184090
1020 1.184362
1021 1.183630
1022 1.183970
1023 1.183742
1024 1.183804
1025 1.184208
1026 1.183836
1027 1.184396
1028 1.183848
1029 1.183824
1030 1.183142
1031 1.183016
1032 1.182602
1033 1.182088
1034 1.181522
1035 1.181324
1036 1.180764
1037 1.180356
1038 1.180306
1039 1.181038
1040 1.180808
1041 1.181090
1042 1.181216
1043 1.181640
1044 1.181062
1045 1.180916
1046 1.180214
1047 1.180008
1048 1.180832
1049 1.180782
1050 1.180436
1051 1.180502
1052 1.180346
1053 1.180326
1054 1.180946
1055 1.180696
1056 1.180780
1057 1.180540
1058 1.181158
1059 1.181420
1060 1.181138
1061 1.181118
1062 1.181206
1063 1.181180
1064 1.180700
1065 1.180382
1066 1.180814
1067 1.180612
1068 1.180850
1069 1.180788
1070 1.181134
1071 1.181614
1072 1.181856
1073 1.182142
1074 1.182470
1075 1.182132
1076 1.181930
1077 1.181594
1078 1.181240
1079 1.181584
1080 1.181894
1081 1.182288
1082 1.182406
1083 1.182700
1084 1.182824
1085 1.182572
1086 1.183302
1087 1.183014
1088 1.183164
1089 1.182944
1090 1.182742
1091 1.182364
1092 1.181380
1093 1.181412
1094 1.181208
1095 1.181292
1096 1.181836
1097 1.182368
1098 1.182546
1099 1.182010
1100 1.182618
1101 1.182728
1102 1.182286
1103 1.183092
1104 1.183056
1105 1.183030
1106 1.183052
1107 1.183294
1108 1.183424
1109 1.182758
1110 1.183044
1111 1.183096
1112 1.183536
1113 1.183436
1114 1.184028
1115 1.183924
1116 1.183404
1117 1.183074
1118 1.183472
1119 1.183688
1120 1.183706
1121 1.184244
1122 1.183534
1123 1.183332
1124 1.183418
1125 1.183238
1126 1.182936
1127 1.182694
1128 1.182418
1129 1.181804
1130 1.182248
1131 1.182350
1132 1.182638
1133 1.182898
1134 1.183268
1135 1.182606
1136 1.182894
1137 1.183190
1138 1.183600
1139 1.183896
1140 1.183904
1141 1.183400
1142 1.183450
1143 1.182900
1144 1.183066
1145 1.183006
1146 1.183026
1147 1.183256
1148 1.183366
1149 1.182808
1150 1.182462
1151 1.182504
1152 1.182988
1153 1.183718
1154 1.184014
1155 1.184124
1156 1.184442
1157 1.184458
1158 1.184496
1159 1.184422
1160 1.184582
1161 1.184306
1162 1.184086
1163 1.184050
1164 1.183798
1165 1.183710
1166 1.183612
1167 1.183322
1168 1.183722
1169 1.184142
1170 1.184294
1171 1.184874
1172 1.184872
1173 1.184744
1174 1.184952
1175 1.185196
1176 1.185126
1177 1.185062
1178 1.185372
1179 1.185006
1180 1.185228
1181 1.185138
1182 1.184894
1183 1.185302
1184 1.185296
1185 1.185250
1186 1.185124
1187 1.185080
1188 1.184688
1189 1.184418
1190 1.184150
1191 1.184200
1192 1.183932
1193 1.183718
1194 1.183266
1195 1.183306
1196 1.183298
1197 1.183276
1198 1.183176
1199 1.183048
1200 1.182706
1201 1.182810
1202 1.183420
1203 1.183472
1204 1.183418
1205 1.183080
1206 1.182990
1207 1.183404
1208 1.182982
1209 1.182914
1210 1.183172
1211 1.182772
1212 1.182828
1213 1.182622
1214 1.182344
1215 1.182026
1216 1.181852
1217 1.182320
1218 1.181864
1219 1.181936
1220 1.182688
1221 1.183148
1222 1.182850
1223 1.183148
1224 1.183140
1225 1.183294
1226 1.184062
1227 1.183978
1228 1.183750
1229 1.183610
1230 1.182762
1231 1.182044
1232 1.181892
1233 1.182074
1234 1.181388
1235 1.180742
1236 1.180512
1237 1.180846
1238 1.180812
1239 1.180528
1240 1.180768
1241 1.180798
1242 1.180976
1243 1.181662
1244 1.181806
1245 1.182058
1246 1.182382
1247 1.181812
1248 1.181790
1249 1.181408
1250 1.181450
1251 1.181578
1252 1.180966
1253 1.180974
1254 1.181138
1255 1.180910
1256 1.180968
1257 1.181180
1258 1.181380
1259 1.181668
1260 1.181628
1261 1.181436
1262 1.180650
1263 1.180816
1264 1.181546
1265 1.181394
1266 1.181144
1267 1.181528
1268 1.181544
1269 1.181084
1270 1.181336
1271 1.182040
1272 1.181954
1273 1.181836
1274 1.181730
1275 1.181788
1276 1.181602
1277 1.182234
1278 1.181692
1279 1.181872
1280 1.182022
1281 1.182260
1282 1.182174
1283 1.181702
1284 1.181154
1285 1.181396
1286 1.181910
1287 1.182050
1288 1.182382
1289 1.182484
1290 1.181796
1291 1.181908
1292 1.181724
1293 1.181712
1294 1.181852
1295 1.182090
1296 1.181742
1297 1.181380
1298 1.181344
1299 1.181734
1300 1.181588
1301 1.181446
1302 1.181444
1303 1.180660
1304 1.180722
1305 1.180546
1306 1.181058
1307 1.181182
1308 1.180754
1309 1.181324
1310 1.181944
1311 1.182430
1312 1.181814
1313 1.181584
1314 1.182556
1315 1.181758
1316 1.181924
1317 1.182016
1318 1.181874
1319 1.182382
1320 1.182502
1321 1.182708
1322 1.182696
1323 1.182988
1324 1.183232
1325 1.182878
1326 1.182208
1327 1.181310
1328 1.181682
1329 1.181610
1330 1.181106
1331 1.180768
1332 1.181098
1333 1.181114
1334 1.180668
1335 1.180378
1336 1.180182
1337 1.179904
1338 1.179572
1339 1.179112
1340 1.179584
1341 1.179572
1342 1.179052
1343 1.179190
1344 1.179676
1345 1.179648
1346 1.180242
1347 1.180610
1348 1.181472
1349 1.181146
1350 1.181578
1351 1.181184
1352 1.180494
1353 1.180488
1354 1.180202
1355 1.180684
1356 1.181040
1357 1.181328
1358 1.181224
1359 1.180712
1360 1.180270
1361 1.180032
1362 1.180036
1363 1.180128
1364 1.180262
1365 1.180530
1366 1.180308
1367 1.180608
1368 1.181030
1369 1.180650
1370 1.180704
1371 1.180682
1372 1.180906
1373 1.181762
1374 1.182060
1375 1.182538
1376 1.182636
1377 1.182608
1378 1.182084
1379 1.181810
1380 1.181870
1381 1.181896
1382 1.182222
1383 1.182890
1384 1.182592
1385 1.182456
1386 1.182436
1387 1.182424
1388 1.182206
1389 1.182612
1390 1.182738
1391 1.182724
1392 1.182718
1393 1.182982
1394 1.182688
1395 1.182800
1396 1.182922
1397 1.182938
1398 1.182478
1399 1.183176
1400 1.183720
1401 1.183592
1402 1.183898
1403 1.184206
1404 1.184400
1405 1.183732
1406 1.183792
1407 1.183792
1408 1.182554
1409 1.182068
1410 1.181894
1411 1.181704
1412 1.181578
1413 1.182104
1414 1.182016
1415 1.181682
1416 1.181828
1417 1.181608
1418 1.181916
1419 1.181854
1420 1.181626
1421 1.181770
1422 1.181722
1423 1.181520
1424 1.181438
1425 1.181278
1426 1.180484
1427 1.180942
1428 1.180720
1429 1.181092
1430 1.181144
1431 1.180902
1432 1.181008
1433 1.181162
1434 1.181670
1435 1.181530
1436 1.182062
1437 1.182070
1438 1.182160
1439 1.182444
1440 1.182468
1441 1.182548
1442 1.182836
1443 1.182632
1444 1.182632
1445 1.182322
1446 1.182372
1447 1.181998
1448 1.182202
1449 1.182632
1450 1.182490
1451 1.182240
1452 1.182350
1453 1.182380
1454 1.182552
1455 1.182354
1456 1.182102
1457 1.181856
1458 1.181896
1459 1.181954
1460 1.181254
1461 1.181414
1462 1.181300
1463 1.180904
1464 1.180250
1465 1.180326
1466 1.180554
1467 1.181338
1468 1.180886
1469 1.181080
1470 1.181588
1471 1.181736
1472 1.181898
1473 1.181820
1474 1.181538
1475 1.181428
1476 1.181616
1477 1.181866
1478 1.181994
1479 1.182090
1480 1.181956
1481 1.182270
1482 1.182026
1483 1.181854
1484 1.182218
1485 1.181618
1486 1.182236
1487 1.182756
1488 1.183540
1489 1.183400
1490 1.183152
1491 1.182806
1492 1.183068
1493 1.183168
1494 1.182192
1495 1.182586
1496 1.182568
1497 1.182276
1498 1.182352
1499 1.182640
1500 1.182890
1501 1.183330
1502 1.183808
1503 1.184024
1504 1.184034
1505 1.183680
1506 1.183184
1507 1.182556
1508 1.182326
1509 1.181920
1510 1.182276
1511 1.182676
1512 1.182556
1513 1.182410
1514 1.182280
1515 1.181802
1516 1.182374
1517 1.182450
1518 1.182186
1519 1.182658
1520 1.183222
1521 1.183056
1522 1.183428
1523 1.183858
1524 1.184126
1525 1.184074
1526 1.183128
1527 1.183356
1528 1.183092
1529 1.182820
1530 1.182834
1531 1.182162
1532 1.181884
1533 1.182462
1534 1.182332
1535 1.182596
1536 1.182130
1537 1.182154
1538 1.181986
1539 1.182960
1540 1.183216
1541 1.182824
1542 1.183920
1543 1.183928
1544 1.183822
1545 1.183510
1546 1.183516
1547 1.183354
1548 1.184054
1549 1.184456
1550 1.184394
1551 1.184330
1552 1.184418
1553 1.184534
1554 1.184000
1555 1.184090
1556 1.184524
1557 1.184568
1558 1.184446
1559 1.184072
1560 1.184618
1561 1.184560
1562 1.184666
1563 1.184738
1564 1.184646
1565 1.184346
1566 1.184370
1567 1.184114
1568 1.183634
1569 1.183650
1570 1.183656
1571 1.182904
1572 1.183012
1573 1.182730
1574 1.182882
1575 1.182942
1576 1.183438
1577 1.183444
1578 1.184176
1579 1.184628
1580 1.184814
1581 1.184142
1582 1.184394
1583 1.183956
1584 1.184348
1585 1.183954
1586 1.183914
1587 1.183840
1588 1.183682
1589 1.183800
1590 1.184386
1591 1.183958
1592 1.183892
1593 1.183948
1594 1.183520
1595 1.183486
1596 1.183300
1597 1.182986
1598 1.182892
1599 1.182908
1600 1.183336
1601 1.182596
1602 1.182794
1603 1.182698
1604 1.182876
1605 1.182700
1606 1.182522
1607 1.182820
1608 1.183278
1609 1.183188
1610 1.183798
1611 1.184272
1612 1.184606
1613 1.185056
1614 1.184622
1615 1.184812
1616 1.185022
1617 1.184376
1618 1.183592
1619 1.183436
1620 1.183396
1621 1.184046
1622 1.183848
1623 1.182830
1624 1.183510
1625 1.184128
1626 1.184054
1627 1.183408
1628 1.183434
1629 1.183332
1630 1.183950
1631 1.183844
1632 1.183312
1633 1.182698
1634 1.182610
1635 1.182540
1636 1.182750
1637 1.183218
1638 1.182960
1639 1.182782
1640 1.182862
1641 1.182962
1642 1.182300
1643 1.181868
1644 1.182094
1645 1.181786
1646 1.181676
1647 1.181564
1648 1.181872
1649 1.182378
1650 1.183070
1651 1.182580
1652 1.182354
1653 1.182384
1654 1.182412
1655 1.182304
1656 1.182726
1657 1.183112
1658 1.183040
1659 1.183170
1660 1.182986
1661 1.183340
1662 1.183080
1663 1.183174
1664 1.183316
1665 1.183202
1666 1.182970
1667 1.183162
1668 1.182378
1669 1.182812
1670 1.182958
1671 1.183348
1672 1.183566
1673 1.183898
1674 1.184202
1675 1.184448
1676 1.184390
1677 1.184512
1678 1.184540
1679 1.184272
1680 1.183468
1681 1.183574
1682 1.183732
1683 1.182876
1684 1.182536
1685 1.182478
1686 1.182592
1687 1.182430
1688 1.182638
1689 1.182546
1690 1.181398
1691 1.181380
1692 1.181688
1693 1.181064
1694 1.180646
1695 1.180784
1696 1.181066
1697 1.180924
1698 1.180772
1699 1.181208
1700 1.181338
1701 1.181450
1702 1.181222
1703 1.181182
1704 1.181390
1705 1.181280
1706 1.180772
1707 1.180264
1708 1.180490
1709 1.180780
1710 1.180714
1711 1.181070
1712 1.181294
1713 1.181922
1714 1.181814
1715 1.181650
1716 1.181806
1717 1.181922
1718 1.182478
1719 1.182068
1720 1.181560
1721 1.181724
1722 1.181632
1723 1.181716
1724 1.182300
1725 1.182950
1726 1.183312
1727 1.183578
1728 1.184078
1729 1.184480
1730 1.184284
1731 1.183816
1732 1.183934
1733 1.183884
1734 1.184400
1735 1.183888
1736 1.183902
1737 1.183380
1738 1.183768
1739 1.183994
1740 1.184000
1741 1.183248
1742 1.183336
1743 1.183170
1744 1.183630
1745 1.183338
1746 1.182958
1747 1.183660
1748 1.183734
1749 1.183574
1750 1.183466
1751 1.183018
1752 1.182684
1753 1.182714
1754 1.182600
1755 1.182166
1756 1.182224
1757 1.181604
1758 1.181990
1759 1.182802
1760 1.183050
1761 1.183056
1762 1.182918
1763 1.182716
1764 1.182122
1765 1.181964
1766 1.182060
1767 1.181934
1768 1.182358
1769 1.182592
1770 1.182886
1771 1.182366
1772 1.182046
1773 1.183206
1774 1.182428
1775 1.182322
1776 1.182194
1777 1.182418
1778 1.181954
1779 1.182082
1780 1.181836
1781 1.181536
1782 1.182008
1783 1.181566
1784 1.181582
1785 1.181698
1786 1.181848
1787 1.181936
1788 1.182356
1789 1.182180
1790 1.182310
1791 1.181460
1792 1.180984
1793 1.180810
1794 1.181388
1795 1.181370
1796 1.181646
1797 1.181476
1798 1.180984
1799 1.181052
1800 1.181542
1801 1.180936
1802 1.181278
1803 1.181464
1804 1.180646
1805 1.181110
1806 1.181172
1807 1.181294
1808 1.182156
1809 1.182362
1810 1.182246
1811 1.182566
1812 1.183044
1813 1.183524
1814 1.183576
1815 1.183556
1816 1.183376
1817 1.183766
1818 1.184234
1819 1.184250
1820 1.184218
1821 1.184000
1822 1.184442
1823 1.185232
1824 1.185448
1825 1.185696
1826 1.185650
1827 1.186034
1828 1.186074
1829 1.185958
1830 1.185770
1831 1.185288
1832 1.185284
1833 1.184854
1834 1.185282
1835 1.185166
1836 1.186152
1837 1.185646
1838 1.186050
1839 1.186298
1840 1.186474
1841 1.186220
1842 1.185522
1843 1.185666
1844 1.186334
1845 1.186890
1846 1.186232
1847 1.185832
1848 1.184952
1849 1.184080
1850 1.183810
1851 1.183770
1852 1.183594
1853 1.183328
1854 1.184050
1855 1.184284
1856 1.184400
1857 1.185100
1858 1.185226
1859 1.185384
1860 1.185556
1861 1.185962
1862 1.185244
1863 1.184838
1864 1.184708
1865 1.184678
1866 1.185068
1867 1.184698
1868 1.184732
1869 1.184830
1870 1.184546
1871 1.184820
1872 1.185040
1873 1.184490
1874 1.184362
1875 1.184454
1876 1.184534
1877 1.184472
1878 1.184354
1879 1.184312
1880 1.183994
1881 1.183600
1882 1.183676
1883 1.183728
1884 1.183268
1885 1.183050
1886 1.183282
1887 1.183976
1888 1.183542
1889 1.183328
1890 1.183298
1891 1.183064
1892 1.183602
1893 1.184002
1894 1.184192
1895 1.184054
1896 1.183932
1897 1.184496
1898 1.184366
1899 1.183960
1900 1.183808
1901 1.183722
1902 1.183458
1903 1.184454
1904 1.185282
1905 1.184922
1906 1.184866
1907 1.184586
1908 1.184620
1909 1.184576
1910 1.183662
1911 1.183636
1912 1.183768
1913 1.184228
1914 1.184366
1915 1.184210
1916 1.183866
1917 1.183448
1918 1.183782
1919 1.183806
1920 1.183786
1921 1.183394
1922 1.183850
1923 1.183764
1924 1.183284
1925 1.183474
1926 1.183168
1927 1.183558
1928 1.183294
1929 1.183184
1930 1.183548
1931 1.183172
1932 1.182758
1933 1.182716
1934 1.182938
1935 1.183604
1936 1.182990
1937 1.183196
1938 1.183490
1939 1.183680
1940 1.183456
1941 1.183086
1942 1.182840
1943 1.182878
1944 1.182820
1945 1.182506
1946 1.182608
1947 1.182680
1948 1.182026
1949 1.182814
1950 1.183058
1951 1.182748
1952 1.183074
1953 1.182734
1954 1.182452
1955 1.181818
1956 1.182174
1957 1.181904
1958 1.182436
1959 1.182314
1960 1.182384
1961 1.182358
1962 1.182534
1963 1.182666
1964 1.182152
1965 1.181870
1966 1.181538
1967 1.182294
1968 1.182276
1969 1.182578
1970 1.182024
1971 1.181876
1972 1.181890
1973 1.182220
1974 1.181560
1975 1.181500
1976 1.181664
1977 1.181810
1978 1.182070
1979 1.182332
1980 1.182558
1981 1.182934
1982 1.183526
1983 1.183652
1984 1.183308
1985 1.183640
1986 1.183616
1987 1.183504
1988 1.182876
1989 1.183022
1990 1.182690
1991 1.182216
1992 1.182458
1993 1.182800
1994 1.183088
1995 1.182768
1996 1.182834
1997 1.182582
1998 1.182620
1999 1.182298
2000 1.182148
2001 1.181844
2002 1.181968
2003 1.182528
2004 1.183186
2005 1.182890
2006 1.183242
2007 1.183554
2008 1.182808
2009 1.182774
2010 1.182920
2011 1.182870
2012 1.182484
2013 1.181756
2014 1.182026
2015 1.182096
2016 1.182522
2017 1.182226
2018 1.182106
2019 1.182250
2020 1.181982
2021 1.182300
2022 1.182178
2023 1.182320
2024 1.182054
2025 1.182692
2026 1.182570
2027 1.183454
2028 1.183338
2029 1.182840
2030 1.182332
2031 1.182286
2032 1.182228
2033 1.181642
2034 1.181470
2035 1.181484
2036 1.181510
2037 1.181432
2038 1.181358
2039 1.182432
2040 1.182774
2041 1.182608
2042 1.182280
2043 1.182672
2044 1.183054
2045 1.182914
2046 1.182468
2047 1.182650
2048 1.182822
2049 1.182754
2050 1.183096
2051 1.183208
2052 1.182988
2053 1.182928
2054 1.182804
2055 1.182130
2056 1.182502
2057 1.182338
2058 1.182166
2059 1.181680
2060 1.182196
2061 1.182224
2062 1.182210
2063 1.182250
2064 1.182432
2065 1.182468
2066 1.182548
2067 1.182496
2068 1.182836
2069 1.182874
2070 1.182968
2071 1.182472
2072 1.182120
2073 1.182158
2074 1.181838
2075 1.181732
2076 1.182614
2077 1.181848
2078 1.182126
2079 1.182364
2080 1.182222
2081 1.182670
2082 1.182488
2083 1.181750
2084 1.182330
2085 1.182528
2086 1.182394
2087 1.182390
2088 1.182324
2089 1.182674
2090 1.182206
2091 1.182360
2092 1.182616
2093 1.182304
2094 1.182134
2095 1.182454
2096 1.182566
2097 1.182512
2098 1.182372
2099 1.182574
2100 1.183582
2101 1.183484
2102 1.183402
2103 1.183398
2104 1.183340
2105 1.183542
2106 1.183754
2107 1.184128
2108 1.184520
2109 1.184776
2110 1.184522
2111 1.184846
2112 1.184666
2113 1.184618
2114 1.184562
2115 1.183970
2116 1.184058
2117 1.184534
2118 1.184046
2119 1.184160
2120 1.183928
2121 1.183730
2122 1.184070
2123 1.184168
2124 1.184018
2125 1.184396
2126 1.183906
2127 1.183176
2128 1.182346
2129 1.181996
2130 1.182162
2131 1.182546
2132 1.182974
2133 1.183304
2134 1.182758
2135 1.182672
2136 1.182928
2137 1.183196
2138 1.183450
2139 1.183844
2140 1.183728
2141 1.183470
2142 1.183180
2143 1.183596
2144 1.183590
2145 1.183308
2146 1.183064
2147 1.183344
2148 1.183948
2149 1.183924
2150 1.184092
2151 1.183860
2152 1.184184
2153 1.184462
2154 1.184660
2155 1.184126
2156 1.183812
2157 1.183548
2158 1.183314
2159 1.183170
2160 1.181906
2161 1.182120
2162 1.182246
2163 1.182982
2164 1.183488
2165 1.183298
2166 1.183424
2167 1.183850
2168 1.183710
2169 1.182964
2170 1.182890
2171 1.183726
2172 1.183706
2173 1.183696
2174 1.183504
2175 1.183774
2176 1.183778
2177 1.183052
2178 1.183356
2179 1.183894
2180 1.184364
2181 1.184366
2182 1.183984
2183 1.183812
2184 1.183808
2185 1.184196
2186 1.184206
2187 1.184480
2188 1.184370
2189 1.184728
2190 1.185012
2191 1.184532
2192 1.184858
2193 1.184716
2194 1.185406
2195 1.185308
2196 1.184342
2197 1.184022
2198 1.184096
2199 1.184122
2200 1.183676
2201 1.183704
2202 1.183278
2203 1.184140
2204 1.184114
2205 1.183704
2206 1.183622
2207 1.183806
2208 1.184080
2209 1.184178
2210 1.183948
2211 1.184098
2212 1.185014
2213 1.185074
2214 1.185144
2215 1.185092
2216 1.185304
2217 1.184412
2218 1.184062
2219 1.184606
2220 1.184302
2221 1.184212
2222 1.184202
2223 1.184140
2224 1.184042
2225 1.183428
2226 1.182812
2227 1.182206
2228 1.182554
2229 1.182558
2230 1.183244
2231 1.183706
2232 1.183576
2233 1.184284
2234 1.184038
2235 1.183958
2236 1.184936
2237 1.185036
2238 1.184226
2239 1.184030
2240 1.184122
2241 1.183988
2242 1.183822
2243 1.184460
2244 1.183400
2245 1.182806
2246 1.182606
2247 1.182818
2248 1.182648
2249 1.182456
2250 1.182598
2251 1.182108
2252 1.181684
2253 1.181250
2254 1.181584
2255 1.181798
2256 1.182424
2257 1.182316
2258 1.182668
2259 1.183132
2260 1.183522
2261 1.183012
2262 1.182768
2263 1.183016
2264 1.182944
2265 1.183270
2266 1.183528
2267 1.184010
2268 1.184392
2269 1.184220
2270 1.183450
2271 1.182844
2272 1.182262
2273 1.182602
2274 1.182374
2275 1.182428
2276 1.181880
2277 1.181642
2278 1.181486
2279 1.181660
2280 1.181572
2281 1.181900
2282 1.182038
2283 1.182544
2284 1.182328
2285 1.182002
2286 1.182184
2287 1.181864
2288 1.181708
2289 1.180866
2290 1.180588
2291 1.181112
2292 1.182126
2293 1.182828
2294 1.182010
2295 1.182484
2296 1.182862
2297 1.183112
2298 1.183880
2299 1.183426
2300 1.183778
2301 1.184018
2302 1.183878
2303 1.183618
2304 1.183274
2305 1.183926
2306 1.184316
2307 1.184818
2308 1.184620
2309 1.184350
2310 1.184590
2311 1.184486
2312 1.184152
2313 1.185142
2314 1.184796
2315 1.184678
2316 1.184468
2317 1.184294
2318 1.184438
2319 1.184694
2320 1.184536
2321 1.184610
2322 1.184164
2323 1.184638
2324 1.184112
2325 1.184238
2326 1.183990
2327 1.183778
2328 1.183908
2329 1.184194
2330 1.184114
2331 1.184204
2332 1.184070
2333 1.183874
2334 1.183700
2335 1.183366
2336 1.182972
2337 1.183090
2338 1.183006
2339 1.182990
2340 1.183160
2341 1.183288
2342 1.182896
2343 1.183208
2344 1.183612
2345 1.183256
2346 1.183604
2347 1.183750
2348 1.183894
2349 1.184052
2350 1.184172
2351 1.184720
2352 1.185066
2353 1.185362
2354 1.185418
2355 1.185686
2356 1.186430
2357 1.186166
2358 1.186034
2359 1.185868
2360 1.185758
2361 1.185670
2362 1.185348
2363 1.185398
2364 1.185630
2365 1.185168
2366 1.185096
2367 1.185282
2368 1.185060
2369 1.184904
2370 1.184864
2371 1.184624
2372 1.184428
2373 1.184350
2374 1.184664
2375 1.184548
2376 1.184982
2377 1.184972
2378 1.185018
2379 1.184762
2380 1.184962
2381 1.184360
2382 1.184172
2383 1.184150
2384 1.184318
2385 1.184318
2386 1.184656
2387 1.184206
2388 1.184684
2389 1.184808
2390 1.184282
2391 1.184642
2392 1.185146
2393 1.184912
2394 1.184576
2395 1.184410
2396 1.183848
2397 1.183540
2398 1.184068
2399 1.183376
2400 1.183164
2401 1.182826
2402 1.182682
2403 1.183152
2404 1.183278
2405 1.183736
2406 1.183372
2407 1.183466
2408 1.183396
2409 1.183352
2410 1.183146
2411 1.183146
2412 1.182712
2413 1.182306
2414 1.182144
2415 1.181516
2416 1.181344
2417 1.181166
2418 1.181228
2419 1.181722
2420 1.181864
2421 1.182828
2422 1.182950
2423 1.182846
2424 1.183030
2425 1.183590
2426 1.183148
2427 1.183218
2428 1.183030
2429 1.183402
2430 1.183008
2431 1.183250
2432 1.182482
2433 1.182780
2434 1.183156
2435 1.183580
2436 1.183308
2437 1.182856
2438 1.182300
2439 1.182272
2440 1.182524
2441 1.182904
2442 1.182998
2443 1.182890
2444 1.183300
2445 1.183208
2446 1.183594
2447 1.183250
2448 1.183556
2449 1.183266
2450 1.183174
2451 1.183544
2452 1.183442
2453 1.182940
2454 1.182730
2455 1.182838
2456 1.182884
2457 1.182476
2458 1.181938
2459 1.182350
2460 1.182584
2461 1.183166
2462 1.183416
2463 1.183484
2464 1.183570
2465 1.183600
2466 1.183304
2467 1.183080
2468 1.182934
2469 1.182990
2470 1.183134
2471 1.182710
2472 1.182962
2473 1.182482
2474 1.182654
2475 1.182808
2476 1.182350
2477 1.181942
2478 1.182380
2479 1.182920
2480 1.182746
2481 1.182826
2482 1.182802
2483 1.182640
2484 1.182682
2485 1.182856
2486 1.182802
2487 1.182946
2488 1.183116
2489 1.183542
2490 1.183090
2491 1.183218
2492 1.183562
2493 1.183572
2494 1.183506
2495 1.183490
2496 1.183092
2497 1.183462
2498 1.183382
2499 1.183454
2500 1.183426
2501 1.183554
2502 1.183642
2503 1.183448
2504 1.183680
2505 1.183880
2506 1.184164
2507 1.184090
2508 1.183744
2509 1.183582
2510 1.183644
2511 1.183394
2512 1.183062
2513 1.183190
2514 1.183060
2515 1.183308
2516 1.183456
2517 1.183892
2518 1.183858
2519 1.184198
2520 1.184398
2521 1.184384
2522 1.185444
2523 1.185470
2524 1.185414
2525 1.184950
2526 1.184834
2527 1.184278
2528 1.183782
2529 1.183042
2530 1.182978
2531 1.182266
2532 1.182118
2533 1.182326
2534 1.182992
2535 1.182550
2536 1.183002
2537 1.183358
2538 1.183180
2539 1.183058
2540 1.183166
2541 1.182922
2542 1.183454
2543 1.183476
2544 1.183662
2545 1.183656
2546 1.183654
2547 1.184274
2548 1.184000
2549 1.183968
2550 1.183566
2551 1.183438
2552 1.184052
2553 1.183576
2554 1.183316
2555 1.182910
2556 1.182620
2557 1.182536
2558 1.183074
2559 1.183354
2560 1.183340
2561 1.183216
2562 1.182684
2563 1.183096
2564 1.183056
2565 1.182690
2566 1.182668
2567 1.182646
2568 1.182168
2569 1.182018
2570 1.182422
2571 1.181944
2572 1.181262
2573 1.181908
2574 1.181476
2575 1.181538
2576 1.181936
2577 1.182262
2578 1.182334
2579 1.182902
2580 1.183470
2581 1.184314
2582 1.184528
2583 1.184408
2584 1.184812
2585 1.184800
2586 1.184644
2587 1.185122
2588 1.184772
2589 1.184692
2590 1.185132
2591 1.184678
2592 1.185220
2593 1.185394
2594 1.184968
2595 1.185230
2596 1.184876
2597 1.184754
2598 1.184324
2599 1.184490
2600 1.184420
2601 1.184866
2602 1.184584
2603 1.184444
2604 1.184454
2605 1.184740
2606 1.185266
2607 1.185048
2608 1.185212
2609 1.185250
2610 1.185540
2611 1.185012
2612 1.185186
2613 1.185216
2614 1.184462
2615 1.183934
2616 1.183982
2617 1.183392
2618 1.183848
2619 1.183992
2620 1.184322
2621 1.184182
2622 1.184880
2623 1.184564
2624 1.184280
2625 1.184194
2626 1.183982
2627 1.183064
2628 1.182920
2629 1.183058
2630 1.182954
2631 1.182326
2632 1.182452
2633 1.182732
2634 1.182752
2635 1.182996
2636 1.183602
2637 1.183506
2638 1.183852
2639 1.183540
2640 1.183606
2641 1.183276
2642 1.183572
2643 1.183718
2644 1.183536
2645 1.183648
2646 1.184026
2647 1.184012
2648 1.184090
2649 1.184422
2650 1.184858
2651 1.184704
2652 1.184794
2653 1.184662
2654 1.184258
2655 1.184078
2656 1.183512
2657 1.183432
2658 1.183400
2659 1.182796
2660 1.182274
2661 1.181732
2662 1.180806
2663 1.181358
2664 1.180888
2665 1.180982
2666 1.180528
2667 1.180814
2668 1.180436
2669 1.180404
2670 1.180176
2671 1.180216
2672 1.180078
2673 1.180468
2674 1.180882
2675 1.180950
2676 1.180528
2677 1.180290
2678 1.180382
2679 1.180342
2680 1.180926
2681 1.180594
2682 1.181404
2683 1.182078
2684 1.182304
2685 1.182038
2686 1.182206
2687 1.181812
2688 1.181514
2689 1.181608
2690 1.181072
2691 1.181190
2692 1.180906
2693 1.180976
2694 1.180906
2695 1.180528
2696 1.180442
2697 1.180514
2698 1.181166
2699 1.180862
2700 1.180586
2701 1.180736
2702 1.181102
2703 1.181050
2704 1.181292
2705 1.180390
2706 1.180650
2707 1.181130
2708 1.181670
2709 1.181968
2710 1.181544
2711 1.181914
2712 1.182484
2713 1.182690
2714 1.182970
2715 1.182530
2716 1.182458
2717 1.182700
2718 1.183110
2719 1.183706
2720 1.183350
2721 1.182374
2722 1.182666
2723 1.182462
2724 1.182478
2725 1.182342
2726 1.182522
2727 1.182574
2728 1.183420
2729 1.183560
2730 1.184004
2731 1.184282
2732 1.184022
2733 1.183992
2734 1.183652
2735 1.183762
2736 1.183946
2737 1.184042
2738 1.184102
2739 1.184068
2740 1.184386
2741 1.184454
2742 1.185122
2743 1.185262
2744 1.185118
2745 1.184828
2746 1.185136
2747 1.184870
2748 1.184626
2749 1.184766
2750 1.184424
2751 1.184152
2752 1.184214
2753 1.184190
2754 1.184188
2755 1.183970
2756 1.184008
2757 1.183118
2758 1.183430
2759 1.183320
2760 1.183512
2761 1.183604
2762 1.184086
2763 1.184594
2764 1.184644
2765 1.184680
2766 1.184368
2767 1.184046
2768 1.183586
2769 1.183752
2770 1.183796
2771 1.184066
2772 1.183808
2773 1.183548
2774 1.183392
2775 1.183604
2776 1.183858
2777 1.183896
2778 1.183248
2779 1.183284
2780 1.183430
2781 1.183206
2782 1.182842
2783 1.183334
2784 1.182566
2785 1.183158
2786 1.182666
2787 1.182976
2788 1.182838
2789 1.182126
2790 1.182194
2791 1.182066
2792 1.182134
2793 1.182492
2794 1.182542
2795 1.182042
2796 1.181910
2797 1.182120
2798 1.182564
2799 1.182312
2800 1.182272
2801 1.182372
2802 1.181802
2803 1.182424
2804 1.182654
2805 1.182254
2806 1.182298
2807 1.182456
2808 1.182354
2809 1.183018
2810 1.182266
2811 1.182608
2812 1.182500
2813 1.182290
2814 1.182990
2815 1.182774
2816 1.183230
2817 1.184150
2818 1.183904
2819 1.183772
2820 1.183932
2821 1.184120
2822 1.183624
2823 1.183546
2824 1.183180
2825 1.182712
2826 1.182344
2827 1.182688
2828 1.183384
2829 1.183772
2830 1.183804
2831 1.184150
2832 1.184566
2833 1.184512
2834 1.184722
2835 1.184338
2836 1.184116
2837 1.184150
2838 1.183946
2839 1.183784
2840 1.183134
2841 1.183032
2842 1.182796
2843 1.182520
2844 1.182372
2845 1.182946
2846 1.182682
2847 1.182718
2848 1.182740
2849 1.182756
2850 1.182442
2851 1.182928
2852 1.183040
2853 1.182808
2854 1.182918
2855 1.183400
2856 1.183712
2857 1.183548
2858 1.183200
2859 1.183724
2860 1.183112
2861 1.182192
2862 1.182008
2863 1.181948
2864 1.181624
2865 1.181830
2866 1.181776
2867 1.182070
2868 1.182054
2869 1.181808
2870 1.182056
2871 1.182318
2872 1.182246
2873 1.181726
2874 1.180956
2875 1.180362
2876 1.180146
2877 1.180546
2878 1.180256
2879 1.180190
2880 1.180540
2881 1.180622
2882 1.180628
2883 1.180808
2884 1.181306
2885 1.181208
2886 1.181416
2887 1.181490
2888 1.181826
2889 1.181420
2890 1.181676
2891 1.182010
2892 1.182710
2893 1.182138
2894 1.182478
2895 1.182684
2896 1.183376
2897 1.183154
2898 1.182744
2899 1.182902
2900 1.183138
2901 1.183366
2902 1.183254
2903 1.183246
2904 1.183618
2905 1.183468
2906 1.182976
2907 1.183514
2908 1.183356
2909 1.183682
2910 1.183262
2911 1.182888
2912 1.182680
2913 1.183844
2914 1.182818
2915 1.182484
2916 1.182484
2917 1.182528
2918 1.182388
2919 1.182034
2920 1.181546
2921 1.181404
2922 1.180656
2923 1.180530
2924 1.180476
2925 1.180422
2926 1.180670
2927 1.180506
2928 1.180898
2929 1.181184
2930 1.181492
2931 1.181362
2932 1.181516
2933 1.182142
2934 1.182850
2935 1.182440
2936 1.182484
2937 1.182762
2938 1.182916
2939 1.182188
2940 1.182198
2941 1.181508
2942 1.181238
2943 1.181288
2944 1.181800
2945 1.182090
2946 1.181928
2947 1.182200
2948 1.181876
2949 1.181582
2950 1.182194
2951 1.182038
2952 1.182408
2953 1.182422
2954 1.182350
2955 1.182066
2956 1.182338
2957 1.181358
2958 1.180970
2959 1.180992
2960 1.180762
2961 1.180820
2962 1.181438
2963 1.181000
2964 1.180542
2965 1.180426
2966 1.180368
2967 1.179828
2968 1.179602
2969 1.179794
2970 1.179884
2971 1.180238
2972 1.180334
2973 1.180390
2974 1.180136
2975 1.180060
2976 1.180460
2977 1.181012
2978 1.181250
2979 1.182040
2980 1.182174
2981 1.182370
2982 1.182498
2983 1.182318
2984 1.182772
2985 1.183266
2986 1.183338
2987 1.183016
2988 1.182754
2989 1.182460
2990 1.182358
2991 1.182206
2992 1.182204
2993 1.182258
2994 1.182270
2995 1.182132
2996 1.181974
2997 1.181838
2998 1.182516
2999 1.182352
3000 1.182584
3001 1.182398
3002 1.182894
3003 1.182688
3004 1.182414
3005 1.182198
3006 1.182270
3007 1.181994
3008 1.181840
3009 1.181622
3010 1.181506
3011 1.181338
3012 1.181186
3013 1.180768
3014 1.180798
3015 1.180906
3016 1.180592
3017 1.180510
3018 1.180446
3019 1.180390
3020 1.180978
3021 1.181102
3022 1.180662
3023 1.180306
3024 1.179744
3025 1.179820
3026 1.179822
3027 1.179698
3028 1.179876
3029 1.179914
3030 1.179882
3031 1.180254
3032 1.180078
3033 1.180210
3034 1.179786
3035 1.180608
3036 1.180322
3037 1.179488
3038 1.179374
3039 1.179406
3040 1.179018
3041 1.179690
3042 1.179354
3043 1.179046
3044 1.179486
3045 1.179528
3046 1.179678
3047 1.180324
3048 1.180030
3049 1.180046
3050 1.180450
3051 1.180754
3052 1.180822
3053 1.180722
3054 1.180978
3055 1.180746
3056 1.180640
3057 1.180348
3058 1.180378
3059 1.180174
3060 1.179684
3061 1.179776
3062 1.180228
3063 1.180290
3064 1.180042
3065 1.180318
3066 1.180396
3067 1.179944
3068 1.180724
3069 1.180790
3070 1.181468
3071 1.181148
3072 1.181856
3073 1.181832
3074 1.181370
3075 1.181202
3076 1.181516
3077 1.181356
3078 1.180690
3079 1.180304
3080 1.179968
3081 1.180432
3082 1.180080
3083 1.180414
3084 1.180666
3085 1.180464
3086 1.180536
3087 1.180286
3088 1.180372
3089 1.181004
3090 1.181992
3091 1.181672
3092 1.181908
3093 1.181374
3094 1.181516
3095 1.181380
3096 1.180996
3097 1.181078
3098 1.180852
3099 1.181944
3100 1.180944
3101 1.181072
3102 1.181358
3103 1.181810
3104 1.181818
3105 1.182120
3106 1.182080
3107 1.181452
3108 1.181734
3109 1.181842
3110 1.182088
3111 1.181782
3112 1.181796
3113 1.181934
3114 1.182502
3115 1.182966
3116 1.182830
3117 1.182870
3118 1.182472
3119 1.182244
3120 1.182908
3121 1.182922
3122 1.182798
3123 1.183256
3124 1.183036
3125 1.182504
3126 1.183318
3127 1.183792
3128 1.183514
3129 1.183220
3130 1.182684
3131 1.183286
3132 1.183754
3133 1.183946
3134 1.183630
3135 1.183924
3136 1.183962
3137 1.184148
3138 1.183582
3139 1.183064
3140 1.183526
3141 1.183336
3142 1.183280
3143 1.182900
3144 1.182984
3145 1.183164
3146 1.183190
3147 1.183136
3148 1.183252
3149 1.183124
3150 1.182834
3151 1.182996
3152 1.182494
3153 1.182662
3154 1.182388
3155 1.182272
3156 1.182472
3157 1.182018
3158 1.182304
3159 1.182504
3160 1.182536
3161 1.182378
3162 1.182072
3163 1.182004
3164 1.181936
3165 1.182312
3166 1.182096
3167 1.181380
3168 1.181424
3169 1.181368
3170 1.182116
3171 1.182034
3172 1.182664
3173 1.182620
3174 1.182358
3175 1.182420
3176 1.182170
3177 1.182822
3178 1.182568
3179 1.182794
3180 1.182970
3181 1.183430
3182 1.183118
3183 1.183078
3184 1.183134
3185 1.182754
3186 1.182264
3187 1.182422
3188 1.183020
3189 1.183084
3190 1.183196
3191 1.183340
3192 1.183642
3193 1.184306
3194 1.184344
3195 1.184230
3196 1.184624
3197 1.184510
3198 1.184390
3199 1.184124
3200 1.184132
3201 1.183824
3202 1.183380
3203 1.183202
3204 1.183166
3205 1.183280
3206 1.183218
3207 1.183610
3208 1.183736
3209 1.183196
3210 1.182988
3211 1.182866
3212 1.182808
3213 1.183200
3214 1.183288
3215 1.183676
3216 1.183894
3217 1.183884
3218 1.183592
3219 1.183868
3220 1.183792
3221 1.183898
3222 1.183464
3223 1.184196
3224 1.184230
3225 1.184194
3226 1.183956
3227 1.183346
3228 1.183294
3229 1.183768
3230 1.184026
3231 1.183898
3232 1.183556
3233 1.183258
3234 1.182834
3235 1.183228
3236 1.183700
3237 1.183330
3238 1.182778
3239 1.182868
3240 1.183314
3241 1.183120
3242 1.182288
3243 1.182144
3244 1.182122
3245 1.181748
3246 1.181460
3247 1.181628
3248 1.181970
3249 1.181804
3250 1.181726
3251 1.181890
3252 1.181672
3253 1.181288
3254 1.181320
3255 1.181952
3256 1.181620
3257 1.181236
3258 1.181264
3259 1.181854
3260 1.182240
3261 1.182500
3262 1.182194
3263 1.182246
3264 1.182316
3265 1.182010
3266 1.181360
3267 1.181064
3268 1.181322
3269 1.180650
3270 1.180666
3271 1.180304
3272 1.180284
3273 1.180478
3274 1.179966
3275 1.180158
3276 1.180564
3277 1.180418
3278 1.180346
3279 1.180792
3280 1.181172
3281 1.181542
3282 1.181724
3283 1.182006
3284 1.182330
3285 1.182204
3286 1.182282
3287 1.182500
3288 1.182488
3289 1.181758
3290 1.181896
3291 1.181920
3292 1.182624
3293 1.182356
3294 1.182854
3295 1.182306
3296 1.182864
3297 1.183250
3298 1.183040
3299 1.183168
3300 1.182860
3301 1.183276
3302 1.183196
3303 1.182324
3304 1.182580
3305 1.182496
3306 1.182414
3307 1.181884
3308 1.182100
3309 1.181950
3310 1.183112
3311 1.183332
3312 1.183256
3313 1.183258
3314 1.183618
3315 1.183220
3316 1.183516
3317 1.183670
3318 1.184218
3319 1.184578
3320 1.184998
3321 1.184930
3322 1.184852
3323 1.184804
3324 1.184804
3325 1.185234
3326 1.186078
3327 1.185736
3328 1.186030
3329 1.186124
3330 1.186088
3331 1.185892
3332 1.185836
3333 1.185406
3334 1.184820
3335 1.185356
3336 1.185038
3337 1.185260
3338 1.184750
3339 1.183706
3340 1.183520
3341 1.183224
3342 1.183748
3343 1.183960
3344 1.184204
3345 1.184236
3346 1.184404
3347 1.185382
3348 1.185202
3349 1.185498
3350 1.185512
3351 1.186366
3352 1.186160
3353 1.186234
3354 1.185876
3355 1.185884
3356 1.185568
3357 1.184924
3358 1.184588
3359 1.183972
3360 1.183530
3361 1.183068
3362 1.182990
3363 1.183100
3364 1.183040
3365 1.183606
3366 1.183668
3367 1.183530
3368 1.182922
3369 1.182962
3370 1.182584
3371 1.182000
3372 1.181920
3373 1.182536
3374 1.182554
3375 1.182880
3376 1.182758
3377 1.182712
3378 1.183072
3379 1.182864
3380 1.182922
3381 1.182820
3382 1.182966
3383 1.182746
3384 1.182524
3385 1.182352
3386 1.182452
3387 1.182574
3388 1.182134
3389 1.182278
3390 1.181728
3391 1.181358
3392 1.181932
3393 1.181614
3394 1.181662
3395 1.181852
3396 1.181748
3397 1.181722
3398 1.181416
3399 1.181854
3400 1.182178
3401 1.181520
3402 1.181438
3403 1.181192
3404 1.181094
3405 1.181030
3406 1.180350
3407 1.180318
3408 1.181114
3409 1.181718
3410 1.180962
3411 1.180930
3412 1.180882
3413 1.181050
3414 1.180746
3415 1.180576
3416 1.180624
3417 1.181006
3418 1.181524
3419 1.181736
3420 1.181878
3421 1.181568
3422 1.181034
3423 1.181412
3424 1.181590
3425 1.181466
3426 1.181156
3427 1.181052
3428 1.180400
3429 1.180114
3430 1.179964
3431 1.179920
3432 1.180090
3433 1.180358
3434 1.180610
3435 1.181016
3436 1.181406
3437 1.181134
3438 1.181074
3439 1.180640
3440 1.180274
3441 1.180676
3442 1.180444
3443 1.181610
3444 1.182132
3445 1.181300
3446 1.181438
3447 1.180972
3448 1.180974
3449 1.180856
3450 1.181020
3451 1.181516
3452 1.181760
3453 1.181930
3454 1.182364
3455 1.182416
3456 1.182266
3457 1.182200
3458 1.181894
3459 1.182186
3460 1.181658
3461 1.181696
3462 1.181618
3463 1.181256
3464 1.180856
3465 1.181604
3466 1.181668
3467 1.181560
3468 1.181470
3469 1.181468
3470 1.181440
3471 1.182108
3472 1.182270
3473 1.182206
3474 1.182362
3475 1.182750
3476 1.182922
3477 1.182722
3478 1.181844
3479 1.181550
3480 1.181792
3481 1.181956
3482 1.182196
3483 1.182590
3484 1.182780
3485 1.182850
3486 1.183058
3487 1.183680
3488 1.183442
3489 1.183500
3490 1.183486
3491 1.183468
3492 1.183418
3493 1.183460
3494 1.183122
3495 1.183166
3496 1.183926
3497 1.184332
3498 1.184290
3499 1.184144
3500 1.184200
3501 1.184080
3502 1.183616
3503 1.183190
3504 1.183442
3505 1.183532
3506 1.183830
3507 1.184186
3508 1.183732
3509 1.183250
3510 1.182932
3511 1.183114
3512 1.183228
3513 1.183640
3514 1.183330
3515 1.183464
3516 1.183782
3517 1.183940
3518 1.184428
3519 1.184584
3520 1.184370
3521 1.184150
3522 1.183756
3523 1.183610
3524 1.183142
3525 1.183318
3526 1.183676
3527 1.183850
3528 1.183652
3529 1.183600
3530 1.183582
3531 1.183874
3532 1.183444
3533 1.184038
3534 1.184582
3535 1.184612
3536 1.184316
3537 1.184446
3538 1.183576
3539 1.183734
3540 1.183682
3541 1.183944
3542 1.184074
3543 1.184724
3544 1.185044
3545 1.185766
3546 1.184998
3547 1.185866
3548 1.185568
3549 1.185870
3550 1.185988
3551 1.186444
3552 1.186480
3553 1.186040
3554 1.186038
3555 1.185700
3556 1.185610
3557 1.185790
3558 1.185742
3559 1.185654
3560 1.185942
3561 1.186154
3562 1.185858
3563 1.185882
3564 1.185508
3565 1.185384
3566 1.185088
3567 1.185182
3568 1.184720
3569 1.184340
3570 1.183766
3571 1.183740
3572 1.183188
3573 1.184012
3574 1.183852
3575 1.183320
3576 1.183324
3577 1.183092
3578 1.182864
3579 1.182550
3580 1.182444
3581 1.183156
3582 1.182486
3583 1.182194
3584 1.182134
3585 1.181990
3586 1.181708
3587 1.181594
3588 1.181160
3589 1.181194
3590 1.181196
3591 1.181594
3592 1.181286
3593 1.181540
3594 1.181174
3595 1.181376
3596 1.181676
3597 1.181756
3598 1.181296
3599 1.181864
3600 1.182062
3601 1.182258
3602 1.182436
3603 1.183320
3604 1.183066
3605 1.183374
3606 1.183020
3607 1.182674
3608 1.182880
3609 1.183348
3610 1.184038
3611 1.184124
3612 1.184474
3613 1.183878
3614 1.183820
3615 1.183980
3616 1.183936
3617 1.183568
3618 1.183306
3619 1.183406
3620 1.183970
3621 1.183724
3622 1.183326
3623 1.183658
3624 1.183976
3625 1.183348
3626 1.183250
3627 1.183262
3628 1.183600
3629 1.183066
3630 1.183296
3631 1.183196
3632 1.183058
3633 1.182290
3634 1.182694
3635 1.182238
3636 1.181960
3637 1.181376
3638 1.181504
3639 1.181518
3640 1.181098
3641 1.180582
3642 1.181100
3643 1.181082
3644 1.181548
3645 1.181796
3646 1.181412
3647 1.181278
3648 1.180530
3649 1.180856
3650 1.180576
3651 1.180712
3652 1.180222
3653 1.180724
3654 1.180294
3655 1.180058
3656 1.180198
3657 1.180060
3658 1.180262
3659 1.180440
3660 1.180784
3661 1.181424
3662 1.180878
3663 1.181240
3664 1.181086
3665 1.181884
3666 1.182036
3667 1.182824
3668 1.183166
3669 1.182966
3670 1.182624
3671 1.182028
3672 1.181636
3673 1.182372
3674 1.182444
3675 1.182460
3676 1.182254
3677 1.182174
3678 1.182886
3679 1.183018
3680 1.182990
3681 1.182840
3682 1.182330
3683 1.182088
3684 1.181718
3685 1.181690
3686 1.182064
3687 1.182862
3688 1.183182
3689 1.183122
3690 1.182968
3691 1.183004
3692 1.183508
3693 1.183324
3694 1.183546
3695 1.182740
3696 1.183222
3697 1.183064
3698 1.183196
3699 1.183454
3700 1.183310
3701 1.183588
3702 1.183498
3703 1.183490
3704 1.183818
3705 1.183304
3706 1.183186
3707 1.183840
3708 1.183472
3709 1.183922
3710 1.184326
3711 1.183902
3712 1.183986
3713 1.184070
3714 1.183760
3715 1.183116
3716 1.183024
3717 1.183244
3718 1.183218
3719 1.182660
3720 1.182548
3721 1.183054
3722 1.182430
3723 1.182700
3724 1.183426
3725 1.183008
3726 1.182958
3727 1.182208
3728 1.182144
3729 1.181858
3730 1.181964
3731 1.181972
3732 1.181890
3733 1.181468
3734 1.181004
3735 1.181302
3736 1.180856
3737 1.180688
3738 1.181454
3739 1.181346
3740 1.181282
3741 1.181374
3742 1.181132
3743 1.181758
3744 1.181972
3745 1.182056
3746 1.182110
3747 1.181496
3748 1.181280
3749 1.181032
3750 1.181164
3751 1.181396
3752 1.181638
3753 1.181812
3754 1.182040
3755 1.182262
3756 1.182736
3757 1.182838
3758 1.182446
3759 1.182270
3760 1.182648
3761 1.183474
3762 1.183672
3763 1.184372
3764 1.184374
3765 1.184372
3766 1.183596
3767 1.183352
3768 1.183088
3769 1.182452
3770 1.182538
3771 1.181722
3772 1.181652
3773 1.181602
3774 1.181722
3775 1.181654
3776 1.181782
3777 1.181472
3778 1.181500
3779 1.181680
3780 1.181264
3781 1.180860
3782 1.181056
3783 1.180622
3784 1.181158
3785 1.180826
3786 1.180792
3787 1.181212
3788 1.181430
3789 1.181580
3790 1.181664
3791 1.181632
3792 1.181796
3793 1.182412
3794 1.182666
3795 1.182948
3796 1.182804
3797 1.183090
3798 1.183484
3799 1.183552
3800 1.183690
3801 1.183952
3802 1.184012
3803 1.183940
3804 1.183428
3805 1.183730
3806 1.183474
3807 1.183680
3808 1.184188
3809 1.183896
3810 1.183376
3811 1.183380
3812 1.183970
3813 1.183694
3814 1.183966
3815 1.184280
3816 1.183996
3817 1.183590
3818 1.183494
3819 1.183652
3820 1.183976
3821 1.183700
3822 1.183912
3823 1.183738
3824 1.183214
3825 1.183170
3826 1.182830
3827 1.183048
3828 1.182816
3829 1.182798
3830 1.182874
3831 1.182152
3832 1.182294
3833 1.182350
3834 1.182116
3835 1.181868
3836 1.182462
3837 1.182606
3838 1.182686
3839 1.182750
3840 1.182818
3841 1.182772
3842 1.182642
3843 1.182538
3844 1.182546
3845 1.182240
3846 1.182382
3847 1.183066
3848 1.183426
3849 1.184214
3850 1.183866
3851 1.184100
3852 1.183752
3853 1.183364
3854 1.183578
3855 1.183362
3856 1.183328
3857 1.183534
3858 1.183598
3859 1.184614
3860 1.184768
3861 1.184636
3862 1.184916
3863 1.184866
3864 1.184660
3865 1.185050
3866 1.184814
3867 1.185024
3868 1.184950
3869 1.184652
3870 1.185028
3871 1.185308
3872 1.185168
3873 1.185232
3874 1.185372
3875 1.185554
3876 1.185876
3877 1.185692
3878 1.185676
3879 1.185674
3880 1.185556
3881 1.185716
3882 1.185980
3883 1.186052
3884 1.185254
3885 1.184860
3886 1.184754
3887 1.185468
3888 1.185156
3889 1.184878
3890 1.184590
3891 1.184666
3892 1.184790
3893 1.184458
3894 1.184510
3895 1.184748
3896 1.185162
3897 1.185652
3898 1.185946
3899 1.185718
3900 1.186164
3901 1.186052


Active cycles: 2400
k_mean: 1.182950
k_stddev(cycle): 0.001345
k_stderr(mean): 0.000027
