1 0.591212
2 1.079353
3 1.111076
4 1.130186
5 1.142241
6 1.149966
7 1.157036
8 1.161802
9 1.163970
10 1.170406
11 1.171746
12 1.174882
13 1.174824
14 1.176724
15 1.177152
16 1.178644
17 1.178697
18 1.178167
19 1.179056
20 1.179074
21 1.180157
22 1.181139
23 1.181433
24 1.179585
25 1.181496
26 1.180430
27 1.180511
28 1.180946
29 1.181703
30 1.182177
31 1.180972
32 1.180507
33 1.180996
34 1.180804
35 1.182949
36 1.181611
37 1.180831
38 1.179933
39 1.181398
40 1.181548
41 1.180968
42 1.179864
43 1.181595
44 1.183046
45 1.181793
46 1.181702
47 1.182014
48 1.180960
49 1.178999
50 1.183079
51 1.181453
52 1.182318
53 1.181626
54 1.181399
55 1.182380
56 1.181581
57 1.181579
58 1.180333
59 1.183969
60 1.182482
61 1.181222
62 1.181950
63 1.181962
64 1.181713
65 1.182138
66 1.181692
67 1.180398
68 1.182966
69 1.180769
70 1.181636
71 1.182455
72 1.182596
73 1.180954
74 1.183390
75 1.183555
76 1.181783
77 1.182395
78 1.182131
79 1.183591
80 1.182588
81 1.182825
82 1.183682
83 1.183661
84 1.182157
85 1.184565
86 1.182980
87 1.183486
88 1.182495
89 1.183354
90 1.183809
91 1.182380
92 1.183099
93 1.182916
94 1.183655
95 1.184039
96 1.184510
97 1.182610
98 1.183105
99 1.182974
100 1.182642
101 1.182875
102 1.181856
103 1.182416
104 1.181741
105 1.181823
106 1.182415
107 1.182083
108 1.184125
109 1.183110
110 1.183648
111 1.182900
112 1.182355
113 1.182196
114 1.183519
115 1.183005
116 1.182890
117 1.184034
118 1.183847
119 1.183406
120 1.182569
121 1.181312
122 1.182846
123 1.182817
124 1.182254
125 1.182134
126 1.182362
127 1.184044
128 1.184071
129 1.182905
130 1.182793
131 1.183411
132 1.182813
133 1.184048
134 1.184446
135 1.184112
136 1.183677
137 1.183867
138 1.184767
139 1.182875
140 1.183206
141 1.183220
142 1.184263
143 1.182072
144 1.184474
145 1.183772
146 1.183500
147 1.183750
148 1.184403
149 1.182900
150 1.183756
151 1.182373
152 1.181871
153 1.182529
154 1.182664
155 1.183697
156 1.184399
157 1.181584
158 1.182328
159 1.182266
160 1.183140
161 1.183225
162 1.182928
163 1.182659
164 1.181389
165 1.183618
166 1.183457
167 1.182922
168 1.183485
169 1.182276
170 1.181949
171 1.183272
172 1.182369
173 1.182852
174 1.184146
175 1.183946
176 1.182856
177 1.182781
178 1.183138
179 1.183204
180 1.183212
181 1.182441
182 1.180574
183 1.182795
184 1.183068
185 1.183147
186 1.182735
187 1.183183
188 1.182059
189 1.183356
190 1.184091
191 1.182432
192 1.181586
193 1.184611
194 1.183601
195 1.182652
196 1.183933
197 1.182751
198 1.182434
199 1.184134
200 1.183949
201 1.182518
202 1.182723
203 1.182181
204 1.181854
205 1.184492
206 1.181867
207 1.182114
208 1.183316
209 1.183691
210 1.183706
211 1.181234
212 1.183493
213 1.182956
214 1.182265
215 1.182135
216 1.183047
217 1.182459
218 1.183930
219 1.182469
220 1.183948
221 1.182667
222 1.182727
223 1.182823
224 1.182204
225 1.182709
226 1.184846
227 1.183057
228 1.182759
229 1.183547
230 1.184271
231 1.183063
232 1.183654
233 1.181902
234 1.180626
235 1.183045
236 1.183461
237 1.183270
238 1.182451
239 1.182322
240 1.182770
241 1.181994
242 1.183585
243 1.183273
244 1.184567
245 1.184231
246 1.183354
247 1.183297
248 1.182954
249 1.181919
250 1.183234
251 1.184048
252 1.183396
253 1.183432
254 1.183947
255 1.183759
256 1.183427
257 1.183277
258 1.183100
259 1.183342
260 1.183252
261 1.183842
262 1.184192
263 1.183449
264 1.183370
265 1.184766
266 1.182962
267 1.182907
268 1.183628
269 1.182289
270 1.183385
271 1.181763
272 1.183021
273 1.182739
274 1.183653
275 1.183986
276 1.183228
277 1.182523
278 1.182726
279 1.182950
280 1.183725
281 1.183457
282 1.183350
283 1.182948
284 1.182875
285 1.183230
286 1.183346
287 1.181990
288 1.182353
289 1.182745
290 1.183150
291 1.181998
292 1.184935
293 1.181636
294 1.183059
295 1.182582
296 1.182116
297 1.181268
298 1.182837
299 1.183196
300 1.183511
301 1.182230
302 1.182942
303 1.181923
304 1.182794
305 1.182511
306 1.183062
307 1.184532
308 1.184196
309 1.183298
310 1.183359
311 1.182864
312 1.184474
313 1.183412
314 1.184046
315 1.184731
316 1.182663
317 1.183503
318 1.183101
319 1.182757
320 1.185202
321 1.182850
322 1.182857
323 1.181352
324 1.182429
325 1.181712
326 1.183789
327 1.182602
328 1.182529
329 1.183306
330 1.185117
331 1.184806
332 1.182654
333 1.184410
334 1.181821
335 1.183718
336 1.182931
337 1.184556
338 1.183526
339 1.182835
340 1.183459
341 1.183399
342 1.181802
343 1.183034
344 1.184318
345 1.182027
346 1.182719
347 1.183840
348 1.184579
349 1.181245
350 1.183805
351 1.181966
352 1.182980
353 1.182852
354 1.182944
355 1.183337
356 1.183297
357 1.182827
358 1.182948
359 1.183952
360 1.183863
361 1.183003
362 1.183657
363 1.181895
364 1.184152
365 1.182374
366 1.182656
367 1.182814
368 1.183318
369 1.181243
370 1.183537
371 1.183259
372 1.182169
373 1.183300
374 1.183645
375 1.183226
376 1.183455
377 1.182266
378 1.182710
379 1.183014
380 1.181887
381 1.182161
382 1.180775
383 1.183805
384 1.182453
385 1.182506
386 1.182578
387 1.184044
388 1.184457
389 1.184163
390 1.184323
391 1.183183
392 1.183551
393 1.183442
394 1.184725
395 1.184531
396 1.183934
397 1.182972
398 1.184239
399 1.180819
400 1.182806
401 1.184814
402 1.181407
403 1.183328
404 1.181936
405 1.184747
406 1.182854
407 1.182524
408 1.182543
409 1.183297
410 1.183513
411 1.183681
412 1.182836
413 1.183744
414 1.183457
415 1.182117
416 1.184495
417 1.183554
418 1.184114
419 1.183907
420 1.182061
421 1.181750
422 1.183810
423 1.181880
424 1.182890
425 1.182202
426 1.184275
427 1.183140
428 1.182753
429 1.183087
430 1.181125
431 1.182890
432 1.183809
433 1.182962
434 1.183884
435 1.183058
436 1.182756
437 1.182985
438 1.183041
439 1.182424
440 1.184611
441 1.184745
442 1.182371
443 1.183522
444 1.182590
445 1.182329
446 1.183796
447 1.183549
448 1.184121
449 1.184016
450 1.183345
451 1.182616
452 1.183277
453 1.184038
454 1.182898
455 1.183889
456 1.183540
457 1.183837
458 1.184947
459 1.183309
460 1.182983
461 1.183841
462 1.185018
463 1.183104
464 1.181334
465 1.181909
466 1.182743
467 1.183724
468 1.181607
469 1.185544
470 1.181570
471 1.182192
472 1.182100
473 1.181835
474 1.183342
475 1.182245
476 1.184650
477 1.185118
478 1.181700
479 1.182564
480 1.182784
481 1.182956
482 1.182366
483 1.184280
484 1.183752
485 1.183438
486 1.182281
487 1.182951
488 1.182850
489 1.182255
490 1.182788
491 1.182409
492 1.183381
493 1.183120
494 1.182707
495 1.183678
496 1.183202
497 1.181824
498 1.181398
499 1.183994
500 1.183441
501 1.182336
502 1.182662
503 1.183687
504 1.183136
505 1.184178
506 1.182854
507 1.183375
508 1.185433
509 1.182398
510 1.182928
511 1.183545
512 1.184057
513 1.182710
514 1.184050
515 1.184235
516 1.182702
517 1.185475
518 1.183434
519 1.183454
520 1.182993
521 1.182652
522 1.182362
523 1.183986
524 1.182793
525 1.183597
526 1.182779
527 1.182279
528 1.184205
529 1.182554
530 1.184520
531 1.182733
532 1.182367
533 1.183744
534 1.182662
535 1.184220
536 1.181556
537 1.184876
538 1.183480
539 1.182808
540 1.181514
541 1.182643
542 1.182226
543 1.182603
544 1.181639
545 1.181006
546 1.182511
547 1.182699
548 1.182188
549 1.183666
550 1.183179
551 1.183804
552 1.185209
553 1.182974
554 1.183842
555 1.182725
556 1.184992
557 1.182184
558 1.183828
559 1.183929
560 1.184380
561 1.184601
562 1.184262
563 1.184622
564 1.183400
565 1.183559
566 1.182861
567 1.183275
568 1.182521
569 1.182697
570 1.182032
571 1.182423
572 1.183131
573 1.182751
574 1.183744
575 1.185001
576 1.183242
577 1.182643
578 1.180781
579 1.183613
580 1.182266
581 1.181208
582 1.183514
583 1.182370
584 1.181581
585 1.183813
586 1.182530
587 1.183974
588 1.182682
589 1.182350
590 1.183970
591 1.181473
592 1.182466
593 1.182046
594 1.182619
595 1.183153
596 1.183197
597 1.183722
598 1.183250
599 1.181070
600 1.183539
601 1.184683


Active cycles: 300
k_mean: 1.183139
k_stddev(cycle): 0.000953
k_stderr(mean): 0.000055
Difference with the reference K: -0.000671, Per cent error: -0.056719
Reactivity(rho): 0.154790, pcm difference: -47.939122
Total Time: 481.798105seconds. Average: 0.801661 seconds per cycle.
