1 1.186635
2 1.083510
3 1.109814
4 1.124343
5 1.145407
6 1.149069
7 1.158082
8 1.163054
9 1.168286
10 1.168949
11 1.178364
12 1.173345
13 1.180345
14 1.179580
15 1.173732
16 1.178080
17 1.173377
18 1.179982
19 1.178743
20 1.183005
21 1.176810
22 1.182705
23 1.182966
24 1.182374
25 1.183013
26 1.180953
27 1.179817
28 1.177765
29 1.179390
30 1.181111
31 1.184315
32 1.181837
33 1.175484
34 1.183029
35 1.188182
36 1.178830
37 1.183100
38 1.182097
39 1.185807
40 1.181987
41 1.181237
42 1.185436
43 1.185436
44 1.180527
45 1.180203
46 1.182011
47 1.178215
48 1.182137
49 1.180835
50 1.184923
51 1.182539
52 1.183660
53 1.183889
54 1.181742
55 1.180874
56 1.178767
57 1.182689
58 1.183384
59 1.182650
60 1.187961
61 1.183786
62 1.185057
63 1.182760
64 1.176423
65 1.186967
66 1.181458
67 1.184370
68 1.180172
69 1.186296
70 1.181000
71 1.184039
72 1.183115
73 1.176234
74 1.183123
75 1.184899
76 1.180558
77 1.182334
78 1.179722
79 1.184410
80 1.181490
81 1.183778
82 1.185562
83 1.178593
84 1.188040
85 1.186391
86 1.186951
87 1.173653
88 1.185396
89 1.186146
90 1.185341
91 1.178570
92 1.181655
93 1.187598
94 1.176320
95 1.181340
96 1.183139
97 1.184441
98 1.181056
99 1.182413
100 1.182531
101 1.179319
102 1.179130
103 1.180969
104 1.187054
105 1.184505
106 1.185578
107 1.178080
108 1.186193
109 1.183384
110 1.185396
111 1.178499
112 1.184426
113 1.182342
114 1.182729
115 1.187788
116 1.186359
117 1.179619
118 1.181411
119 1.182397
120 1.180543
121 1.182571
122 1.187685
123 1.179051
124 1.181892
125 1.182705
126 1.181766
127 1.183155
128 1.181955
129 1.185223
130 1.184473
131 1.180582
132 1.185128
133 1.181166
134 1.182595
135 1.183613
136 1.181671
137 1.176620
138 1.185507
139 1.179193
140 1.181513
141 1.180858
142 1.184157
143 1.182713
144 1.183123
145 1.183613
146 1.191378
147 1.178049
148 1.182113
149 1.186067
150 1.182326
151 1.177883
152 1.182247
153 1.181024
154 1.185799
155 1.185025
156 1.182105
157 1.180708
158 1.182311
159 1.183968
160 1.180361
161 1.183194
162 1.184639
163 1.189058
164 1.188308
165 1.176186
166 1.180732
167 1.182950
168 1.184797
169 1.184078
170 1.183194
171 1.182603
172 1.179256
173 1.186904
174 1.185680
175 1.179998
176 1.181537
177 1.182097
178 1.179959
179 1.186138
180 1.185167
181 1.172730
182 1.183092
183 1.180629
184 1.183368
185 1.186272
186 1.182082
187 1.176904
188 1.184457
189 1.181845
190 1.181869
191 1.185751
192 1.180172
193 1.185057
194 1.179967
195 1.183818
196 1.180953
197 1.184536
198 1.189461
199 1.172643
200 1.177528
201 1.184465
202 1.184512
203 1.185649
204 1.191434
205 1.172485
206 1.186272
207 1.182950
208 1.185207
209 1.183573
210 1.184386
211 1.183944
212 1.178593
213 1.183013
214 1.188743
215 1.180393
216 1.181221
217 1.184284
218 1.189429
219 1.175618
220 1.181600
221 1.182729
222 1.180748
223 1.174726
224 1.187259
225 1.185120
226 1.179240
227 1.178096
228 1.183873
229 1.180535
230 1.185017
231 1.186991
232 1.187780
233 1.177220
234 1.184157
235 1.182429
236 1.182263
237 1.181411
238 1.184970
239 1.180322
240 1.185751
241 1.183147
242 1.182847
243 1.182358
244 1.178838
245 1.182074
246 1.187859
247 1.182508
248 1.181356
249 1.188443
250 1.185010
251 1.176983
252 1.179714
253 1.182942
254 1.184852
255 1.183139
256 1.184576
257 1.181798
258 1.182397
259 1.183526
260 1.182019
261 1.184970
262 1.185096
263 1.184970
264 1.185736
265 1.178664
266 1.181758
267 1.186564
268 1.182816
269 1.178980
270 1.187977
271 1.184141
272 1.184505
273 1.189437
274 1.179493
275 1.182808
276 1.182752
277 1.184686
278 1.182831
279 1.187693
280 1.183581
281 1.180590
282 1.187204
283 1.182492
284 1.182358
285 1.177828
286 1.179817
287 1.180890
288 1.186280
289 1.180077
290 1.182895
291 1.183976
292 1.180977
293 1.180148
294 1.185854
295 1.184639
296 1.187835
297 1.173116
298 1.179864
299 1.188750
300 1.176462
301 1.182405
302 1.179722
303 1.179714
304 1.181363
305 1.184583
306 1.177859
307 1.187196
308 1.184552
309 1.183486
310 1.186738
311 1.180882
312 1.183842
313 1.183565
314 1.186485
315 1.186296
316 1.185870
317 1.175279
318 1.183715
319 1.177749
320 1.186375
321 1.186280
322 1.187922
323 1.174513
324 1.179943
325 1.173921
326 1.185609
327 1.181434
328 1.182823
329 1.182610
330 1.187085
331 1.180030
332 1.183739
333 1.189082
334 1.182800
335 1.185112
336 1.182429
337 1.186201
338 1.182066
339 1.186083
340 1.182966
341 1.178246
342 1.180779
343 1.179604
344 1.186193
345 1.185728
346 1.186470
347 1.178522
348 1.178372
349 1.177236
350 1.180077
351 1.180827
352 1.183202
353 1.185412
354 1.187559
355 1.171688
356 1.184141
357 1.181498
358 1.187085
359 1.179201
360 1.181142
361 1.183660
362 1.181008
363 1.182926
364 1.186162
365 1.185357
366 1.183037
367 1.182516
368 1.179272
369 1.188419
370 1.186485
371 1.180219
372 1.180708
373 1.180440
374 1.179706
375 1.180424
376 1.183281
377 1.182926
378 1.178333
379 1.182839
380 1.188482
381 1.176328
382 1.180985
383 1.179746
384 1.183344
385 1.180132
386 1.178712
387 1.182784
388 1.181853
389 1.182887
390 1.183534
391 1.185420
392 1.189200
393 1.182650
394 1.186651
395 1.184149
396 1.180803
397 1.181340
398 1.182247
399 1.178001
400 1.183123
401 1.179959
402 1.183652
403 1.184576
404 1.179785
405 1.183928
406 1.183289
407 1.181529
408 1.183897
409 1.184797
410 1.184284
411 1.173992
412 1.184102
413 1.186233
414 1.185112
415 1.178428
416 1.182989
417 1.179580
418 1.181292
419 1.178357
420 1.181363
421 1.182374
422 1.179690
423 1.182950
424 1.183881
425 1.182492
426 1.183060
427 1.189508
428 1.182445
429 1.176163
430 1.182610
431 1.186478
432 1.178230
433 1.183960
434 1.177765
435 1.186588
436 1.184173
437 1.181955
438 1.179675
439 1.182342
440 1.186304
441 1.184607
442 1.182311
443 1.179177
444 1.180243
445 1.185538
446 1.184678
447 1.176960
448 1.183526
449 1.178522
450 1.182847
451 1.182958
452 1.187188
453 1.175034
454 1.182200
455 1.185215
456 1.180330
457 1.180306
458 1.181766
459 1.184678
460 1.185641
461 1.178522
462 1.185925
463 1.186296
464 1.188332
465 1.173195
466 1.183431
467 1.179951
468 1.184907
469 1.183881
470 1.181608
471 1.186951
472 1.187440
473 1.175997
474 1.187724
475 1.183052
476 1.188024
477 1.185302
478 1.179248
479 1.188411
480 1.187069
481 1.177702
482 1.181955
483 1.179162
484 1.185957
485 1.189232
486 1.185775
487 1.172572
488 1.186627
489 1.179343
490 1.182145
491 1.184441
492 1.181577
493 1.185830
494 1.183589
495 1.178246
496 1.180156
497 1.184512
498 1.182989
499 1.184276
500 1.186864
501 1.180211
502 1.183660
503 1.180693
504 1.190108
505 1.182389
506 1.184978
507 1.179690
508 1.179540
509 1.178601
510 1.184678
511 1.183644
512 1.181632
513 1.182113
514 1.179896
515 1.180732
516 1.187488
517 1.178854
518 1.180211
519 1.185996
520 1.179375
521 1.183147
522 1.181174
523 1.177820
524 1.187180
525 1.180850
526 1.185530
527 1.186462
528 1.177520
529 1.183763
530 1.180527
531 1.186359
532 1.182950
533 1.184260
534 1.182571
535 1.184078
536 1.179446
537 1.179825
538 1.181316
539 1.177907
540 1.185625
541 1.182524
542 1.183889
543 1.188458
544 1.183652
545 1.180953
546 1.185499
547 1.185704
548 1.184536
549 1.180890
550 1.181742
551 1.186051
552 1.175326
553 1.185562
554 1.183660
555 1.182887
556 1.183139
557 1.184299
558 1.184741
559 1.181821
560 1.185609
561 1.188711
562 1.184773
563 1.177189
564 1.181356
565 1.186793
566 1.185696
567 1.181300
568 1.189311
569 1.184244
570 1.184820
571 1.176960
572 1.185562
573 1.182776
574 1.186186
575 1.178806
576 1.177346
577 1.176865
578 1.180937
579 1.181095
580 1.186091
581 1.179059
582 1.184315
583 1.189295
584 1.182705
585 1.180188
586 1.187030
587 1.187290
588 1.180787
589 1.179793
590 1.185744
591 1.183068
592 1.181308
593 1.181079
594 1.182610
595 1.178530
596 1.177836
597 1.183700
598 1.178151
599 1.182050
600 1.179738
601 1.182516


Active cycles: 100
k_mean: 1.182671
k_stddev(cycle): 0.003204
k_stderr(mean): 0.000320
Reactivity(rho): 0.154457, Per Cent error compared to reference: 0.081324
Total Time: 703.986771seconds. Average: 1.171359 seconds per cycle.
