1 0.591214
2 1.080069
3 1.111318
4 1.128498
5 1.140978
6 1.149256
7 1.156514
8 1.161775
9 1.165754
10 1.169378
11 1.172161
12 1.172706
13 1.174856
14 1.176899
15 1.177035
16 1.177629
17 1.178286
18 1.179357
19 1.179438
20 1.177453
21 1.179800
22 1.179705
23 1.179740
24 1.179445
25 1.179845
26 1.179668
27 1.179674
28 1.179872
29 1.181316
30 1.179969
31 1.179421
32 1.180678
33 1.179790
34 1.180610
35 1.180490
36 1.180937
37 1.181053
38 1.182505
39 1.180635
40 1.180411
41 1.181645
42 1.181827
43 1.182152
44 1.182028
45 1.179994
46 1.181290
47 1.182096
48 1.182020
49 1.181900
50 1.182295
51 1.182294
52 1.183368
53 1.182273
54 1.181788
55 1.182538
56 1.182864
57 1.180557
58 1.183467
59 1.182015
60 1.182099
61 1.182034
62 1.182884
63 1.180993
64 1.182995
65 1.181537
66 1.182552
67 1.180716
68 1.180919
69 1.181783
70 1.182504
71 1.183204
72 1.183057
73 1.183459
74 1.181747
75 1.182895
76 1.182797
77 1.182181
78 1.182303
79 1.182394
80 1.182757
81 1.182430
82 1.181879
83 1.182071
84 1.183540
85 1.181919
86 1.181055
87 1.182975
88 1.183247
89 1.182915
90 1.183484
91 1.183405
92 1.181710
93 1.183415
94 1.183127
95 1.181634
96 1.183917
97 1.183460
98 1.181483
99 1.181578
100 1.183773
101 1.182422
102 1.181264
103 1.183239
104 1.182019
105 1.182818
106 1.182790
107 1.183198
108 1.183477
109 1.184163
110 1.183363
111 1.181419
112 1.183470
113 1.182706
114 1.181945
115 1.182726
116 1.182917
117 1.180300
118 1.182759
119 1.184743
120 1.180494
121 1.181999
122 1.184217
123 1.182744
124 1.182844
125 1.181540
126 1.183391
127 1.182615
128 1.182524
129 1.184042
130 1.182920
131 1.182250
132 1.183090
133 1.183672
134 1.182676
135 1.182594
136 1.181312
137 1.184132
138 1.181177
139 1.183494
140 1.185185
141 1.183281
142 1.184540
143 1.182895
144 1.182226
145 1.182822
146 1.181644
147 1.183982
148 1.184587
149 1.181610
150 1.182745
151 1.181910
152 1.182496
153 1.181741
154 1.183385
155 1.182299
156 1.183005
157 1.182305
158 1.182506
159 1.181054
160 1.181493
161 1.183050
162 1.182543
163 1.184106
164 1.182888
165 1.182639
166 1.181353
167 1.182867
168 1.182523
169 1.184366
170 1.182998
171 1.181781
172 1.182372
173 1.182893
174 1.182230
175 1.183863
176 1.182745
177 1.184259
178 1.183924
179 1.183667
180 1.183546
181 1.183651
182 1.182476
183 1.183759
184 1.182306
185 1.184240
186 1.183328
187 1.183278
188 1.183584
189 1.183747
190 1.183000
191 1.184458
192 1.182144
193 1.183869
194 1.182533
195 1.182106
196 1.183057
197 1.184272
198 1.183117
199 1.181561
200 1.182735
201 1.184068
202 1.183141
203 1.182390
204 1.182772
205 1.184681
206 1.181993
207 1.183881
208 1.181909
209 1.183537
210 1.182895
211 1.182103
212 1.183062
213 1.182690
214 1.182682
215 1.182075
216 1.183255
217 1.181184
218 1.182628
219 1.182644
220 1.184066
221 1.182744
222 1.181040
223 1.184262
224 1.182712
225 1.182766
226 1.182899
227 1.183575
228 1.181130
229 1.182613
230 1.182849
231 1.182736
232 1.182938
233 1.182522
234 1.183610
235 1.183283
236 1.183616
237 1.183146
238 1.184710
239 1.183204
240 1.183342
241 1.182365
242 1.182114
243 1.184966
244 1.183441
245 1.182784
246 1.183196
247 1.183093
248 1.182021
249 1.182548
250 1.182570
251 1.183655
252 1.183556
253 1.182755
254 1.184096
255 1.183446
256 1.183321
257 1.183657
258 1.182298
259 1.181444
260 1.182126
261 1.183252
262 1.183966
263 1.183306
264 1.183544
265 1.181595
266 1.182840
267 1.183099
268 1.183335
269 1.181933
270 1.184259
271 1.184525
272 1.183531
273 1.182648
274 1.183603
275 1.185070
276 1.182259
277 1.182411
278 1.183117
279 1.183131
280 1.183884
281 1.184396
282 1.182687
283 1.183632
284 1.182310
285 1.183404
286 1.185325
287 1.183190
288 1.185050
289 1.183672
290 1.184162
291 1.182579
292 1.183585
293 1.183274
294 1.185455
295 1.183007
296 1.182581
297 1.184978
298 1.184469
299 1.181897
300 1.182339
301 1.183086
302 1.181848
303 1.183236
304 1.181982
305 1.182806
306 1.183373
307 1.183684
308 1.183395
309 1.181831
310 1.182496
311 1.182756
312 1.182472
313 1.184005
314 1.184307
315 1.183478
316 1.183627
317 1.182573
318 1.183134
319 1.181701
320 1.181924
321 1.185561
322 1.182256
323 1.182219
324 1.182754
325 1.182940
326 1.181932
327 1.182830
328 1.183252
329 1.183290
330 1.181221
331 1.183372
332 1.182702
333 1.183445
334 1.182987
335 1.183938
336 1.182628
337 1.181370
338 1.180803
339 1.181189
340 1.182138
341 1.183117
342 1.181736
343 1.183410
344 1.184722
345 1.182949
346 1.183820
347 1.183058
348 1.181715
349 1.182389
350 1.183024
351 1.181751
352 1.182888
353 1.181371
354 1.183362
355 1.183582
356 1.184104
357 1.183570
358 1.181384
359 1.182420
360 1.181979
361 1.183904
362 1.181927
363 1.182912
364 1.184742
365 1.182317
366 1.183880
367 1.182286
368 1.183594
369 1.181933
370 1.184258
371 1.183208
372 1.184166
373 1.183201
374 1.183754
375 1.182322
376 1.182498
377 1.182657
378 1.182381
379 1.181605
380 1.182276
381 1.182126
382 1.180816
383 1.181193
384 1.182956
385 1.182070
386 1.182603
387 1.182643
388 1.182968
389 1.182400
390 1.182565
391 1.183222
392 1.182214
393 1.182551
394 1.182947
395 1.182808
396 1.183513
397 1.182191
398 1.183902
399 1.182095
400 1.182070
401 1.182260
402 1.182282
403 1.181808
404 1.183380
405 1.182151
406 1.182458
407 1.183439
408 1.183041
409 1.183846
410 1.185351
411 1.183348
412 1.184101
413 1.182714
414 1.182898
415 1.183008
416 1.184310
417 1.182742
418 1.184409
419 1.182724
420 1.183674
421 1.183015
422 1.183623
423 1.180795
424 1.182325
425 1.184632
426 1.181963
427 1.183814
428 1.183992
429 1.183216
430 1.184456
431 1.184577
432 1.183789
433 1.183099
434 1.183410
435 1.183262
436 1.183176
437 1.182552
438 1.183502
439 1.183971
440 1.184054
441 1.184335
442 1.182359
443 1.183410
444 1.181812
445 1.182614
446 1.182816
447 1.183924
448 1.182859
449 1.184136
450 1.183290
451 1.183585
452 1.181814
453 1.182547
454 1.183498
455 1.183134
456 1.182487
457 1.182704
458 1.181912
459 1.183750
460 1.182479
461 1.182779
462 1.182299
463 1.183976
464 1.183407
465 1.182159
466 1.183883
467 1.181946
468 1.182523
469 1.182528
470 1.184062
471 1.183315
472 1.181840
473 1.185172
474 1.184470
475 1.182256
476 1.184335
477 1.182998
478 1.183169
479 1.183456
480 1.183094
481 1.181730
482 1.183733
483 1.184668
484 1.182940
485 1.182123
486 1.182483
487 1.181524
488 1.183025
489 1.180879
490 1.182857
491 1.182443
492 1.181608
493 1.181375
494 1.181792
495 1.183883
496 1.182667
497 1.181603
498 1.183803
499 1.183052
500 1.183386
501 1.182895


Active cycles: 300
k_mean: 1.182985
k_stddev(cycle): 0.000922
k_stderr(mean): 0.000053
Difference with the reference K: -0.000825, Per cent error: -0.069728
Reactivity(rho): 0.154680, pcm difference: -58.942858
Total Time: 411.216364seconds. Average: 0.820791 seconds per cycle.
