1 0.590002
2 1.080714
3 1.110383
4 1.128403
5 1.143460
6 1.152887
7 1.157233
8 1.161990
9 1.165514
10 1.168810
11 1.171048
12 1.173591
13 1.174749
14 1.176566
15 1.176622
16 1.176776
17 1.178609
18 1.179300
19 1.179215
20 1.180446
21 1.179226
22 1.179321
23 1.179220
24 1.180454
25 1.181109
26 1.182275
27 1.180317
28 1.182248
29 1.182165
30 1.181886
31 1.181897
32 1.181942
33 1.182255
34 1.181353
35 1.181098
36 1.181582
37 1.181107
38 1.182207
39 1.182786
40 1.183326
41 1.182587
42 1.180979
43 1.180201
44 1.181997
45 1.182119
46 1.180725
47 1.181647
48 1.183372
49 1.182381
50 1.182425
51 1.182806
52 1.181838
53 1.181638
54 1.183132
55 1.183489
56 1.182172
57 1.182415
58 1.181887
59 1.181266
60 1.183157
61 1.181569
62 1.182126
63 1.182047
64 1.181462
65 1.183308
66 1.182109
67 1.180875
68 1.181080
69 1.181690
70 1.181356
71 1.184393
72 1.182684
73 1.182178
74 1.179988
75 1.181384
76 1.182154
77 1.182669
78 1.182980
79 1.182666
80 1.182030
81 1.181217
82 1.183385
83 1.181880
84 1.182102
85 1.183259
86 1.182352
87 1.182987
88 1.181123
89 1.183069
90 1.182401
91 1.182372
92 1.183422
93 1.183722
94 1.183545
95 1.184341
96 1.183825
97 1.181733
98 1.183274
99 1.184216
100 1.182752
101 1.180606
102 1.180957
103 1.182892
104 1.183269
105 1.182479
106 1.182286
107 1.184501
108 1.183809
109 1.182446
110 1.183227
111 1.183595
112 1.181587
113 1.182958
114 1.183963
115 1.183697
116 1.181277
117 1.180696
118 1.182160
119 1.183513
120 1.182826
121 1.182960
122 1.181200
123 1.183171
124 1.182303
125 1.182967
126 1.183413
127 1.182942
128 1.183044
129 1.182122
130 1.180730
131 1.182058
132 1.182921
133 1.181876
134 1.181399
135 1.182962
136 1.183210
137 1.182798
138 1.182674
139 1.182277
140 1.182575
141 1.182557
142 1.182704
143 1.182802
144 1.180937
145 1.182199
146 1.183574
147 1.181024
148 1.182833
149 1.182346
150 1.183988
151 1.182786
152 1.182807
153 1.182276
154 1.183050
155 1.183190
156 1.183215
157 1.182866
158 1.184847
159 1.184378
160 1.183084
161 1.181707
162 1.183528
163 1.183080
164 1.183607
165 1.183314
166 1.184432
167 1.183991
168 1.183316
169 1.183244
170 1.182916
171 1.182212
172 1.181316
173 1.183848
174 1.182430
175 1.182801
176 1.184531
177 1.184979
178 1.183518
179 1.183735
180 1.181897
181 1.182759
182 1.183945
183 1.183157
184 1.182337
185 1.182324
186 1.183669
187 1.182317
188 1.183023
189 1.181598
190 1.183888
191 1.183506
192 1.182993
193 1.183738
194 1.181589
195 1.183509
196 1.181614
197 1.184696
198 1.182743
199 1.183148
200 1.182550
201 1.182677
202 1.183081
203 1.183896
204 1.182769
205 1.180472
206 1.181309
207 1.182247
208 1.183871
209 1.183907
210 1.183277
211 1.181301
212 1.183676
213 1.183631
214 1.181769
215 1.182784
216 1.182735
217 1.183446
218 1.183636
219 1.183135
220 1.182178
221 1.182589
222 1.183424
223 1.183961
224 1.182270
225 1.183580
226 1.182146
227 1.183625
228 1.183058
229 1.182963
230 1.183362
231 1.183055
232 1.183048
233 1.183168
234 1.183395
235 1.182530
236 1.184793
237 1.183239
238 1.182400
239 1.183213
240 1.183312
241 1.182946
242 1.181869
243 1.183795
244 1.182321
245 1.182965
246 1.182870
247 1.184378
248 1.181915
249 1.182872
250 1.181115
251 1.183588
252 1.184174
253 1.183856
254 1.183795
255 1.183069
256 1.182766
257 1.181953
258 1.183049
259 1.182917
260 1.183674
261 1.184327
262 1.183566
263 1.182395
264 1.183523
265 1.183444
266 1.184135
267 1.183410
268 1.183523
269 1.181631
270 1.182129
271 1.183380
272 1.183742
273 1.182706
274 1.182991
275 1.183765
276 1.183183
277 1.183238
278 1.184358
279 1.183726
280 1.182998
281 1.184293
282 1.181536
283 1.182917
284 1.181796
285 1.183267
286 1.184659
287 1.182766
288 1.182088
289 1.184641
290 1.182939
291 1.181356
292 1.183891
293 1.183204
294 1.182748
295 1.183942
296 1.182919
297 1.182333
298 1.184461
299 1.182594
300 1.182640
301 1.185025
302 1.184476
303 1.182018
304 1.183447
305 1.182709
306 1.183428
307 1.182819
308 1.182926
309 1.183851
310 1.183803
311 1.183873
312 1.182762
313 1.185403
314 1.184086
315 1.183357
316 1.184839
317 1.184252
318 1.182448
319 1.184912
320 1.183118
321 1.183850
322 1.183370
323 1.182667
324 1.183886
325 1.182541
326 1.183834
327 1.181183
328 1.181969
329 1.182239
330 1.183470
331 1.181728
332 1.183125
333 1.181622
334 1.183206
335 1.182731
336 1.183155
337 1.183295
338 1.183238
339 1.183328
340 1.183647
341 1.183304
342 1.182303
343 1.181970
344 1.184843
345 1.183574
346 1.183382
347 1.183958
348 1.182145
349 1.181250
350 1.183246
351 1.183781
352 1.182579
353 1.181731
354 1.182660
355 1.181828
356 1.180760
357 1.182416
358 1.183462
359 1.183593
360 1.183531
361 1.183454
362 1.184344
363 1.182403
364 1.181082
365 1.182372
366 1.184238
367 1.181760
368 1.183942
369 1.182672
370 1.183618
371 1.184013
372 1.183340
373 1.183886
374 1.184592
375 1.183376
376 1.183489
377 1.183870
378 1.183041
379 1.184557
380 1.184215
381 1.183840
382 1.183438
383 1.182519
384 1.182195
385 1.183602
386 1.181541
387 1.182680
388 1.185372
389 1.184146
390 1.182931
391 1.184275
392 1.184359
393 1.184954
394 1.183313
395 1.183864
396 1.184442
397 1.184486
398 1.185069
399 1.184777
400 1.184319
401 1.185128
402 1.184124
403 1.183315
404 1.183236
405 1.183940
406 1.182512
407 1.183745
408 1.184015
409 1.184569
410 1.182793
411 1.184355
412 1.183602
413 1.183724
414 1.182984
415 1.183849
416 1.184056
417 1.184116
418 1.183184
419 1.181714
420 1.183554
421 1.183429
422 1.182126
423 1.182426
424 1.182750
425 1.183646
426 1.182993
427 1.184010
428 1.185521
429 1.182176
430 1.183861
431 1.182202
432 1.183006
433 1.183400
434 1.182881
435 1.182108
436 1.182690
437 1.182499
438 1.184536
439 1.183955
440 1.183002
441 1.183075
442 1.184290
443 1.182124
444 1.181953
445 1.182436
446 1.181935
447 1.183843
448 1.183938
449 1.182822
450 1.183838
451 1.181309
452 1.181056
453 1.182264
454 1.183050
455 1.182949
456 1.183221
457 1.184731
458 1.182480
459 1.183924
460 1.184439
461 1.183959
462 1.184270
463 1.183646
464 1.182988
465 1.183765
466 1.182349
467 1.182988
468 1.184318
469 1.182427
470 1.184154
471 1.182510
472 1.182359
473 1.183475
474 1.182747
475 1.184577
476 1.183557
477 1.182650
478 1.182600
479 1.181861
480 1.183753
481 1.182624
482 1.184088
483 1.184442
484 1.181955
485 1.181659
486 1.182392
487 1.183697
488 1.182211
489 1.184001
490 1.181250
491 1.181399
492 1.183103
493 1.183148
494 1.183066
495 1.181809
496 1.183865
497 1.183221
498 1.184247
499 1.182466
500 1.182385
501 1.184760
502 1.182533
503 1.183460
504 1.182956
505 1.184178
506 1.182858
507 1.182950
508 1.183128
509 1.182547
510 1.181876
511 1.182767
512 1.183138
513 1.181645
514 1.183574
515 1.182937
516 1.182015
517 1.182108
518 1.183562
519 1.184651
520 1.184125
521 1.184507
522 1.184763
523 1.183155
524 1.182799
525 1.183204
526 1.182911
527 1.183160
528 1.183109
529 1.184325
530 1.181027
531 1.182733
532 1.182293
533 1.183662
534 1.181708
535 1.182579
536 1.181753
537 1.184004
538 1.182098
539 1.183241
540 1.183540
541 1.182728
542 1.181719
543 1.183806
544 1.182592
545 1.182869
546 1.183826
547 1.181933
548 1.182882
549 1.182948
550 1.181886
551 1.183993
552 1.182954
553 1.183312
554 1.185234
555 1.184868
556 1.183801
557 1.182845
558 1.184358
559 1.183082
560 1.183641
561 1.183351
562 1.182844
563 1.183317
564 1.183638
565 1.182554
566 1.182550
567 1.183278
568 1.182779
569 1.183367
570 1.182012
571 1.183927
572 1.181551
573 1.183431
574 1.181956
575 1.183093
576 1.183601
577 1.183839
578 1.183970
579 1.183729
580 1.183590
581 1.183778
582 1.182743
583 1.182923
584 1.182986
585 1.183320
586 1.183055
587 1.183609
588 1.181967
589 1.182288
590 1.183643
591 1.185246
592 1.182299
593 1.183197
594 1.183725
595 1.183305
596 1.183403
597 1.181861
598 1.184549
599 1.184100
600 1.182871
601 1.182263


Active cycles: 300
k_mean: 1.183206
k_stddev(cycle): 0.000928
k_stderr(mean): 0.000054
Difference with the reference K: -0.000604, Per cent error: -0.051017
Reactivity(rho): 0.154839, pcm difference: -43.117325
Total Time: 501.824676seconds. Average: 0.834983 seconds per cycle.
