1 0.591214
2 1.078799
3 1.109722
4 1.128334
5 1.141033
6 1.150303
7 1.156355
8 1.160817
9 1.163401
10 1.169722
11 1.173418
12 1.173376
13 1.172683
14 1.176233
15 1.178072
16 1.178864
17 1.178838
18 1.178021
19 1.179113
20 1.180170
21 1.180436
22 1.180912
23 1.181091
24 1.179948
25 1.179638
26 1.180120
27 1.180380
28 1.179199
29 1.180446
30 1.180443
31 1.179906
32 1.182972
33 1.180747
34 1.180171
35 1.181665
36 1.180422
37 1.181330
38 1.183386
39 1.182212
40 1.181255
41 1.182292
42 1.180262
43 1.180924
44 1.180078
45 1.181134
46 1.182652
47 1.181541
48 1.182357
49 1.183572
50 1.179714
51 1.182055
52 1.184262
53 1.184281
54 1.181214
55 1.181180
56 1.182982
57 1.181224
58 1.183750
59 1.181328
60 1.181304
61 1.182585
62 1.181737
63 1.185899
64 1.183581
65 1.182331
66 1.181097
67 1.181205
68 1.182879
69 1.184244
70 1.183142
71 1.181922
72 1.183644
73 1.181023
74 1.181584
75 1.183966
76 1.184114
77 1.182157
78 1.182642
79 1.183844
80 1.183759
81 1.182458
82 1.182397
83 1.183553
84 1.182731
85 1.182373
86 1.182472
87 1.181593
88 1.184283
89 1.183691
90 1.183224
91 1.181316
92 1.181959
93 1.182655
94 1.183320
95 1.183780
96 1.182721
97 1.181623
98 1.183503
99 1.182606
100 1.181350
101 1.181280
102 1.182105
103 1.183411
104 1.181670
105 1.184332
106 1.183392
107 1.182446
108 1.183175
109 1.181662
110 1.182195
111 1.181758
112 1.182816
113 1.182891
114 1.183552
115 1.181453
116 1.182655
117 1.182094
118 1.183089
119 1.184666
120 1.182392
121 1.182955
122 1.181536
123 1.183183
124 1.182033
125 1.183985
126 1.183004
127 1.182243
128 1.182621
129 1.182043
130 1.183335
131 1.180735
132 1.182441
133 1.183918
134 1.181227
135 1.183281
136 1.182527
137 1.184725
138 1.182398
139 1.183000
140 1.184881
141 1.183378
142 1.183705
143 1.183883
144 1.183530
145 1.182727
146 1.181510
147 1.181970
148 1.183228
149 1.183781
150 1.183469
151 1.183947
152 1.184827
153 1.182837
154 1.182305
155 1.181204
156 1.181885
157 1.184093
158 1.182240
159 1.182824
160 1.183808
161 1.183750
162 1.184071
163 1.183337
164 1.184263
165 1.182908
166 1.182990
167 1.181868
168 1.183324
169 1.183827
170 1.183622
171 1.182921
172 1.183669
173 1.183447
174 1.182817
175 1.182582
176 1.182473
177 1.180698
178 1.184620
179 1.182241
180 1.183134
181 1.182246
182 1.182075
183 1.183379
184 1.183447
185 1.181197
186 1.181579
187 1.182625
188 1.183271
189 1.183179
190 1.183223
191 1.181942
192 1.183076
193 1.183895
194 1.182744
195 1.182901
196 1.182968
197 1.182213
198 1.181529
199 1.185099
200 1.182033
201 1.182402
202 1.181754
203 1.182550
204 1.183616
205 1.182253
206 1.180850
207 1.184048
208 1.181629
209 1.183246
210 1.184024
211 1.182818
212 1.183542
213 1.181951
214 1.183258
215 1.182309
216 1.183076
217 1.182476
218 1.183994
219 1.182752
220 1.182733
221 1.183430
222 1.183969
223 1.183797
224 1.183557
225 1.183008
226 1.183120
227 1.183345
228 1.181985
229 1.182313
230 1.182229
231 1.184148
232 1.183844
233 1.185059
234 1.182722
235 1.182530
236 1.182813
237 1.182394
238 1.182850
239 1.183019
240 1.183943
241 1.183038
242 1.182277
243 1.183610
244 1.182165
245 1.182494
246 1.183772
247 1.182321
248 1.182168
249 1.184129
250 1.183466
251 1.181707
252 1.182880
253 1.182734
254 1.180679
255 1.182564
256 1.182813
257 1.179656
258 1.182769
259 1.182455
260 1.182895
261 1.183797
262 1.182206
263 1.183723
264 1.182733
265 1.182637
266 1.183229
267 1.184181
268 1.182913
269 1.182756
270 1.181248
271 1.183118
272 1.184866
273 1.182163
274 1.182455
275 1.183683
276 1.182650
277 1.184032
278 1.182952
279 1.184811
280 1.184243
281 1.182217
282 1.182028
283 1.181612
284 1.183019
285 1.184983
286 1.181384
287 1.182297
288 1.182048
289 1.182960
290 1.182432
291 1.182943
292 1.184339
293 1.183476
294 1.184178
295 1.181896
296 1.182312
297 1.182444
298 1.183939
299 1.181924
300 1.183135
301 1.183900
302 1.182963
303 1.184366
304 1.183493
305 1.182891
306 1.183009
307 1.183761
308 1.184473
309 1.183277
310 1.181766
311 1.182511
312 1.182009
313 1.182128
314 1.184705
315 1.183676
316 1.182363
317 1.182895
318 1.183662
319 1.181310
320 1.183660
321 1.184238
322 1.183050
323 1.183128
324 1.181976
325 1.182926
326 1.181691
327 1.182445
328 1.181046
329 1.183539
330 1.183594
331 1.183916
332 1.182067
333 1.181787
334 1.183026
335 1.183669
336 1.182477
337 1.184468
338 1.183096
339 1.182892
340 1.183985
341 1.183650
342 1.182619
343 1.183394
344 1.183715
345 1.183777
346 1.183652
347 1.183050
348 1.183856
349 1.182425
350 1.181361
351 1.183966
352 1.184731
353 1.183671
354 1.183169
355 1.182392
356 1.183668
357 1.184284
358 1.183706
359 1.183954
360 1.184811
361 1.183396
362 1.185425
363 1.183757
364 1.184163
365 1.183528
366 1.182965
367 1.184306
368 1.182258
369 1.183851
370 1.183028
371 1.185133
372 1.182801
373 1.181766
374 1.183673
375 1.182749
376 1.183233
377 1.181501
378 1.183282
379 1.183360
380 1.182992
381 1.183558
382 1.182863
383 1.183037
384 1.182436
385 1.184155
386 1.184356
387 1.182945
388 1.183077
389 1.182621
390 1.183773
391 1.182188
392 1.182208
393 1.184705
394 1.182494
395 1.183844
396 1.182476
397 1.183294
398 1.183757
399 1.182213
400 1.185128
401 1.184169
402 1.182451
403 1.183277
404 1.183813
405 1.184347
406 1.184308
407 1.182791
408 1.184619
409 1.184342
410 1.183134
411 1.183935
412 1.182011
413 1.183635
414 1.183902
415 1.183877
416 1.183848
417 1.181629
418 1.183314
419 1.183286
420 1.183613
421 1.182533
422 1.183696
423 1.182468
424 1.183083
425 1.181017
426 1.183647
427 1.184745
428 1.183535
429 1.183966
430 1.184155
431 1.183891
432 1.182403
433 1.184471
434 1.183556
435 1.184560
436 1.184201
437 1.183006
438 1.183230
439 1.183482
440 1.181447
441 1.183458
442 1.184057
443 1.183609
444 1.185375
445 1.183678
446 1.182184
447 1.182413
448 1.181941
449 1.183170
450 1.182542
451 1.183349
452 1.183489
453 1.183742
454 1.180441
455 1.183774
456 1.183554
457 1.183063
458 1.183710
459 1.182379
460 1.183617
461 1.181669
462 1.182845
463 1.183968
464 1.181779
465 1.181265
466 1.181615
467 1.184173
468 1.181591
469 1.181907
470 1.182595
471 1.183343
472 1.183224
473 1.184597
474 1.184325
475 1.182871
476 1.182972
477 1.182787
478 1.182771
479 1.182816
480 1.182269
481 1.183079
482 1.181312
483 1.185539
484 1.181946
485 1.183290
486 1.182365
487 1.183310
488 1.183143
489 1.184878
490 1.183089
491 1.182373
492 1.183550
493 1.183522
494 1.183317
495 1.182367
496 1.181707
497 1.183598
498 1.182298
499 1.183422
500 1.184133
501 1.181717
502 1.184187
503 1.181085
504 1.183199
505 1.182613
506 1.183216
507 1.183330
508 1.181989
509 1.183125
510 1.181877
511 1.184559
512 1.182138
513 1.184350
514 1.182776
515 1.184113
516 1.182962
517 1.182969
518 1.184003
519 1.183072
520 1.183411
521 1.183674
522 1.184400
523 1.185329
524 1.183170
525 1.183775
526 1.183530
527 1.182811
528 1.182629
529 1.182350
530 1.182848
531 1.182664
532 1.183236
533 1.183056
534 1.183275
535 1.183222
536 1.183687
537 1.183040
538 1.180089
539 1.184407
540 1.182824
541 1.183063
542 1.182144
543 1.183934
544 1.183155
545 1.183221
546 1.184405
547 1.183556
548 1.182849
549 1.182030
550 1.182933
551 1.182760
552 1.183826
553 1.184544
554 1.183122
555 1.182881
556 1.182418
557 1.183468
558 1.182592
559 1.182549
560 1.183389
561 1.182978
562 1.184297
563 1.182839
564 1.183027
565 1.183573
566 1.182873
567 1.182781
568 1.183799
569 1.183852
570 1.182826
571 1.182975
572 1.182314
573 1.183708
574 1.183015
575 1.182888
576 1.183407
577 1.182470
578 1.183965
579 1.183864
580 1.184036
581 1.183427
582 1.183204
583 1.182764
584 1.184268
585 1.183095
586 1.182956
587 1.182868
588 1.182994
589 1.183319
590 1.183379
591 1.182442
592 1.182767
593 1.182789
594 1.182744
595 1.184244
596 1.182290
597 1.182896
598 1.182519
599 1.181992
600 1.183794
601 1.183364


Active cycles: 300
k_mean: 1.183186
k_stddev(cycle): 0.000884
k_stderr(mean): 0.000051
Difference with the reference K: -0.000624, Per cent error: -0.052715
Reactivity(rho): 0.154824, pcm difference: -44.553504
Total Time: 491.128762seconds. Average: 0.817186 seconds per cycle.
