1 0.591214
2 1.079900
3 1.111481
4 1.130703
5 1.141377
6 1.151611
7 1.157923
8 1.161074
9 1.165151
10 1.168199
11 1.171655
12 1.171489
13 1.175031
14 1.174453
15 1.178369
16 1.177292
17 1.178064
18 1.178475
19 1.179747
20 1.180436
21 1.179928
22 1.179734
23 1.179662
24 1.179839
25 1.180889
26 1.179618
27 1.179039
28 1.182561
29 1.181370
30 1.182041
31 1.179953
32 1.180436
33 1.181798
34 1.181352
35 1.182029
36 1.181180
37 1.182488
38 1.182044
39 1.179575
40 1.181628
41 1.183147
42 1.181911
43 1.182515
44 1.181569
45 1.180349
46 1.180791
47 1.181817
48 1.182881
49 1.183333
50 1.182555
51 1.181171
52 1.181890
53 1.182262
54 1.182398
55 1.179981
56 1.183186
57 1.183501
58 1.182081
59 1.182180
60 1.182215
61 1.181709
62 1.181554
63 1.183855
64 1.180434
65 1.181633
66 1.181874
67 1.181230
68 1.181151
69 1.181622
70 1.183326
71 1.181290
72 1.183202
73 1.183033
74 1.182592
75 1.181666
76 1.183603
77 1.184652
78 1.182842
79 1.185731
80 1.181623
81 1.183237
82 1.183010
83 1.182776
84 1.183811
85 1.179334
86 1.182237
87 1.182948
88 1.182022
89 1.182868
90 1.183579
91 1.183780
92 1.182654
93 1.183613
94 1.181913
95 1.182070
96 1.183693
97 1.184856
98 1.183536
99 1.182412
100 1.183350
101 1.181783
102 1.183257
103 1.183241
104 1.183401
105 1.183556
106 1.183575
107 1.181952
108 1.182343
109 1.183079
110 1.181984
111 1.184869
112 1.182184
113 1.181854
114 1.181874
115 1.181829
116 1.182506
117 1.182349
118 1.181599
119 1.182659
120 1.182243
121 1.184448
122 1.182862
123 1.181655
124 1.182575
125 1.182708
126 1.181054
127 1.183324
128 1.181152
129 1.183951
130 1.182619
131 1.182920
132 1.183567
133 1.183687
134 1.183503
135 1.182501
136 1.183592
137 1.183529
138 1.181570
139 1.180703
140 1.183530
141 1.182597
142 1.181179
143 1.182661
144 1.182611
145 1.181432
146 1.181330
147 1.181903
148 1.183380
149 1.182636
150 1.184150
151 1.182303
152 1.183838
153 1.183572
154 1.183673
155 1.181086
156 1.183380
157 1.183238
158 1.182726
159 1.183059
160 1.182935
161 1.183335
162 1.184254
163 1.184066
164 1.184542
165 1.182378
166 1.182515
167 1.184220
168 1.182486
169 1.180687
170 1.183455
171 1.182821
172 1.183890
173 1.182237
174 1.183592
175 1.183745
176 1.181675
177 1.182182
178 1.184992
179 1.183266
180 1.183078
181 1.183911
182 1.184867
183 1.183998
184 1.183398
185 1.184358
186 1.182638
187 1.184131
188 1.182903
189 1.184174
190 1.182853
191 1.183917
192 1.182457
193 1.183762
194 1.182828
195 1.183214
196 1.183325
197 1.181671
198 1.182809
199 1.183193
200 1.181155
201 1.184293
202 1.183018
203 1.182037
204 1.182178
205 1.183738
206 1.181346
207 1.184918
208 1.183321
209 1.184912
210 1.184336
211 1.183263
212 1.181322
213 1.183672
214 1.183001
215 1.183209
216 1.181345
217 1.182380
218 1.182326
219 1.181587
220 1.183481
221 1.183226
222 1.184152
223 1.183671
224 1.183139
225 1.181850
226 1.182895
227 1.183876
228 1.182790
229 1.182378
230 1.183592
231 1.183187
232 1.182595
233 1.182867
234 1.183611
235 1.184008
236 1.182793
237 1.183996
238 1.183971
239 1.182484
240 1.184546
241 1.183672
242 1.182077
243 1.181327
244 1.183800
245 1.183905
246 1.183512
247 1.183546
248 1.182912
249 1.182390
250 1.181613
251 1.183153
252 1.183650
253 1.183025
254 1.183835
255 1.183126
256 1.183578
257 1.182815
258 1.182437
259 1.182580
260 1.182953
261 1.181071
262 1.183651
263 1.182725
264 1.184489
265 1.182824
266 1.181665
267 1.183866
268 1.182069
269 1.184035
270 1.183955
271 1.183839
272 1.183432
273 1.182515
274 1.182384
275 1.182791
276 1.183543
277 1.182196
278 1.182255
279 1.184648
280 1.181668
281 1.182716
282 1.182876
283 1.183085
284 1.183714
285 1.184061
286 1.181347
287 1.181737
288 1.181757
289 1.183828
290 1.185498
291 1.181880
292 1.183246
293 1.182978
294 1.182716
295 1.182866
296 1.183121
297 1.182808
298 1.183173
299 1.182758
300 1.183023
301 1.182587
302 1.182267
303 1.180879
304 1.182107
305 1.182463
306 1.183104
307 1.182657
308 1.182965
309 1.183277
310 1.182191
311 1.181803
312 1.181409
313 1.184950
314 1.183112
315 1.182323
316 1.183451
317 1.182763
318 1.182638
319 1.182814
320 1.183195
321 1.183351
322 1.185206
323 1.184045
324 1.182593
325 1.182974
326 1.182438
327 1.183210
328 1.181617
329 1.182579
330 1.182989
331 1.182293
332 1.183074
333 1.182388
334 1.184512
335 1.182889
336 1.182146
337 1.183034
338 1.182912
339 1.182153
340 1.183082
341 1.184217
342 1.183983
343 1.180390
344 1.183121
345 1.183950
346 1.181761
347 1.182540
348 1.182552
349 1.181889
350 1.184683
351 1.183383
352 1.184324
353 1.183240
354 1.182653
355 1.183865
356 1.180803
357 1.183812
358 1.182736
359 1.183712
360 1.183855
361 1.182221
362 1.181163
363 1.184618
364 1.183355
365 1.182923
366 1.182884
367 1.182651
368 1.184227
369 1.182574
370 1.183226
371 1.183623
372 1.183522
373 1.181896
374 1.182693
375 1.183221
376 1.183345
377 1.183778
378 1.183289
379 1.184489
380 1.184210
381 1.183286
382 1.181367
383 1.182104
384 1.183331
385 1.184392
386 1.182923
387 1.182997
388 1.181781
389 1.181791
390 1.182624
391 1.181666
392 1.183180
393 1.182414
394 1.182357
395 1.183056
396 1.182564
397 1.183190
398 1.182244
399 1.184144
400 1.183718
401 1.184806
402 1.182476
403 1.182713
404 1.182371
405 1.182945
406 1.181669
407 1.182730
408 1.184771
409 1.183385
410 1.183484
411 1.182696
412 1.182743
413 1.184697
414 1.183378
415 1.184009
416 1.185198
417 1.183676
418 1.181934
419 1.184363
420 1.183436
421 1.182288
422 1.183370
423 1.184754
424 1.185438
425 1.183747
426 1.184928
427 1.183635
428 1.184348
429 1.183420
430 1.181720
431 1.181458
432 1.183708
433 1.182201
434 1.182559
435 1.183594
436 1.183391
437 1.182367
438 1.183655
439 1.183480
440 1.183010
441 1.181887
442 1.182846
443 1.182252
444 1.180412
445 1.182603
446 1.182094
447 1.183188
448 1.182491
449 1.181480
450 1.184344
451 1.182627
452 1.184044
453 1.184692
454 1.182930
455 1.182732
456 1.184143
457 1.185738
458 1.184032
459 1.181874
460 1.182194
461 1.181698
462 1.183116
463 1.182154
464 1.182960
465 1.182229
466 1.184293
467 1.182366
468 1.181581
469 1.183615
470 1.182775
471 1.182917
472 1.183224
473 1.182546
474 1.182674
475 1.182313
476 1.183512
477 1.183000
478 1.182565
479 1.183275
480 1.183202
481 1.183625
482 1.183417
483 1.182483
484 1.182181
485 1.183622
486 1.183614
487 1.182889
488 1.184963
489 1.184101
490 1.184326
491 1.184081
492 1.181036
493 1.183541
494 1.184267
495 1.183999
496 1.181684
497 1.182732
498 1.182883
499 1.182372
500 1.183162
501 1.183605


Active cycles: 300
k_mean: 1.183035
k_stddev(cycle): 0.000946
k_stderr(mean): 0.000055
Difference with the reference K: -0.000775, Per cent error: -0.065488
Reactivity(rho): 0.154716, pcm difference: -55.355933
Total Time: 410.651593seconds. Average: 0.819664 seconds per cycle.
