1 0.989512
2 0.984550
3 0.982906
4 0.983174
5 0.983780
6 0.983778
7 0.983212
8 0.982400
9 0.981698
10 0.980598
11 0.979618
12 0.978416
13 0.977522
14 0.976258
15 0.975310
16 0.974334
17 0.973076
18 0.972968
19 0.973268
20 0.973330
21 0.973834
22 0.973812
23 0.974268
24 0.974776
25 0.975194
26 0.975922
27 0.976994
28 0.977964
29 0.979270
30 0.979670
31 0.981580
32 0.982396
33 0.983520
34 0.984692
35 0.985542
36 0.987164
37 0.988186
38 0.989502
39 0.990380
40 0.991696
41 0.993624
42 0.995386
43 0.996578
44 0.998598
45 1.000924
46 1.002540
47 1.004478
48 1.005400
49 1.006944
50 1.008614
51 1.010016
52 1.011518
53 1.012846
54 1.014852
55 1.016704
56 1.018654
57 1.020194
58 1.022162
59 1.024282
60 1.026122
61 1.027436
62 1.029478
63 1.031480
64 1.032750
65 1.034610
66 1.036894
67 1.039090
68 1.039890
69 1.042088
70 1.044422
71 1.045860
72 1.047992
73 1.049908
74 1.052292
75 1.054690
76 1.056336
77 1.057470
78 1.059406
79 1.061588
80 1.062692
81 1.064548
82 1.066346
83 1.068054
84 1.069248
85 1.070704
86 1.072120
87 1.073352
88 1.074312
89 1.075936
90 1.077858
91 1.079744
92 1.081750
93 1.083188
94 1.085124
95 1.086546
96 1.088206
97 1.089910
98 1.091100
99 1.092254
100 1.094238
101 1.095136
102 1.097454
103 1.098162
104 1.099210
105 1.101104
106 1.101666
107 1.103522
108 1.104532
109 1.105174
110 1.106888
111 1.107882
112 1.109132
113 1.110304
114 1.111134
115 1.112010
116 1.112442
117 1.112540
118 1.113348
119 1.114448
120 1.115734
121 1.116662
122 1.117764
123 1.118074
124 1.118548
125 1.119544
126 1.120366
127 1.121310
128 1.122748
129 1.123514
130 1.124188
131 1.124790
132 1.125946
133 1.126064
134 1.126102
135 1.127080
136 1.127558
137 1.128536
138 1.129798
139 1.131002
140 1.131854
141 1.132476
142 1.133054
143 1.133298
144 1.133114
145 1.133444
146 1.133630
147 1.134066
148 1.134318
149 1.135006
150 1.135958
151 1.136246
152 1.137000
153 1.138272
154 1.138786
155 1.139192
156 1.138660
157 1.139284
158 1.140280
159 1.140804
160 1.141438
161 1.142530
162 1.143292
163 1.143684
164 1.143940
165 1.144292
166 1.144498
167 1.145204
168 1.145524
169 1.145434
170 1.145506
171 1.146086
172 1.147236
173 1.148400
174 1.148788
175 1.148726
176 1.149568
177 1.149572
178 1.150080
179 1.150822
180 1.151650
181 1.151846
182 1.151780
183 1.151836
184 1.152510
185 1.153290
186 1.153974
187 1.154716
188 1.154274
189 1.154314
190 1.154410
191 1.154912
192 1.155194
193 1.155210
194 1.155242
195 1.155318
196 1.155600
197 1.155578
198 1.156850
199 1.156792
200 1.156954
201 1.157108
202 1.157136
203 1.157586
204 1.157970
205 1.157344
206 1.156958
207 1.157098
208 1.157710
209 1.158154
210 1.158284
211 1.158998
212 1.159476
213 1.159110
214 1.159190
215 1.159670
216 1.159824
217 1.160592
218 1.161624
219 1.161976
220 1.162456
221 1.162216
222 1.162012
223 1.162016
224 1.161878
225 1.162132
226 1.162470
227 1.163360
228 1.163610
229 1.163610
230 1.163472
231 1.163372
232 1.164184
233 1.164430
234 1.164406
235 1.164200
236 1.163824
237 1.164088
238 1.164208
239 1.164886
240 1.164882
241 1.164652
242 1.165040
243 1.165372
244 1.165738
245 1.166410
246 1.166454
247 1.166436
248 1.166172
249 1.166870
250 1.167480
251 1.167552
252 1.167804
253 1.167922
254 1.168020
255 1.167578
256 1.167968
257 1.168216
258 1.167362
259 1.168088
260 1.168186
261 1.168510
262 1.168878
263 1.168370
264 1.168138
265 1.168078
266 1.168198
267 1.168622
268 1.168832
269 1.168940
270 1.168936
271 1.169082
272 1.169650
273 1.169844
274 1.170340
275 1.170912
276 1.171236
277 1.170880
278 1.171408
279 1.171336
280 1.171044
281 1.170754
282 1.171202
283 1.171316
284 1.171596
285 1.171586
286 1.171146
287 1.171288
288 1.171880
289 1.171838
290 1.172264
291 1.171834
292 1.172082
293 1.172598
294 1.172434
295 1.172176
296 1.172562
297 1.172156
298 1.171948
299 1.171804
300 1.172638
301 1.172742
302 1.172538
303 1.173006
304 1.172916
305 1.172790
306 1.173244
307 1.173920
308 1.174800
309 1.174716
310 1.175016
311 1.175506
312 1.175360
313 1.175116
314 1.175678
315 1.175420
316 1.175414
317 1.175572
318 1.175458
319 1.174974
320 1.174800
321 1.175036
322 1.175490
323 1.175844
324 1.175746
325 1.175642
326 1.175570
327 1.175832
328 1.175404
329 1.175884
330 1.176018
331 1.176494
332 1.176760
333 1.177506
334 1.177906
335 1.178116
336 1.177618
337 1.178160
338 1.178166
339 1.177918
340 1.177866
341 1.177434
342 1.177522
343 1.177478
344 1.177484
345 1.177182
346 1.177222
347 1.176936
348 1.176878
349 1.176332
350 1.176492
351 1.176600
352 1.177248
353 1.177854
354 1.177994
355 1.178092
356 1.178178
357 1.178516
358 1.178636
359 1.178122
360 1.177410
361 1.177792
362 1.177970
363 1.177734
364 1.178112
365 1.177962
366 1.178058
367 1.178818
368 1.178542
369 1.178756
370 1.178832
371 1.178994
372 1.179052
373 1.179720
374 1.179746
375 1.180430
376 1.180494
377 1.180844
378 1.180958
379 1.180994
380 1.180074
381 1.179766
382 1.179332
383 1.179004
384 1.178848
385 1.178518
386 1.178160
387 1.177726
388 1.177774
389 1.177940
390 1.178452
391 1.178650
392 1.178860
393 1.178414
394 1.178328
395 1.177966
396 1.177918
397 1.177756
398 1.177480
399 1.177466
400 1.177254
401 1.177140
402 1.177486
403 1.177784
404 1.177450
405 1.177694
406 1.178240
407 1.178634
408 1.179044
409 1.178950
410 1.178012
411 1.177730
412 1.177128
413 1.176336
414 1.176580
415 1.176134
416 1.176264
417 1.176540
418 1.176240
419 1.176546
420 1.176710
421 1.176708
422 1.177438
423 1.177722
424 1.177518
425 1.177260
426 1.177552
427 1.176892
428 1.177610
429 1.177262
430 1.177840
431 1.178060
432 1.178262
433 1.177986
434 1.177904
435 1.177570
436 1.177332
437 1.176994
438 1.177326
439 1.177452
440 1.176978
441 1.176866
442 1.176748
443 1.177194
444 1.177340
445 1.177394
446 1.177796
447 1.178182
448 1.177944
449 1.178562
450 1.178652
451 1.179050
452 1.178834
453 1.178424
454 1.178106
455 1.178354
456 1.178068
457 1.177712
458 1.177818
459 1.177686
460 1.178272
461 1.178310
462 1.177966
463 1.178028
464 1.178190
465 1.178448
466 1.178504
467 1.178590
468 1.178696
469 1.178564
470 1.178578
471 1.179006
472 1.179390
473 1.179082
474 1.179022
475 1.179564
476 1.179718
477 1.179696
478 1.179836
479 1.179866
480 1.180112
481 1.180674
482 1.180826
483 1.180148
484 1.180886
485 1.180278
486 1.180448
487 1.179970
488 1.179074
489 1.179426
490 1.179156
491 1.179576
492 1.180014
493 1.180182
494 1.179784
495 1.179846
496 1.179778
497 1.179972
498 1.179992
499 1.179692
500 1.180132
501 1.180244
502 1.179464
503 1.178898
504 1.178620
505 1.179252
506 1.179284
507 1.179144
508 1.178992
509 1.178520
510 1.178838
511 1.179176
512 1.179890
513 1.180438
514 1.180818
515 1.179918
516 1.179962
517 1.180042
518 1.180560
519 1.180356
520 1.179594
521 1.179558
522 1.179400
523 1.179224
524 1.179264
525 1.179000
526 1.179126
527 1.178982
528 1.179412
529 1.179466
530 1.179394
531 1.179668
532 1.179536
533 1.179568
534 1.180422
535 1.180274
536 1.180992
537 1.180684
538 1.180190
539 1.180184
540 1.180324
541 1.180538
542 1.180404
543 1.180490
544 1.180170
545 1.180052
546 1.180274
547 1.180666
548 1.181094
549 1.181342
550 1.181526
551 1.182680
552 1.182338
553 1.182738
554 1.182170
555 1.182650
556 1.182722
557 1.182722
558 1.182176
559 1.181468
560 1.181472
561 1.181942
562 1.182650
563 1.182168
564 1.181674
565 1.181332
566 1.181070
567 1.181092
568 1.181192
569 1.180886
570 1.180808
571 1.180798
572 1.180066
573 1.180552
574 1.180488
575 1.180628
576 1.180928
577 1.180670
578 1.180480
579 1.180652
580 1.180302
581 1.179900
582 1.179786
583 1.179836
584 1.179658
585 1.179440
586 1.179690
587 1.180322
588 1.180278
589 1.180198
590 1.180104
591 1.180438
592 1.180452
593 1.180060
594 1.179578
595 1.179506
596 1.180586
597 1.180558
598 1.180500
599 1.180320
600 1.180544
601 1.180292
602 1.180100
603 1.179788
604 1.179838
605 1.178638
606 1.179392
607 1.180096
608 1.180456
609 1.180328
610 1.180382
611 1.180756
612 1.181380
613 1.181546
614 1.181330
615 1.181598
616 1.181306
617 1.181478
618 1.181464
619 1.181090
620 1.181516
621 1.181798
622 1.181880
623 1.181868
624 1.181490
625 1.181838
626 1.181982
627 1.181730
628 1.182006
629 1.182562
630 1.182322
631 1.182508
632 1.182876
633 1.182912
634 1.182200
635 1.181958
636 1.182014
637 1.181184
638 1.181948
639 1.182118
640 1.182484
641 1.182344
642 1.181986
643 1.181862
644 1.181816
645 1.182350
646 1.181970
647 1.182176
648 1.182340
649 1.182020
650 1.182002
651 1.181140
652 1.180302
653 1.180680
654 1.181202
655 1.180944
656 1.181026
657 1.181156
658 1.181284
659 1.180636
660 1.180838
661 1.180754
662 1.180036
663 1.180124
664 1.179722
665 1.179938
666 1.180012
667 1.179992
668 1.180328
669 1.179730
670 1.179218
671 1.179402
672 1.179852
673 1.179346
674 1.179348
675 1.179656
676 1.179890
677 1.179824
678 1.179754
679 1.179390
680 1.178802
681 1.178102
682 1.177936
683 1.178088
684 1.178720
685 1.178928
686 1.179942
687 1.179636
688 1.179444
689 1.179530
690 1.179356
691 1.179424
692 1.179514
693 1.179590
694 1.179208
695 1.179300
696 1.179284
697 1.179338
698 1.179302
699 1.179514
700 1.179440
701 1.179298
702 1.179030
703 1.179176
704 1.179034
705 1.179594
706 1.179846
707 1.179662
708 1.179650
709 1.179646
710 1.179844
711 1.179508
712 1.179658
713 1.179448
714 1.179372
715 1.179326
716 1.179620
717 1.179678
718 1.180126
719 1.180508
720 1.180414
721 1.180088
722 1.179992
723 1.179954
724 1.179590
725 1.179220
726 1.178632
727 1.178798
728 1.178860
729 1.178796
730 1.178594
731 1.179264
732 1.179616
733 1.179588
734 1.179376
735 1.179244
736 1.178752
737 1.178938
738 1.179162
739 1.179258
740 1.179402
741 1.179464
742 1.179646
743 1.179894
744 1.180060
745 1.179718
746 1.179814
747 1.180050
748 1.180154
749 1.180840
750 1.180640
751 1.181298
752 1.180950
753 1.180944
754 1.181634
755 1.182520
756 1.182904
757 1.182650
758 1.182730
759 1.182358
760 1.181964
761 1.182292
762 1.182162
763 1.182210
764 1.181538
765 1.181434
766 1.181760
767 1.181164
768 1.181538
769 1.181322
770 1.181638
771 1.182006
772 1.181844
773 1.181910
774 1.181584
775 1.181738
776 1.182068
777 1.182180
778 1.181826
779 1.182042
780 1.181902
781 1.183000
782 1.182814
783 1.182500
784 1.182718
785 1.183094
786 1.183758
787 1.184262
788 1.183688
789 1.183004
790 1.181960
791 1.182080
792 1.182066
793 1.181636
794 1.181074
795 1.181034
796 1.180940
797 1.180968
798 1.181326
799 1.181126
800 1.180828
801 1.180432
802 1.180618
803 1.180926
804 1.181102
805 1.181126
806 1.181514
807 1.181698
808 1.181132
809 1.181534
810 1.181652
811 1.180734
812 1.180426
813 1.180758
814 1.179990
815 1.180120
816 1.179916
817 1.180044
818 1.179664
819 1.180102
820 1.180410
821 1.179994
822 1.180228
823 1.179456
824 1.179378
825 1.179668
826 1.179746
827 1.179920
828 1.179670
829 1.179214
830 1.178850
831 1.179300
832 1.179604
833 1.180040
834 1.180220
835 1.180216
836 1.180536
837 1.180418
838 1.180168
839 1.180328
840 1.180254
841 1.180410
842 1.180596
843 1.181140
844 1.181084
845 1.181178
846 1.180988
847 1.181046
848 1.181072
849 1.180418
850 1.180730
851 1.181712
852 1.181422
853 1.181124
854 1.181436
855 1.181686
856 1.180976
857 1.180814
858 1.180718
859 1.181036
860 1.180584
861 1.181350
862 1.180978
863 1.181082
864 1.181384
865 1.180846
866 1.180574
867 1.180394
868 1.180768
869 1.181128
870 1.181180
871 1.180588
872 1.180784
873 1.180318
874 1.179710
875 1.179786
876 1.180410
877 1.180672
878 1.180964
879 1.180636
880 1.180466
881 1.180286
882 1.180250
883 1.180626
884 1.180806
885 1.181138
886 1.181386
887 1.181272
888 1.181068
889 1.181146
890 1.181476
891 1.181294
892 1.181432
893 1.181370
894 1.181040
895 1.181404
896 1.181158
897 1.181176
898 1.181488
899 1.181478
900 1.181848
901 1.181806
902 1.182154
903 1.182274
904 1.182466
905 1.181964
906 1.181262
907 1.181002
908 1.181062
909 1.181610
910 1.181862
911 1.181724
912 1.181032
913 1.181420
914 1.181288
915 1.181538
916 1.181094
917 1.181260
918 1.180916
919 1.180700
920 1.180590
921 1.180898
922 1.180784
923 1.180602
924 1.180724
925 1.180614
926 1.180036
927 1.180164
928 1.179910
929 1.179684
930 1.180140
931 1.179476
932 1.179504
933 1.179810
934 1.180150
935 1.180722
936 1.180478
937 1.180098
938 1.180414
939 1.180586
940 1.180476
941 1.180340
942 1.180684
943 1.180666
944 1.179992
945 1.179866
946 1.179684
947 1.179596
948 1.180006
949 1.179286
950 1.178950
951 1.178984
952 1.179348
953 1.179684
954 1.180202
955 1.180230
956 1.180298
957 1.180440
958 1.180036
959 1.180734
960 1.180762
961 1.180654
962 1.180618
963 1.180702
964 1.180366
965 1.180226
966 1.180278
967 1.180808
968 1.180912
969 1.181330
970 1.181266
971 1.181356
972 1.181522
973 1.181570
974 1.181122
975 1.180748
976 1.180274
977 1.179748
978 1.179916
979 1.179820
980 1.179982
981 1.180270
982 1.180084
983 1.179338
984 1.179116
985 1.179244
986 1.179046
987 1.178644
988 1.178542
989 1.178630
990 1.178762
991 1.179226
992 1.179200
993 1.179442
994 1.179998
995 1.180164
996 1.179592
997 1.179178
998 1.179294
999 1.179202
1000 1.179828
1001 1.179774
1002 1.179436
1003 1.179554
1004 1.179412
1005 1.179308
1006 1.179728
1007 1.180724
1008 1.181112
1009 1.180352
1010 1.180460
1011 1.180164
1012 1.180164
1013 1.180562
1014 1.181350
1015 1.180572
1016 1.181266
1017 1.182148
1018 1.181908
1019 1.182202
1020 1.182586
1021 1.182024
1022 1.182524
1023 1.182714
1024 1.183206
1025 1.183396
1026 1.183900
1027 1.184404
1028 1.184406
1029 1.183574
1030 1.182798
1031 1.182752
1032 1.182650
1033 1.181800
1034 1.181664
1035 1.182302
1036 1.182348
1037 1.182344
1038 1.182366
1039 1.182196
1040 1.182404
1041 1.182608
1042 1.182740
1043 1.181962
1044 1.182354
1045 1.181964
1046 1.181874
1047 1.181824
1048 1.181552
1049 1.181534
1050 1.181482
1051 1.181666
1052 1.182144
1053 1.182196
1054 1.182086
1055 1.182376
1056 1.181954
1057 1.181760
1058 1.182266
1059 1.182344
1060 1.182476
1061 1.182026
1062 1.182280
1063 1.181948
1064 1.181858
1065 1.182306
1066 1.182524
1067 1.182496
1068 1.182798
1069 1.183020
1070 1.183234
1071 1.183308
1072 1.183140
1073 1.182898
1074 1.182358
1075 1.182828
1076 1.183054
1077 1.183402
1078 1.183226
1079 1.182934
1080 1.182982
1081 1.183262
1082 1.182930
1083 1.183220
1084 1.182942
1085 1.182484
1086 1.183212
1087 1.182800
1088 1.182712
1089 1.182766
1090 1.182364
1091 1.182572
1092 1.182678
1093 1.182458
1094 1.182998
1095 1.183196
1096 1.183456
1097 1.183342
1098 1.183142
1099 1.183494
1100 1.184068
1101 1.184180
1102 1.183598
1103 1.183530
1104 1.183320
1105 1.183210
1106 1.183722
1107 1.183560
1108 1.183120
1109 1.183368
1110 1.183820
1111 1.183814
1112 1.183120
1113 1.182728
1114 1.182430
1115 1.181768
1116 1.181772
1117 1.181662
1118 1.181574
1119 1.181188
1120 1.180706
1121 1.181494
1122 1.181024
1123 1.181172
1124 1.181050
1125 1.181318
1126 1.181224
1127 1.181192
1128 1.180644
1129 1.180198
1130 1.180642
1131 1.180952
1132 1.180394
1133 1.180128
1134 1.180256
1135 1.180418
1136 1.180846
1137 1.180386
1138 1.180060
1139 1.180646
1140 1.180882
1141 1.180380
1142 1.180872
1143 1.180564
1144 1.180376
1145 1.180830
1146 1.181008
1147 1.180534
1148 1.180772
1149 1.180964
1150 1.181358
1151 1.181750
1152 1.181418
1153 1.181436
1154 1.180836
1155 1.180854
1156 1.180962
1157 1.181204
1158 1.181120
1159 1.181000
1160 1.180796
1161 1.181142
1162 1.181276
1163 1.181296
1164 1.180996
1165 1.181492
1166 1.181356
1167 1.181196
1168 1.181150
1169 1.181016
1170 1.180740
1171 1.180920
1172 1.180914
1173 1.181058
1174 1.180388
1175 1.180586
1176 1.180748
1177 1.180726
1178 1.180584
1179 1.180606
1180 1.180428
1181 1.181180
1182 1.181022
1183 1.180928
1184 1.180612
1185 1.180908
1186 1.180712
1187 1.180810
1188 1.180610
1189 1.181038
1190 1.180840
1191 1.181128
1192 1.180834
1193 1.181018
1194 1.180910
1195 1.181018
1196 1.181688
1197 1.181996
1198 1.181722
1199 1.180816
1200 1.180954
1201 1.180394
1202 1.180266
1203 1.180504
1204 1.180150
1205 1.180676
1206 1.179980
1207 1.179752
1208 1.180188
1209 1.179964
1210 1.179514
1211 1.180124
1212 1.180940
1213 1.180198
1214 1.180438
1215 1.180078
1216 1.179748
1217 1.180158
1218 1.180218
1219 1.180030
1220 1.179632
1221 1.179586
1222 1.180098
1223 1.180418
1224 1.180860
1225 1.180626
1226 1.180822
1227 1.180648
1228 1.180330
1229 1.180710
1230 1.180352
1231 1.180740
1232 1.180762
1233 1.181112
1234 1.181012
1235 1.181210
1236 1.180992
1237 1.180836
1238 1.181276
1239 1.181026
1240 1.181804
1241 1.182000
1242 1.181192
1243 1.181368
1244 1.181450
1245 1.181240
1246 1.181440
1247 1.181330
1248 1.181626
1249 1.181286
1250 