1 0.591214
2 1.079024
3 1.111460
4 1.129730
5 1.141121
6 1.150367
7 1.156233
8 1.161472
9 1.166087
10 1.169513
11 1.173144
12 1.173783
13 1.173425
14 1.172778
15 1.176472
16 1.178794
17 1.177004
18 1.178829
19 1.179820
20 1.180030
21 1.180132
22 1.179775
23 1.180118
24 1.181406
25 1.178689
26 1.181792
27 1.180420
28 1.182093
29 1.181474
30 1.180553
31 1.183415
32 1.181643
33 1.180427
34 1.182032
35 1.182458
36 1.181546
37 1.181409
38 1.182248
39 1.181965
40 1.179962
41 1.182660
42 1.182285
43 1.182648
44 1.181284
45 1.182244
46 1.182422
47 1.179886
48 1.182145
49 1.181897
50 1.181873
51 1.181695
52 1.181123
53 1.181528
54 1.182542
55 1.181512
56 1.181689
57 1.182968
58 1.181935
59 1.182465
60 1.181495
61 1.183657
62 1.182173
63 1.181443
64 1.182834
65 1.182688
66 1.183033
67 1.182359
68 1.182524
69 1.182742
70 1.182061
71 1.182174
72 1.182591
73 1.182683
74 1.181479
75 1.183494
76 1.184752
77 1.180355
78 1.183015
79 1.182100
80 1.182025
81 1.182158
82 1.182692
83 1.183688
84 1.182189
85 1.182243
86 1.181386
87 1.183099
88 1.183708
89 1.182029
90 1.183467
91 1.182194
92 1.183237
93 1.182766
94 1.182965
95 1.182383
96 1.182755
97 1.183406
98 1.181992
99 1.181595
100 1.182914
101 1.181989
102 1.183179
103 1.182749
104 1.183421
105 1.181752
106 1.180598
107 1.182492
108 1.182925
109 1.183037
110 1.182931
111 1.182467
112 1.183438
113 1.183355
114 1.182740
115 1.184072
116 1.182748
117 1.181962
118 1.180900
119 1.182926
120 1.181705
121 1.181511
122 1.182788
123 1.182321
124 1.182396
125 1.182692
126 1.182355
127 1.182750
128 1.183129
129 1.183412
130 1.183882
131 1.183301
132 1.181915
133 1.183520
134 1.183186
135 1.184749
136 1.183942
137 1.185459
138 1.183178
139 1.183130
140 1.183427
141 1.183874
142 1.181849
143 1.181729
144 1.182038
145 1.182841
146 1.183179
147 1.184084
148 1.182793
149 1.182698
150 1.183017
151 1.183079
152 1.182773
153 1.183529
154 1.183242
155 1.182507
156 1.181969
157 1.183133
158 1.180883
159 1.183696
160 1.181523
161 1.181886
162 1.183551
163 1.183410
164 1.182537
165 1.183145
166 1.183325
167 1.183057
168 1.182923
169 1.182418
170 1.182227
171 1.182499
172 1.181771
173 1.182460
174 1.182121
175 1.183600
176 1.183199
177 1.183898
178 1.182440
179 1.183482
180 1.182325
181 1.184432
182 1.181554
183 1.182709
184 1.183657
185 1.181536
186 1.182978
187 1.183504
188 1.184353
189 1.182530
190 1.182477
191 1.182866
192 1.183168
193 1.182679
194 1.182864
195 1.182025
196 1.183338
197 1.183520
198 1.182617
199 1.182692
200 1.184143
201 1.182073
202 1.184214
203 1.182734
204 1.181656
205 1.182484
206 1.183893
207 1.182631
208 1.184832
209 1.182868
210 1.182747
211 1.182972
212 1.181949
213 1.183049
214 1.185096
215 1.182913
216 1.182662
217 1.183973
218 1.183658
219 1.185044
220 1.183186
221 1.183076
222 1.181171
223 1.184363
224 1.183413
225 1.183976
226 1.183404
227 1.183100
228 1.182888
229 1.181968
230 1.184171
231 1.184586
232 1.183268
233 1.182638
234 1.183515
235 1.182807
236 1.181048
237 1.183583
238 1.183010
239 1.184194
240 1.184454
241 1.182884
242 1.182970
243 1.182730
244 1.184004
245 1.184106
246 1.182786
247 1.183487
248 1.184186
249 1.182999
250 1.183096
251 1.183591
252 1.183456
253 1.183174
254 1.182224
255 1.183262
256 1.182747
257 1.182962
258 1.184537
259 1.183182
260 1.182644
261 1.182388
262 1.182316
263 1.181972
264 1.184575
265 1.183270
266 1.183273
267 1.185479
268 1.183690
269 1.183405
270 1.184233
271 1.183539
272 1.185590
273 1.184363
274 1.182828
275 1.182621
276 1.184289
277 1.182543
278 1.182411
279 1.184161
280 1.183576
281 1.183333
282 1.183544
283 1.183106
284 1.183497
285 1.184435
286 1.182852
287 1.181953
288 1.183216
289 1.182121
290 1.182538
291 1.183996
292 1.182081
293 1.182428
294 1.182162
295 1.183514
296 1.181913
297 1.182464
298 1.182445
299 1.182332
300 1.183196
301 1.183835
302 1.182927
303 1.183870
304 1.182771
305 1.181157
306 1.184757
307 1.183030
308 1.183983
309 1.183709
310 1.184008
311 1.182684
312 1.184008
313 1.184130
314 1.182798
315 1.183249
316 1.182789
317 1.181818
318 1.184789
319 1.184788
320 1.181947
321 1.182220
322 1.184019
323 1.183345
324 1.185615
325 1.182017
326 1.183123
327 1.183502
328 1.182570
329 1.182722
330 1.182822
331 1.181710
332 1.183406
333 1.182236
334 1.182954
335 1.182925
336 1.182995
337 1.182443
338 1.182729
339 1.184111
340 1.183206
341 1.182855
342 1.183347
343 1.182066
344 1.183006
345 1.182978
346 1.181353
347 1.182238
348 1.184342
349 1.183222
350 1.185044
351 1.185623
352 1.182709
353 1.182989
354 1.185350
355 1.183864
356 1.183635
357 1.182789
358 1.183328
359 1.182455
360 1.182516
361 1.182825
362 1.183270
363 1.180815
364 1.182569
365 1.183531
366 1.183229
367 1.183204
368 1.181815
369 1.183382
370 1.183514
371 1.182523
372 1.182720
373 1.182340
374 1.183600
375 1.183065
376 1.182335
377 1.183550
378 1.182644
379 1.184061
380 1.184405
381 1.183696
382 1.183530
383 1.183074
384 1.183443
385 1.181462
386 1.182245
387 1.183426
388 1.183088
389 1.183547
390 1.182600
391 1.183455
392 1.183783
393 1.182437
394 1.183254
395 1.183070
396 1.183350
397 1.182289
398 1.183204
399 1.181029
400 1.182874
401 1.182644
402 1.183341
403 1.183576
404 1.182670
405 1.183274
406 1.183223
407 1.181914
408 1.183660
409 1.183174
410 1.181986
411 1.183557
412 1.182695
413 1.181981
414 1.181852
415 1.184701
416 1.184015
417 1.183666
418 1.182611
419 1.183205
420 1.183771
421 1.183556
422 1.183605
423 1.182994
424 1.181835
425 1.184666
426 1.183282
427 1.183780
428 1.184373
429 1.181615
430 1.183660
431 1.184403
432 1.183435
433 1.183067
434 1.182880
435 1.180815
436 1.183652
437 1.185187
438 1.184126
439 1.183058
440 1.183024
441 1.183905
442 1.183871
443 1.184233
444 1.183697
445 1.183492
446 1.184133
447 1.183884
448 1.184709
449 1.182152
450 1.183222
451 1.181238
452 1.183495
453 1.183548
454 1.181496
455 1.183813
456 1.181912
457 1.182687
458 1.182219
459 1.183289
460 1.183870
461 1.183497
462 1.182476
463 1.182869
464 1.183674
465 1.183845
466 1.183035
467 1.181471
468 1.183242
469 1.183122
470 1.181790
471 1.183079
472 1.182885
473 1.182370
474 1.182945
475 1.183798
476 1.183448
477 1.183162
478 1.182609
479 1.183344
480 1.183056
481 1.182212
482 1.183697
483 1.184744
484 1.183874
485 1.183771
486 1.183784
487 1.184059
488 1.183137
489 1.182949
490 1.182733
491 1.183173
492 1.183118
493 1.182760
494 1.184134
495 1.182387
496 1.182832
497 1.184147
498 1.183284
499 1.184326
500 1.182501
501 1.183203
502 1.182433
503 1.183214
504 1.183006
505 1.183676
506 1.182735
507 1.181668
508 1.181690
509 1.183181
510 1.182748
511 1.183923
512 1.183366
513 1.182720
514 1.183581
515 1.182570
516 1.182441
517 1.182714
518 1.183607
519 1.182033
520 1.184625
521 1.181795
522 1.183205
523 1.182527
524 1.183321
525 1.183449
526 1.182719
527 1.183679
528 1.183417
529 1.183602
530 1.184619
531 1.184107
532 1.182554
533 1.182664
534 1.181984
535 1.183902
536 1.183002
537 1.182437
538 1.182481
539 1.182528
540 1.184494
541 1.183382
542 1.181850
543 1.183687
544 1.181635
545 1.184065
546 1.183514
547 1.184323
548 1.181487
549 1.182573
550 1.183775
551 1.183323
552 1.184125
553 1.182652
554 1.184029
555 1.181910
556 1.183319
557 1.183249
558 1.183513
559 1.184075
560 1.182360
561 1.181350
562 1.180611
563 1.183006
564 1.183080
565 1.183355
566 1.181509
567 1.182556
568 1.183404
569 1.181909
570 1.183129
571 1.183278
572 1.182827
573 1.182909
574 1.183216
575 1.183087
576 1.183221
577 1.183077
578 1.182602
579 1.183520
580 1.183559
581 1.183121
582 1.183160
583 1.182183
584 1.183616
585 1.183131
586 1.184100
587 1.183005
588 1.181742
589 1.184420
590 1.182055
591 1.183802
592 1.183495
593 1.183365
594 1.183319
595 1.183030
596 1.182460
597 1.182817
598 1.183773
599 1.183330
600 1.183404
601 1.183922


Active cycles: 300
k_mean: 1.183118
k_stddev(cycle): 0.000845
k_stderr(mean): 0.000049
Difference with the reference K: -0.000692, Per cent error: -0.058427
Reactivity(rho): 0.154776, pcm difference: -49.384248
Total Time: 500.829184seconds. Average: 0.833326 seconds per cycle.
