1 0.989512
2 0.984510
3 0.982914
4 0.983258
5 0.983938
6 0.983836
7 0.983406
8 0.982558
9 0.981264
10 0.980034
11 0.978876
12 0.977872
13 0.976920
14 0.975736
15 0.974702
16 0.974044
17 0.973208
18 0.972798
19 0.973474
20 0.973086
21 0.973436
22 0.973484
23 0.973470
24 0.974210
25 0.974942
26 0.975674
27 0.976352
28 0.977224
29 0.977928
30 0.978242
31 0.979230
32 0.980312
33 0.982090
34 0.983658
35 0.985210
36 0.986518
37 0.987142
38 0.989266
39 0.990260
40 0.991510
41 0.992558
42 0.993960
43 0.995174
44 0.996160
45 0.998308
46 1.000594
47 1.002118
48 1.004142
49 1.005452
50 1.006980
51 1.008494
52 1.010014
53 1.012256
54 1.013536
55 1.015320
56 1.016792
57 1.018542
58 1.020094
59 1.021456
60 1.023354
61 1.024920
62 1.026194
63 1.028572
64 1.030252
65 1.032420
66 1.034150
67 1.036718
68 1.038872
69 1.040782
70 1.042716
71 1.044958
72 1.046580
73 1.047774
74 1.050076
75 1.051566
76 1.052732
77 1.055308
78 1.057158
79 1.058674
80 1.059996
81 1.061960
82 1.064314
83 1.065822
84 1.067774
85 1.069588
86 1.071086
87 1.073126
88 1.075204
89 1.076438
90 1.077640
91 1.079668
92 1.080948
93 1.082320
94 1.084028
95 1.085154
96 1.086226
97 1.087536
98 1.088796
99 1.090738
100 1.092072
101 1.093654
102 1.094074
103 1.096148
104 1.097970
105 1.099218
106 1.099950
107 1.101538
108 1.102322
109 1.103354
110 1.104126
111 1.104946
112 1.106498
113 1.107398
114 1.107888
115 1.109114
116 1.110114
117 1.111406
118 1.112398
119 1.113486
120 1.114520
121 1.115116
122 1.116390
123 1.117670
124 1.118812
125 1.119244
126 1.119884
127 1.121394
128 1.122010
129 1.123100
130 1.124412
131 1.125528
132 1.126126
133 1.126040
134 1.126380
135 1.127352
136 1.127528
137 1.129030
138 1.129256
139 1.129502
140 1.129816
141 1.131092
142 1.132224
143 1.133324
144 1.133894
145 1.134814
146 1.135376
147 1.136194
148 1.136706
149 1.136622
150 1.136842
151 1.137706
152 1.137550
153 1.138152
154 1.139048
155 1.139156
156 1.139574
157 1.139986
158 1.140414
159 1.140682
160 1.141298
161 1.142320
162 1.143228
163 1.143322
164 1.143050
165 1.143384
166 1.143890
167 1.144554
168 1.145702
169 1.146166
170 1.146914
171 1.147318
172 1.147340
173 1.147322
174 1.147950
175 1.148242
176 1.148670
177 1.149366
178 1.149644
179 1.149710
180 1.150078
181 1.150168
182 1.151166
183 1.151518
184 1.151772
185 1.152212
186 1.152666
187 1.152666
188 1.152870
189 1.153382
190 1.154414
191 1.155798
192 1.155508
193 1.155996
194 1.156640
195 1.156848
196 1.157048
197 1.157364
198 1.157818
199 1.158170
200 1.159414
201 1.160338
202 1.160868
203 1.161408
204 1.161936
205 1.162618
206 1.162288
207 1.162432
208 1.162882
209 1.162786
210 1.162616
211 1.162990
212 1.162800
213 1.163190
214 1.163588
215 1.164086
216 1.163950
217 1.163790
218 1.163432
219 1.163774
220 1.163992
221 1.164532
222 1.164390
223 1.163958
224 1.164258
225 1.164748
226 1.164774
227 1.164828
228 1.165230
229 1.165494
230 1.165220
231 1.164366
232 1.164888
233 1.165310
234 1.165340
235 1.165440
236 1.166116
237 1.166152
238 1.165794
239 1.165788
240 1.164824
241 1.165954
242 1.166138
243 1.166784
244 1.167680
245 1.167904
246 1.167962
247 1.167932
248 1.168308
249 1.168794
250 1.168524
251 1.168228
252 1.168196
253 1.167960
254 1.167818
255 1.168106
256 1.168820
257 1.168374
258 1.168640
259 1.168708
260 1.169006
261 1.169352
262 1.169562
263 1.169878
264 1.169900
265 1.170456
266 1.170910
267 1.170618
268 1.170908
269 1.171248
270 1.170768
271 1.170828
272 1.170452
273 1.170982
274 1.171518
275 1.172078
276 1.171916
277 1.172144
278 1.172252
279 1.172306
280 1.173036
281 1.173026
282 1.173058
283 1.172624
284 1.173274
285 1.173378
286 1.173374
287 1.172838
288 1.173102
289 1.173402
290 1.173796
291 1.173650
292 1.173570
293 1.172850
294 1.173020
295 1.172950
296 1.173442
297 1.173904
298 1.174174
299 1.173798
300 1.173368
301 1.173418
302 1.172874
303 1.172692
304 1.172508
305 1.172126
306 1.172270
307 1.171992
308 1.173018
309 1.173336
310 1.173608
311 1.173290
312 1.173776
313 1.173318
314 1.174062
315 1.174124
316 1.174658
317 1.174604
318 1.174702
319 1.174756
320 1.174042
321 1.173930
322 1.174488
323 1.174682
324 1.174424
325 1.174080
326 1.174514
327 1.175300
328 1.175736
329 1.175746
330 1.175638
331 1.175958
332 1.175958
333 1.175468
334 1.176154
335 1.176204
336 1.175358
337 1.175560
338 1.175606
339 1.174920
340 1.174726
341 1.175196
342 1.175590
343 1.176020
344 1.176132
345 1.176062
346 1.176150
347 1.175298
348 1.175678
349 1.176214
350 1.176486
351 1.175742
352 1.176738
353 1.177456
354 1.177012
355 1.177106
356 1.176814
357 1.176802
358 1.176306
359 1.175602
360 1.176020
361 1.176120
362 1.176392
363 1.175796
364 1.176554
365 1.176192
366 1.177022
367 1.176442
368 1.176378
369 1.176276
370 1.176394
371 1.176358
372 1.176780
373 1.176690
374 1.177090
375 1.177180
376 1.177086
377 1.176628
378 1.176834
379 1.176638
380 1.176536
381 1.175990
382 1.175232
383 1.175712
384 1.175646
385 1.175686
386 1.175800
387 1.175902
388 1.176054
389 1.176656
390 1.177408
391 1.177528
392 1.177684
393 1.177362
394 1.177282
395 1.176816
396 1.176256
397 1.176570
398 1.176360
399 1.176676
400 1.176282
401 1.176524
402 1.176356
403 1.176286
404 1.176650
405 1.176862
406 1.176462
407 1.176076
408 1.176220
409 1.176480
410 1.176644
411 1.176652
412 1.177096
413 1.176442
414 1.176768
415 1.177004
416 1.176812
417 1.177310
418 1.176804
419 1.176160
420 1.176342
421 1.176606
422 1.176422
423 1.176348
424 1.176654
425 1.177158
426 1.176948
427 1.177526
428 1.178176
429 1.178480
430 1.179282
431 1.179170
432 1.179510
433 1.179836
434 1.179506
435 1.178980
436 1.179488
437 1.179912
438 1.180324
439 1.180094
440 1.180468
441 1.180130
442 1.180232
443 1.179676
444 1.180080
445 1.180390
446 1.179572
447 1.179366
448 1.179772
449 1.179444
450 1.180198
451 1.180186
452 1.179854
453 1.179774
454 1.179574
455 1.179796
456 1.179794
457 1.179908
458 1.179914
459 1.179742
460 1.179964
461 1.179994
462 1.179928
463 1.180386
464 1.180314
465 1.180090
466 1.180200
467 1.180562
468 1.180880
469 1.181176
470 1.180450
471 1.179964
472 1.180248
473 1.180202
474 1.179514
475 1.178918
476 1.178958
477 1.179244
478 1.179690
479 1.180214
480 1.180282
481 1.180338
482 1.179956
483 1.180062
484 1.179864
485 1.179462
486 1.179464
487 1.179870
488 1.179986
489 1.179542
490 1.180012
491 1.180402
492 1.180724
493 1.180668
494 1.180370
495 1.180790
496 1.180984
497 1.180820
498 1.181198
499 1.181076
500 1.181184
501 1.181480
502 1.181930
503 1.181444
504 1.181538
505 1.180638
506 1.180134
507 1.179782
508 1.179380
509 1.179724
510 1.179318
511 1.179444
512 1.179654
513 1.179672
514 1.179970
515 1.180124
516 1.179702
517 1.180272
518 1.180282
519 1.179750
520 1.179986
521 1.180390
522 1.179862
523 1.179492
524 1.179660
525 1.179930
526 1.180150
527 1.180314
528 1.180028
529 1.180602
530 1.180014
531 1.180416
532 1.180552
533 1.180304
534 1.180412
535 1.180300
536 1.180616
537 1.180106
538 1.179802
539 1.179152
540 1.179592
541 1.179186
542 1.179348
543 1.179228
544 1.179544
545 1.179716
546 1.179964
547 1.179874
548 1.180546
549 1.180858
550 1.181196
551 1.181372
552 1.181572
553 1.181354
554 1.181396
555 1.181740
556 1.181126
557 1.180872
558 1.180448
559 1.180208
560 1.180084
561 1.180264
562 1.179868
563 1.180188
564 1.179538
565 1.179280
566 1.179404
567 1.180024
568 1.179696
569 1.179728
570 1.180200
571 1.180410
572 1.180734
573 1.180676
574 1.180714
575 1.180230
576 1.179484
577 1.178990
578 1.179742
579 1.180176
580 1.180136
581 1.179880
582 1.180146
583 1.181046
584 1.181066
585 1.180628
586 1.180750
587 1.181114
588 1.180884
589 1.181614
590 1.181198
591 1.181482
592 1.181202
593 1.181540
594 1.181304
595 1.181032
596 1.180664
597 1.180246
598 1.179942
599 1.180066
600 1.179478
601 1.179836
602 1.179482
603 1.179758
604 1.179864
605 1.179950
606 1.179668
607 1.179838
608 1.179822
609 1.180058
610 1.180166
611 1.180706
612 1.180528
613 1.180342
614 1.180810
615 1.181206
616 1.180744
617 1.180718
618 1.180844
619 1.180554
620 1.179800
621 1.179612
622 1.179566
623 1.179940
624 1.179412
625 1.178558
626 1.178798
627 1.179694
628 1.179892
629 1.179122
630 1.179930
631 1.179960
632 1.180416
633 1.180312
634 1.180724
635 1.179990
636 1.180012
637 1.180290
638 1.180684
639 1.181104
640 1.181794
641 1.181318
642 1.181012
643 1.181502
644 1.181582
645 1.181846
646 1.181324
647 1.181778
648 1.181602
649 1.181842
650 1.181726
651 1.181500
652 1.181404
653 1.180954
654 1.180344
655 1.180660
656 1.181008
657 1.181672
658 1.181922
659 1.180910
660 1.181348
661 1.180852
662 1.181260
663 1.181224
664 1.180774
665 1.180998
666 1.180676
667 1.180804
668 1.180874
669 1.181364
670 1.181302
671 1.181242
672 1.180836
673 1.180884
674 1.181380
675 1.181700
676 1.181788
677 1.181706
678 1.181400
679 1.181700
680 1.182396
681 1.181948
682 1.181940
683 1.181642
684 1.181712
685 1.181354
686 1.181518
687 1.181670
688 1.181704
689 1.181986
690 1.182202
691 1.182430
692 1.182372
693 1.181960
694 1.182412
695 1.182728
696 1.182746
697 1.182934
698 1.182792
699 1.183250
700 1.183110
701 1.182932
702 1.183050
703 1.182712
704 1.182954
705 1.182810
706 1.182208
707 1.181828
708 1.181372
709 1.181182
710 1.181550
711 1.181372
712 1.181554
713 1.181898
714 1.181922
715 1.181514
716 1.181400
717 1.181228
718 1.181862
719 1.181082
720 1.181032
721 1.180944
722 1.180680
723 1.180602
724 1.180416
725 1.180734
726 1.180570
727 1.180974
728 1.180724
729 1.180114
730 1.180246
731 1.180112
732 1.180510
733 1.180488
734 1.180148
735 1.179954
736 1.179462
737 1.179376
738 1.179228
739 1.180076
740 1.180282
741 1.179890
742 1.180468
743 1.180102
744 1.180304
745 1.180392
746 1.180612
747 1.180670
748 1.180002
749 1.179332
750 1.179232
751 1.178860
752 1.178432
753 1.178574
754 1.178804
755 1.178668
756 1.179190
757 1.179022
758 1.179262
759 1.179078
760 1.179658
761 1.180230
762 1.180434
763 1.180760
764 1.180396
765 1.180656
766 1.180984
767 1.181060
768 1.181166
769 1.181116
770 1.181018
771 1.181656
772 1.181620
773 1.181948
774 1.182320
775 1.181742
776 1.181460
777 1.181238
778 1.181516
779 1.181286
780 1.180960
781 1.181338
782 1.181864
783 1.181674
784 1.181750
785 1.182086
786 1.182042
787 1.181408
788 1.181498
789 1.181528
790 1.181424
791 1.181446
792 1.181498
793 1.181202
794 1.181236
795 1.180898
796 1.181338
797 1.181384
798 1.181682
799 1.181962
800 1.182544
801 1.182996
802 1.183058
803 1.183050
804 1.182640
805 1.182952
806 1.182420
807 1.181846
808 1.181772
809 1.181526
810 1.181774
811 1.182316
812 1.182498
813 1.182446
814 1.182000
815 1.182328
816 1.182674
817 1.182450
818 1.182492
819 1.182682
820 1.182372
821 1.182544
822 1.182290
823 1.182762
824 1.182670
825 1.182242
826 1.182630
827 1.182948
828 1.182628
829 1.183018
830 1.182884
831 1.183008
832 1.183000
833 1.183290
834 1.183440
835 1.183256
836 1.182992
837 1.182442
838 1.182574
839 1.182064
840 1.182278
841 1.183038
842 1.183038
843 1.182710
844 1.183186
845 1.183214
846 1.182694
847 1.182998
848 1.183078
849 1.182834
850 1.183146
851 1.183320
852 1.183320
853 1.182882
854 1.182664
855 1.182304
856 1.182480
857 1.181684
858 1.182066
859 1.181446
860 1.181250
861 1.181460
862 1.181210
863 1.181766
864 1.182200
865 1.181356
866 1.181868
867 1.181784
868 1.181968
869 1.181662
870 1.181548
871 1.181248
872 1.181372
873 1.181422
874 1.181242
875 1.182046
876 1.182718
877 1.182878
878 1.182838
879 1.182744
880 1.182760
881 1.182652
882 1.182678
883 1.182452
884 1.182638
885 1.182992
886 1.183030
887 1.182872
888 1.182916
889 1.182712
890 1.183218
891 1.183438
892 1.183362
893 1.182910
894 1.182066
895 1.182678
896 1.182986
897 1.183050
898 1.183320
899 1.183258
900 1.183768
901 1.183670
902 1.183508
903 1.183326
904 1.183250
905 1.183170
906 1.182898
907 1.182688
908 1.182666
909 1.182206
910 1.182604
911 1.182448
912 1.183430
913 1.183342
914 1.182820
915 1.183024
916 1.182492
917 1.182586
918 1.182626
919 1.183358
920 1.183588
921 1.183492
922 1.183246
923 1.182970
924 1.182418
925 1.182180
926 1.181480
927 1.181254
928 1.180600
929 1.180818
930 1.180946
931 1.181214
932 1.180842
933 1.181328
934 1.181092
935 1.181148
936 1.181016
937 1.181524
938 1.181330
939 1.181418
940 1.182408
941 1.182834
942 1.182814
943 1.182312
944 1.182888
945 1.182838
946 1.183226
947 1.183228
948 1.182524
949 1.182408
950 1.182542
951 1.182628
952 1.182562
953 1.182842
954 1.182640
955 1.182102
956 1.182028
957 1.181824
958 1.181694
959 1.181712
960 1.181884
961 1.181810
962 1.182184
963 1.182842
964 1.183008
965 1.182872
966 1.182276
967 1.182230
968 1.182736
969 1.183282
970 1.183800
971 1.184066
972 1.184080
973 1.183834
974 1.183600
975 1.183010
976 1.182466
977 1.183498
978 1.183092
979 1.182834
980 1.182792
981 1.181902
982 1.181780
983 1.181928
984 1.182098
985 1.181948
986 1.181492
987 1.181574
988 1.181204
989 1.181276
990 1.181434
991 1.181388
992 1.180738
993 1.180494
994 1.180240
995 1.180892
996 1.180640
997 1.181390
998 1.181422
999 1.181658
1000 1.181122
1001 1.180906
1002 1.181570
1003 1.182300
1004 1.181368
1005 1.180940
1006 1.180766
1007 1.181268
1008 1.181020
1009 1.180880
1010 1.180294
1011 1.180544
1012 1.180592
1013 1.180600
1014 1.180766
1015 1.180880
1016 1.181184
1017 1.181880
1018 1.182138
1019 1.182164
1020 1.182068
1021 1.181922
1022 1.181496
1023 1.181326
1024 1.181326
1025 1.181152
1026 1.180994
1027 1.181114
1028 1.180502
1029 1.180422
1030 1.180664
1031 1.180770
1032 1.180920
1033 1.180978
1034 1.181154
1035 1.180888
1036 1.180616
1037 1.181088
1038 1.180842
1039 1.180344
1040 1.181174
1041 1.180780
1042 1.180244
1043 1.179848
1044 1.179648
1045 1.179802
1046 1.179428
1047 1.179362
1048 1.179006
1049 1.179456
1050 1.179926
1051 1.180316
1052 1.180428
1053 1.180720
1054 1.180552
1055 1.180612
1056 1.180672
1057 1.180562
1058 1.181012
1059 1.180934
1060 1.180810
1061 1.180776
1062 1.180938
1063 1.181518
1064 1.181994
1065 1.181668
1066 1.181002
1067 1.180744
1068 1.180904
1069 1.181280
1070 1.181218
1071 1.181692
1072 1.181908
1073 1.181864
1074 1.182068
1075 1.182470
1076 1.182326
1077 1.182192
1078 1.181668
1079 1.181850
1080 1.181650
1081 1.180818
1082 1.181040
1083 1.181140
1084 1.180834
1085 1.180596
1086 1.180484
1087 1.180366
1088 1.180560
1089 1.180194
1090 1.180298
1091 1.180238
1092 1.180154
1093 1.179802
1094 1.179728
1095 1.179684
1096 1.180754
1097 1.181162
1098 1.181346
1099 1.181814
1100 1.181994
1101 1.181054
1102 1.181476
1103 1.180724
1104 1.181010
1105 1.180982
1106 1.181128
1107 1.180780
1108 1.180056
1109 1.180458
1110 1.180838
1111 1.181210
1112 1.180846
1113 1.180506
1114 1.180670
1115 1.180326
1116 1.180110
1117 1.180520
1118 1.180904
1119 1.180270
1120 1.180472
1121 1.180508
1122 1.180218
1123 1.180632
1124 1.180746
1125 1.179576
1126 1.179050
1127 1.179960
1128 1.180388
1129 1.179106
1130 1.179452
1131 1.179806
1132 1.180150
1133 1.180308
1134 1.179804
1135 1.179032
1136 1.179042
1137 1.179562
1138 1.180190
1139 1.180608
1140 1.180298
1141 1.180706
1142 1.180904
1143 1.180644
1144 1.180572
1145 1.180274
1146 1.180946
1147 1.180720
1148 1.180628
1149 1.180668
1150 1.180906
1151 1.181176
1152 1.180814
1153 1.180562
1154 1.180478
1155 1.180684
1156 1.180716
1157 1.180596
1158 1.180746
1159 1.180662
1160 1.180748
1161 1.181050
1162 1.181414
1163 1.181200
1164 1.180724
1165 1.180828
1166 1.180742
1167 1.180748
1168 1.180496
1169 1.180250
1170 1.180382
1171 1.180516
1172 1.181094
1173 1.180738
1174 1.180000
1175 1.179646
1176 1.180158
1177 1.180196
1178 1.180432
1179 1.180542
1180 1.180426
1181 1.180624
1182 1.180860
1183 1.181720
1184 1.181960
1185 1.182360
1186 1.182968
1187 1.183660
1188 1.183508
1189 1.183402
1190 1.183806
1191 1.183630
1192 1.183848
1193 1.184126
1194 1.183512
1195 1.183442
1196 1.183568
1197 1.183738
1198 1.184110
1199 1.183544
1200 1.183142
1201 1.182726
1202 1.182740
1203 1.182816
1204 1.183600
1205 1.183466
1206 1.183698
1207 1.184420
1208 1.184638
1209 1.184272
1210 1.184020
1211 1.183722
1212 1.183684
1213 1.183166
1214 1.183530
1215 1.183372
1216 1.183162
1217 1.183364
1218 1.183502
1219 1.183140
1220 1.183556
1221 1.183082
1222 1.182712
1223 1.183426
1224 1.183112
1225 1.182712
1226 1.182984
1227 1.183114
1228 1.182958
1229 1.182944
1230 1.183058
1231 1.182784
1232 1.183554
1233 1.183362
1234 1.183268
1235 1.183124
1236 1.182944
1237 1.182808
1238 1.182766
1239 1.182954
1240 1.183462
1241 1.182492
1242 1.182218
1243 1.182844
1244 1.183246
1245 1.183220
1246 1.182498
1247 1.182250
1248 1.182110
1249 1.181900
1250 1.181574
1251 1.181578
1252 1.181416
1253 1.181418
1254 1.181216
1255 1.181654
1256 1.181334
1257 1.181286
1258 1.181106
1259 1.181476
1260 1.181152
1261 1.181342
1262 1.181166
1263 1.181296
1264 1.180840
1265 1.181136
1266 1.181104
1267 1.181600
1268 1.181426
1269 1.180982
1270 1.181526
1271 1.181600
1272 1.181680
1273 1.181554
1274 1.182022
1275 1.182618
1276 1.182960
1277 1.182884
1278 1.183184
1279 1.183148
1280 1.183322
1281 1.183368
1282 1.183162
1283 1.183460
1284 1.184534
1285 1.185142
1286 1.185450
1287 1.185166
1288 1.185430
1289 1.185030
1290 1.184666
1291 1.184372
1292 1.184536
1293 1.184042
1294 1.183438
1295 1.182806
1296 1.182590
1297 1.182614
1298 1.182358
1299 1.182774
1300 1.183338
1301 1.183276
1302 1.182580
1303 1.183388
1304 1.183658
1305 1.183370
1306 1.183742
1307 1.183400
1308 1.183384
1309 1.183254
1310 1.182858
1311 1.182340
1312 1.182110
1313 1.181952
1314 1.182050
1315 1.181604
1316 1.181696
1317 1.181712
1318 1.181736
1319 1.181974
1320 1.181254
1321 1.181466
1322 1.182250
1323 1.182206
1324 1.182164
1325 1.181784
1326 1.182318
1327 1.181712
1328 1.181506
1329 1.181718
1330 1.181956
1331 1.181628
1332 1.182452
1333 1.182508
1334 1.182480
1335 1.182614
1336 1.182480
1337 1.182870
1338 1.182644
1339 1.182754
1340 1.182998
1341 1.183610
1342 1.183362
1343 1.183324
1344 1.182918
1345 1.183244
1346 1.183140
1347 1.184070
1348 1.183902
1349 1.184450
1350 1.184460
1351 1.184670
1352 1.184916
1353 1.185108
1354 1.184742
1355 1.184622
1356 1.184564
1357 1.184772
1358 1.184104
1359 1.184048
1360 1.183536
1361 1.183604
1362 1.183234
1363 1.182866
1364 1.182728
1365 1.182774
1366 1.182674
1367 1.183010
1368 1.182756
1369 1.183362
1370 1.183494
1371 1.183508
1372 1.183720
1373 1.183360
1374 1.183242
1375 1.183540
1376 1.183008
1377 1.183104
1378 1.183118
1379 1.183834
1380 1.183126
1381 1.182804
1382 1.183172
1383 1.182996
1384 1.182834
1385 1.183062
1386 1.183234
1387 1.183456
1388 1.183494
1389 1.183302
1390 1.183460
1391 1.183234
1392 1.183608
1393 1.183086
1394 1.183060
1395 1.182794
1396 1.182604
1397 1.182548
1398 1.182856
1399 1.182742
1400 1.182598
1401 1.182736
1402 1.182748
1403 1.182800
1404 1.182678
1405 1.183354
1406 1.183264
1407 1.183824
1408 1.183718
1409 1.183094
1410 1.182498
1411 1.182458
1412 1.182188
1413 1.182400
1414 1.182046
1415 1.182420
1416 1.182902
1417 1.182568
1418 1.182536
1419 1.182882
1420 1.183240
1421 1.183864
1422 1.183624
1423 1.183538
1424 1.183532
1425 1.183862
1426 1.184156
1427 1.183816
1428 1.184218
1429 1.184100
1430 1.183760
1431 1.183352
1432 1.182658
1433 1.182280
1434 1.182466
1435 1.182082
1436 1.181770
1437 1.181906
1438 1.181542
1439 1.181566
1440 1.181870
1441 1.182028
1442 1.181504
1443 1.181876
1444 1.182192
1445 1.182394
1446 1.182374
1447 1.182786
1448 1.182720
1449 1.182994
1450 1.182296
1451 1.182610
1452 1.182038
1453 1.181650
1454 1.181800
1455 1.181842
1456 1.181936
1457 1.181326
1458 1.181234
1459 1.181204
1460 1.181770
1461 1.181346
1462 1.180694
1463 1.180386
1464 1.181186
1465 1.181314
1466 1.181734
1467 1.182152
1468 1.182718
1469 1.182784
1470 1.182278
1471 1.181710
1472 1.181654
1473 1.181564
1474 1.181724
1475 1.181592
1476 1.181964
1477 1.182028
1478 1.181796
1479 1.181566
1480 1.182434
1481 1.182418
1482 1.182696
1483 1.182860
1484 1.183540
1485 1.183650
1486 1.183464
1487 1.182796
1488 1.182334
1489 1.182190
1490 1.182238
1491 1.182012
1492 1.181944
1493 1.180746
1494 1.180570
1495 1.180948
1496 1.181310
1497 1.181306
1498 1.181384
1499 1.181168
1500 1.181088
1501 1.181216
1502 1.181330
1503 1.181690
1504 1.181740
1505 1.181930
1506 1.181916
1507 1.181546
1508 1.181388
1509 1.181156
1510 1.181944
1511 1.181430
1512 1.181500
1513 1.181310
1514 1.181010
1515 1.181428
1516 1.181642
1517 1.181572
1518 1.181716
1519 1.182390
1520 1.182406
1521 1.182124
1522 1.182674
1523 1.183192
1524 1.182910
1525 1.183188
1526 1.182458
1527 1.182020
1528 1.181656
1529 1.181898
1530 1.182196
1531 1.181890
1532 1.181944
1533 1.182446
1534 1.182534
1535 1.182684
1536 1.182030
1537 1.181854
1538 1.181492
1539 1.181338
1540 1.181802
1541 1.180762
1542 1.181326
1543 1.181868
1544 1.181930
1545 1.181774
1546 1.181522
1547 1.181466
1548 1.181744
1549 1.181718
1550 1.181940
1551 1.181726
1552 1.181426
1553 1.181936
1554 1.181094
1555 1.180684
1556 1.180560
1557 1.180932
1558 1.180934
1559 1.180896
1560 1.181086
1561 1.180548
1562 1.180682
1563 1.180688
1564 1.180808
1565 1.181438
1566 1.181294
1567 1.181472
1568 1.181092
1569 1.182124
1570 1.182296
1571 1.182344
1572 1.182044
1573 1.182662
1574 1.181852
1575 1.181798
1576 1.181902
1577 1.181898
1578 1.181924
1579 1.181700
1580 1.181640
1581 1.181582
1582 1.182146
1583 1.182070
1584 1.182366
1585 1.182354
1586 1.182384
1587 1.182534
1588 1.182208
1589 1.181622
1590 1.181594
1591 1.181684
1592 1.182012
1593 1.182028
1594 1.181422
1595 1.181690
1596 1.181784
1597 1.181826
1598 1.182032
1599 1.181518
1600 1.181324
1601 1.181716
1602 1.181818
1603 1.181478
1604 1.181674
1605 1.181660
1606 1.181798
1607 1.181562
1608 1.181828
1609 1.181752
1610 1.181566
1611 1.181324
1612 1.180994
1613 1.180606
1614 1.180678
1615 1.181334
1616 1.181820
1617 1.181660
1618 1.181676
1619 1.181804
1620 1.182072
1621 1.182156
1622 1.182544
1623 1.182182
1624 1.182540
1625 1.182634
1626 1.183630
1627 1.183950
1628 1.183846
1629 1.183880
1630 1.183350
1631 1.182444
1632 1.182386
1633 1.182064
1634 1.181726
1635 1.182144
1636 1.182040
1637 1.182234
1638 1.182538
1639 1.182532
1640 1.182092
1641 1.181466
1642 1.181550
1643 1.181616
1644 1.181900
1645 1.182036
1646 1.181798
1647 1.181986
1648 1.181976
1649 1.182076
1650 1.182630
1651 1.182756
1652 1.183308
1653 1.183332
1654 1.182986
1655 1.182980
1656 1.182742
1657 1.182848
1658 1.182914
1659 1.182806
1660 1.183408
1661 1.183320
1662 1.183514
1663 1.183652
1664 1.183140
1665 1.182734
1666 1.182988
1667 1.183320
1668 1.183040
1669 1.182518
1670 1.182556
1671 1.182022
1672 1.182078
1673 1.182342
1674 1.182426
1675 1.182214
1676 1.182416
1677 1.182322
1678 1.182606
1679 1.182122
1680 1.182898
1681 1.182540
1682 1.182842
1683 1.182510
1684 1.182442
1685 1.181936
1686 1.182256
1687 1.182110
1688 1.182722
1689 1.182716
1690 1.182614
1691 1.182208
1692 1.181712
1693 1.181974
1694 1.181278
1695 1.181650
1696 1.181402
1697 1.181094
1698 1.180984
1699 1.180502
1700 1.180198
1701 1.180756
1702 1.180584
1703 1.180970
1704 1.180966
1705 1.180794
1706 1.180374
1707 1.180646
1708 1.180508
1709 1.181092
1710 1.181066
1711 1.180252
1712 1.179942
1713 1.180296
1714 1.180148
1715 1.180270
1716 1.180250
1717 1.180380
1718 1.181108
1719 1.181208
1720 1.180860
1721 1.181132
1722 1.182042
1723 1.182066
1724 1.181502
1725 1.182156
1726 1.183014
1727 1.182654
1728 1.182372
1729 1.182330
1730 1.182890
1731 1.182988
1732 1.182990
1733 1.183098
1734 1.182900
1735 1.182630
1736 1.182446
1737 1.182654
1738 1.182862
1739 1.182496
1740 1.182800
1741 1.182676
1742 1.182426
1743 1.182598
1744 1.182096
1745 1.182324
1746 1.181590
1747 1.180760
1748 1.181070
1749 1.181056
1750 1.180528
1751 1.180768
1752 1.180572
1753 1.180594
1754 1.181182
1755 1.181602
1756 1.182198
1757 1.181760
1758 1.181714
1759 1.182110
1760 1.182056
1761 1.181710
1762 1.181392
1763 1.181462
1764 1.181302
1765 1.181288
1766 1.180810
1767 1.181416
1768 1.182160
1769 1.182318
1770 1.181538
1771 1.181248
1772 1.180436
1773 1.180752
1774 1.180726
1775 1.180824
1776 1.181394
1777 1.181210
1778 1.180972
1779 1.181010
1780 1.181066
1781 1.180510
1782 1.180818
1783 1.181092
1784 1.181194
1785 1.181126
1786 1.181904
1787 1.181862
1788 1.181878
1789 1.181272
1790 1.180924
1791 1.180400
1792 1.180994
1793 1.181166
1794 1.180786
1795 1.181070
1796 1.181572
1797 1.181076
1798 1.180572
1799 1.180510
1800 1.180832
1801 1.180990
1802 1.180982
1803 1.181258
1804 1.181460
1805 1.181914
1806 1.181810
1807 1.182036
1808 1.182572
1809 1.182958
1810 1.183054
1811 1.183178
1812 1.182936
1813 1.182476
1814 1.182934
1815 1.182658
1816 1.183226
1817 1.182550
1818 1.182598
1819 1.182684
1820 1.182626
1821 1.182276
1822 1.182320
1823 1.182172
1824 1.181502
1825 1.181712
1826 1.181982
1827 1.181220
1828 1.182284
1829 1.182174
1830 1.182632
1831 1.182284
1832 1.182512
1833 1.181804
1834 1.181788
1835 1.182038
1836 1.182528
1837 1.182984
1838 1.182802
1839 1.182802
1840 1.182270
1841 1.182768
1842 1.183160
1843 1.182988
1844 1.182458
1845 1.183380
1846 1.183866
1847 1.183906
1848 1.183918
1849 1.184216
1850 1.184210
1851 1.183970
1852 1.184388
1853 1.185002
1854 1.184906
1855 1.184652
1856 1.184718
1857 1.184848
1858 1.184940
1859 1.184800
1860 1.184488
1861 1.184192
1862 1.183664
1863 1.184008
1864 1.184254
1865 1.184432
1866 1.184858
1867 1.184530
1868 1.185144
1869 1.184872
1870 1.185630
1871 1.184764
1872 1.184200
1873 1.184412
1874 1.184470
1875 1.183526
1876 1.183870
1877 1.183998
1878 1.184294
1879 1.183900
1880 1.183584
1881 1.183500
1882 1.183740
1883 1.183250
1884 1.183166
1885 1.183270
1886 1.183134
1887 1.183016
1888 1.182860
1889 1.182802
1890 1.182612
1891 1.182482
1892 1.182704
1893 1.181936
1894 1.182208
1895 1.182562
1896 1.182380
1897 1.181992
1898 1.182548
1899 1.182408
1900 1.182370
1901 1.182328
1902 1.181988
1903 1.182422
1904 1.181980
1905 1.182474
1906 1.182378
1907 1.182856
1908 1.183198
1909 1.183650
1910 1.183152
1911 1.182974
1912 1.182518
1913 1.182796
1914 1.183138
1915 1.183176
1916 1.183236
1917 1.182776
1918 1.182078
1919 1.182304
1920 1.182262
1921 1.182566
1922 1.183072
1923 1.182990
1924 1.182528
1925 1.181864
1926 1.182332
1927 1.182548
1928 1.183226
1929 1.183448
1930 1.183448
1931 1.182930
1932 1.182820
1933 1.183486
1934 1.184126
1935 1.184382
1936 1.184764
1937 1.184356
1938 1.184770
1939 1.184946
1940 1.185310
1941 1.186044
1942 1.185880
1943 1.185522
1944 1.185172
1945 1.185946
1946 1.185804
1947 1.185772
1948 1.186432
1949 1.185772
1950 1.185454
1951 1.185912
1952 1.185918
1953 1.186162
1954 1.185672
1955 1.185504
1956 1.184722
1957 1.184666
1958 1.184984
1959 1.184828
1960 1.185166
1961 1.185334
1962 1.185192
1963 1.184998
1964 1.184810
1965 1.183872
1966 1.184214
1967 1.184374
1968 1.184580
1969 1.184698
1970 1.184718
1971 1.184708
1972 1.184450
1973 1.184436
1974 1.184086
1975 1.184092
1976 1.184112
1977 1.184070
1978 1.184688
1979 1.184282
1980 1.184118
1981 1.183958
1982 1.183992
1983 1.183852
1984 1.183438
1985 1.183084
1986 1.183482
1987 1.183354
1988 1.183836
1989 1.183506
1990 1.184002
1991 1.183626
1992 1.183912
1993 1.184144
1994 1.184934
1995 1.184762
1996 1.184328
1997 1.184284
1998 1.183518
1999 1.183302
2000 1.183284
2001 1.183242
2002 1.182970
2003 1.183098
2004 1.183322
2005 1.182508
2006 1.182422
2007 1.181888
2008 1.182108
2009 1.181926
2010 1.181940
2011 1.182772
2012 1.182790
2013 1.182016
2014 1.182108
2015 1.181420
2016 1.181514
2017 1.181546
2018 1.181622
2019 1.180990
2020 1.180360
2021 1.180654
2022 1.180952
2023 1.180462
2024 1.180944
2025 1.181144
2026 1.181246
2027 1.181608
2028 1.181746
2029 1.181878
2030 1.182076
2031 1.181906
2032 1.181526
2033 1.181778
2034 1.182278
2035 1.182074
2036 1.182758
2037 1.182604
2038 1.183400
2039 1.183756
2040 1.183488
2041 1.183686
2042 1.182872
2043 1.182944
2044 1.183262
2045 1.182762
2046 1.182830
2047 1.182262
2048 1.182132
2049 1.181980
2050 1.181840
2051 1.182444
2052 1.182990
2053 1.183046
2054 1.182928
2055 1.182822
2056 1.182072
2057 1.182640
2058 1.182624
2059 1.182076
2060 1.182196
2061 1.182056
2062 1.182148
2063 1.182516
2064 1.182982
2065 1.182952
2066 1.182222
2067 1.181556
2068 1.181660
2069 1.182110
2070 1.182126
2071 1.182098
2072 1.182052
2073 1.182434
2074 1.182054
2075 1.182094
2076 1.182092
2077 1.182086
2078 1.182390
2079 1.182392
2080 1.182968
2081 1.182764
2082 1.183192
2083 1.183254
2084 1.183426
2085 1.183312
2086 1.183708
2087 1.183746
2088 1.183560
2089 1.184186
2090 1.184092
2091 1.184096
2092 1.184196
2093 1.184704
2094 1.184388
2095 1.184272
2096 1.183920
2097 1.183800
2098 1.183828
2099 1.183476
2100 1.183448
2101 1.183526
2102 1.183986
2103 1.184788
2104 1.185244
2105 1.185018
2106 1.184414
2107 1.184258
2108 1.184258
2109 1.184102
2110 1.184038
2111 1.183896
2112 1.183796
2113 1.183720
2114 1.183540
2115 1.184094
2116 1.184192
2117 1.184200
2118 1.184062
2119 1.183344
2120 1.183368
2121 1.183064
2122 1.183174
2123 1.183520
2124 1.183530
2125 1.182896
2126 1.183230
2127 1.183094
2128 1.183142
2129 1.183200
2130 1.183364
2131 1.183746
2132 1.183510
2133 1.183392
2134 1.183356
2135 1.183556
2136 1.183440
2137 1.183514
2138 1.183938
2139 1.184042
2140 1.183908
2141 1.184412
2142 1.184180
2143 1.184528
2144 1.184274
2145 1.184158
2146 1.184182
2147 1.183684
2148 1.184012
2149 1.184340
2150 1.184014
2151 1.183756
2152 1.183236
2153 1.183334
2154 1.183278
2155 1.184072
2156 1.183516
2157 1.183976
2158 1.183464
2159 1.183236
2160 1.183450
2161 1.183786
2162 1.183638
2163 1.183938
2164 1.183494
2165 1.183708
2166 1.183812
2167 1.183460
2168 1.183706
2169 1.184148
2170 1.184018
2171 1.184348
2172 1.184490
2173 1.184152
2174 1.184324
2175 1.184608
2176 1.184402
2177 1.184096
2178 1.183900
2179 1.183882
2180 1.182676
2181 1.182510
2182 1.183028
2183 1.183268
2184 1.182742
2185 1.182962
2186 1.182630
2187 1.182674
2188 1.183140
2189 1.182658
2190 1.182620
2191 1.182586
2192 1.181646
2193 1.181946
2194 1.182158
2195 1.182076
2196 1.182162
2197 1.182364
2198 1.181924
2199 1.182390
2200 1.182422
2201 1.182102
2202 1.182146
2203 1.182510
2204 1.182112
2205 1.182312
2206 1.183508
2207 1.184018
2208 1.184118
2209 1.184150
2210 1.184058
2211 1.183642
2212 1.182848
2213 1.182782
2214 1.182248
2215 1.182642
2216 1.183172
2217 1.183558
2218 1.183664
2219 1.183256
2220 1.183374
2221 1.183518
2222 1.183458
2223 1.183648
2224 1.183672
2225 1.183686
2226 1.183278
2227 1.183272
2228 1.183700
2229 1.183872
2230 1.183522
2231 1.184026
2232 1.183718
2233 1.183608
2234 1.183320
2235 1.182910
2236 1.183138
2237 1.182972
2238 1.182922
2239 1.182892
2240 1.182788
2241 1.183148
2242 1.182874
2243 1.182654
2244 1.183090
2245 1.183518
2246 1.183138
2247 1.183348
2248 1.183076
2249 1.182984
2250 1.182388
2251 1.182692
2252 1.182534
2253 1.182870
2254 1.182748
2255 1.182758
2256 1.182496
2257 1.182986
2258 1.182950
2259 1.182736
2260 1.182886
2261 1.182830
2262 1.183164
2263 1.183380
2264 1.183534
2265 1.183756
2266 1.183852
2267 1.183976
2268 1.182874
2269 1.182674
2270 1.182810
2271 1.183236
2272 1.184026
2273 1.183604
2274 1.182978
2275 1.182764
2276 1.182692
2277 1.182788
2278 1.182706
2279 1.182726
2280 1.183006
2281 1.183158
2282 1.183344
2283 1.184006
2284 1.183926
2285 1.183686
2286 1.182998
2287 1.183466
2288 1.183804
2289 1.182912
2290 1.182548
2291 1.182520
2292 1.182980
2293 1.182554
2294 1.182234
2295 1.182194
2296 1.182054
2297 1.181730
2298 1.182200
2299 1.182776
2300 1.183004
2301 1.183196
2302 1.183560
2303 1.182988
2304 1.183254
2305 1.182918
2306 1.182910
2307 1.182966
2308 1.183162
2309 1.182704
2310 1.182730
2311 1.183240
2312 1.183358
2313 1.182768
2314 1.182962
2315 1.182426
2316 1.183028
2317 1.182954
2318 1.183184
2319 1.184324
2320 1.183952
2321 1.184162
2322 1.183632
2323 1.183722
2324 1.184464
2325 1.183838
2326 1.184376
2327 1.184400
2328 1.184458
2329 1.184746
2330 1.184848
2331 1.184688
2332 1.184422
2333 1.183976
2334 1.183746
2335 1.183758
2336 1.183870
2337 1.184020
2338 1.183614
2339 1.183554
2340 1.183932
2341 1.184112
2342 1.184438
2343 1.184180
2344 1.183956
2345 1.184150
2346 1.183788
2347 1.183482
2348 1.184004
2349 1.183634
2350 1.183524
2351 1.183776
2352 1.184522
2353 1.184024
2354 1.184024
2355 1.183568
2356 1.183190
2357 1.183188
2358 1.183024
2359 1.182266
2360 1.182636
2361 1.182634
2362 1.182618
2363 1.182848
2364 1.182814
2365 1.182936
2366 1.183576
2367 1.183896
2368 1.184580
2369 1.184412
2370 1.184416
2371 1.183918
2372 1.183942
2373 1.183856
2374 1.184614
2375 1.184990
2376 1.184800
2377 1.184970
2378 1.184274
2379 1.184546
2380 1.184540
2381 1.184286
2382 1.184680
2383 1.184950
2384 1.185024
2385 1.185252
2386 1.185042
2387 1.184620
2388 1.184840
2389 1.184778
2390 1.184860
2391 1.185528
2392 1.185588
2393 1.185084
2394 1.184826
2395 1.185232
2396 1.185214
2397 1.185454
2398 1.185350
2399 1.185054
2400 1.185076
2401 1.185444
2402 1.185538
2403 1.186084
2404 1.185816
2405 1.186210
2406 1.185644
2407 1.185702
2408 1.184844
2409 1.184248
2410 1.184120
2411 1.184068
2412 1.184334
2413 1.183774
2414 1.183374
2415 1.183334
2416 1.183492
2417 1.183378
2418 1.183150
2419 1.183534
2420 1.184002
2421 1.184380
2422 1.184462
2423 1.183724
2424 1.183802
2425 1.183620
2426 1.183730
2427 1.184004
2428 1.184552
2429 1.184592
2430 1.184272
2431 1.184222
2432 1.184202
2433 1.184180
2434 1.183796
2435 1.183070
2436 1.183352
2437 1.183156
2438 1.183908
2439 1.183694
2440 1.183384
2441 1.182784
2442 1.182528
2443 1.183300
2444 1.183548
2445 1.183568
2446 1.183480
2447 1.183930
2448 1.183990
2449 1.183920
2450 1.184266
2451 1.184978
2452 1.184704
2453 1.184780
2454 1.184690
2455 1.184076
2456 1.184252
2457 1.184728
2458 1.184476
2459 1.184314
2460 1.184054
2461 1.183834
2462 1.184080
2463 1.184722
2464 1.184552
2465 1.184762
2466 1.184640
2467 1.184870
2468 1.184666
2469 1.184752
2470 1.184664
2471 1.184834
2472 1.184560
2473 1.184920
2474 1.184660
2475 1.183902
2476 1.183848
2477 1.184140
2478 1.183966
2479 1.183636
2480 1.183512
2481 1.183342
2482 1.183186
2483 1.182896
2484 1.182464
2485 1.182410
2486 1.182090
2487 1.181946
2488 1.182698
2489 1.181856
2490 1.181382
2491 1.181736
2492 1.181234
2493 1.181242
2494 1.181786
2495 1.181944
2496 1.182162
2497 1.182376
2498 1.182218
2499 1.181982
2500 1.182388
2501 1.182362
2502 1.181426
2503 1.181320
2504 1.181130
2505 1.181238
2506 1.181332
2507 1.181374
2508 1.181610
2509 1.182262
2510 1.182298
2511 1.182026
2512 1.181804
2513 1.181390
2514 1.181052
2515 1.181716
2516 1.181256
2517 1.181260
2518 1.181744
2519 1.181728
2520 1.181886
2521 1.181912
2522 1.181802
2523 1.182194
2524 1.182226
2525 1.182358
2526 1.182224
2527 1.181710
2528 1.181542
2529 1.181660
2530 1.181752
2531 1.181710
2532 1.182106
2533 1.181986
2534 1.182352
2535 1.182688
2536 1.182276
2537 1.182152
2538 1.181928
2539 1.182572
2540 1.182514
2541 1.181666
2542 1.181776
2543 1.181010
2544 1.180368
2545 1.179760
2546 1.179828
2547 1.180330
2548 1.180428
2549 1.180640
2550 1.180460
2551 1.180636
2552 1.180200
2553 1.179980
2554 1.179630
2555 1.180342
2556 1.180876
2557 1.179936
2558 1.180602
2559 1.181104
2560 1.180794
2561 1.181076
2562 1.180814
2563 1.180444
2564 1.180034
2565 1.179752
2566 1.180416
2567 1.180864
2568 1.180806
2569 1.181158
2570 1.180890
2571 1.180924
2572 1.181236
2573 1.180948
2574 1.180534
2575 1.179820
2576 1.179130
2577 1.179514
2578 1.178730
2579 1.178772
2580 1.179080
2581 1.179360
2582 1.179896
2583 1.180274
2584 1.180232
2585 1.179566
2586 1.179986
2587 1.180726
2588 1.180462
2589 1.180742
2590 1.180746
2591 1.179900
2592 1.180510
2593 1.180154
2594 1.179996
2595 1.179562
2596 1.180224
2597 1.180156
2598 1.180238
2599 1.179762
2600 1.179808
2601 1.179440
2602 1.179596
2603 1.179710
2604 1.179886
2605 1.179728
2606 1.179884
2607 1.180320
2608 1.180642
2609 1.181734
2610 1.181158
2611 1.180726
2612 1.181110
2613 1.181658
2614 1.181676
2615 1.181198
2616 1.181682
2617 1.180996
2618 1.180628
2619 1.180848
2620 1.180564
2621 1.180830
2622 1.180674
2623 1.179940
2624 1.180254
2625 1.180490
2626 1.180432
2627 1.180446
2628 1.180374
2629 1.179822
2630 1.179808
2631 1.180126
2632 1.179972
2633 1.180358
2634 1.179952
2635 1.180216
2636 1.180174
2637 1.180874
2638 1.180798
2639 1.181286
2640 1.181290
2641 1.181442
2642 1.181072
2643 1.181596
2644 1.180288
2645 1.180388
2646 1.180414
2647 1.180986
2648 1.181266
2649 1.181490
2650 1.180660
2651 1.180354
2652 1.180376
2653 1.180394
2654 1.180732
2655 1.181072
2656 1.181616
2657 1.181544
2658 1.181058
2659 1.180524
2660 1.180320
2661 1.181100
2662 1.181120
2663 1.180902
2664 1.180958
2665 1.180976
2666 1.181102
2667 1.181454
2668 1.181792
2669 1.181794
2670 1.181782
2671 1.181010
2672 1.180932
2673 1.180522
2674 1.180628
2675 1.180536
2676 1.180908
2677 1.180998
2678 1.181138
2679 1.181406
2680 1.181740
2681 1.181572
2682 1.181110
2683 1.181670
2684 1.181668
2685 1.181390
2686 1.181664
2687 1.182198
2688 1.182044
2689 1.182026
2690 1.182412
2691 1.182948
2692 1.182734
2693 1.182562
2694 1.182396
2695 1.182714
2696 1.182658
2697 1.182648
2698 1.182866
2699 1.182986
2700 1.183996
2701 1.184158
2702 1.183808
2703 1.183284
2704 1.183936
2705 1.183336
2706 1.182488
2707 1.182674
2708 1.183190
2709 1.183064
2710 1.183062
2711 1.183636
2712 1.183880
2713 1.183824
2714 1.183384
2715 1.183148
2716 1.182822
2717 1.182442
2718 1.182490
2719 1.182682
2720 1.182208
2721 1.182396
2722 1.182442
2723 1.183010
2724 1.182718
2725 1.182984
2726 1.182992
2727 1.183264
2728 1.182750
2729 1.182870
2730 1.182940
2731 1.182762
2732 1.182058
2733 1.181840
2734 1.182044
2735 1.181650
2736 1.181234
2737 1.181754
2738 1.180990
2739 1.181404
2740 1.181502
2741 1.181492
2742 1.181792
2743 1.182226
2744 1.181968
2745 1.182576
2746 1.181956
2747 1.182306
2748 1.181920
2749 1.181426
2750 1.181872
2751 1.181672
2752 1.181616
2753 1.181802
2754 1.181282
2755 1.180668
2756 1.181012
2757 1.181484
2758 1.181352
2759 1.181128
2760 1.181072
2761 1.181086
2762 1.181268
2763 1.181286
2764 1.182150
2765 1.181882
2766 1.182048
2767 1.181920
2768 1.182694
2769 1.182862
2770 1.183258
2771 1.182758
2772 1.182130
2773 1.181618
2774 1.182262
2775 1.182176
2776 1.182414
2777 1.181996
2778 1.181922
2779 1.181898
2780 1.181884
2781 1.181694
2782 1.181396
2783 1.181380
2784 1.181426
2785 1.181508
2786 1.181232
2787 1.180720
2788 1.180644
2789 1.180774
2790 1.181338
2791 1.181646
2792 1.181542
2793 1.181680
2794 1.181614
2795 1.181214
2796 1.181760
2797 1.181988
2798 1.181906
2799 1.181354
2800 1.181660
2801 1.181784
2802 1.182056
2803 1.182190
2804 1.182370
2805 1.182548
2806 1.183202
2807 1.183400
2808 1.183338
2809 1.183432
2810 1.182632
2811 1.182602
2812 1.182318
2813 1.182100
2814 1.181870
2815 1.181892
2816 1.181692
2817 1.181176
2818 1.181756
2819 1.181610
2820 1.181308
2821 1.180754
2822 1.181702
2823 1.181738
2824 1.182024
2825 1.182638
2826 1.182208
2827 1.181934
2828 1.182088
2829 1.182972
2830 1.183388
2831 1.183574
2832 1.183284
2833 1.183220
2834 1.182988
2835 1.183064
2836 1.183028
2837 1.182888
2838 1.182694
2839 1.182272
2840 1.182956
2841 1.182730
2842 1.182560
2843 1.182330
2844 1.182100
2845 1.181794
2846 1.181440
2847 1.181472
2848 1.181516
2849 1.181964
2850 1.182136
2851 1.182210
2852 1.182294
2853 1.181688
2854 1.181974
2855 1.182418
2856 1.182256
2857 1.181874
2858 1.181040
2859 1.181530
2860 1.181624
2861 1.181860
2862 1.181626
2863 1.182052
2864 1.181968
2865 1.181846
2866 1.180754
2867 1.180556
2868 1.180952
2869 1.180962
2870 1.180888
2871 1.180522
2872 1.180416
2873 1.180106
2874 1.180396
2875 1.180858
2876 1.181050
2877 1.181678
2878 1.182192
2879 1.181426
2880 1.181638
2881 1.181334
2882 1.182012
2883 1.181856
2884 1.181448
2885 1.181158
2886 1.181048
2887 1.181258
2888 1.181612
2889 1.181402
2890 1.181922
2891 1.182174
2892 1.182468
2893 1.182034
2894 1.182412
2895 1.182686
2896 1.182330
2897 1.182226
2898 1.182284
2899 1.182492
2900 1.182868
2901 1.182104
2902 1.182852
2903 1.182788
2904 1.182990
2905 1.183198
2906 1.183458
2907 1.183370
2908 1.183362
2909 1.183126
2910 1.183260
2911 1.183372
2912 1.183142
2913 1.182456
2914 1.182272
2915 1.182538
2916 1.182110
2917 1.182478
2918 1.182862
2919 1.182942
2920 1.182500
2921 1.182306
2922 1.182276
2923 1.182578
2924 1.182756
2925 1.182964
2926 1.182596
2927 1.182524
2928 1.181918
2929 1.181876
2930 1.181780
2931 1.182138
2932 1.182518
2933 1.182658
2934 1.181842
2935 1.181282
2936 1.181892
2937 1.181854
2938 1.182614
2939 1.183206
2940 1.182764
2941 1.182806
2942 1.182716
2943 1.182624
2944 1.182332
2945 1.182718
2946 1.182572
2947 1.182968
2948 1.182258
2949 1.181532
2950 1.181828
2951 1.181436
2952 1.181740
2953 1.181986
2954 1.181594
2955 1.180814
2956 1.181300
2957 1.181430
2958 1.180978
2959 1.181102
2960 1.180242
2961 1.179940
2962 1.179962
2963 1.179896
2964 1.180608
2965 1.179298
2966 1.179648
2967 1.179848
2968 1.179890
2969 1.180206
2970 1.180736
2971 1.180928
2972 1.180886
2973 1.180482
2974 1.180518
2975 1.180668
2976 1.180510
2977 1.180836
2978 1.181186
2979 1.181086
2980 1.181754
2981 1.181594
2982 1.181414
2983 1.181040
2984 1.181676
2985 1.181472
2986 1.181530
2987 1.181662
2988 1.181888
2989 1.182126
2990 1.182684
2991 1.182624
2992 1.183082
2993 1.182308
2994 1.182918
2995 1.182140
2996 1.182018
2997 1.182158
2998 1.182768
2999 1.182354
3000 1.182106
3001 1.182344
3002 1.183142
3003 1.182682
3004 1.182220
3005 1.182180
3006 1.182110
3007 1.182134
3008 1.181816
3009 1.181882
3010 1.181284
3011 1.181476
3012 1.182058
3013 1.182072
3014 1.182412
3015 1.182302
3016 1.182936
3017 1.183170
3018 1.183088
3019 1.183018
3020 1.182218
3021 1.182166
3022 1.181958
3023 1.182112
3024 1.182096
3025 1.181924
3026 1.182502
3027 1.182958
3028 1.182080
3029 1.182540
3030 1.183146
3031 1.183280
3032 1.183434
3033 1.182784
3034 1.182118
3035 1.182458
3036 1.182870
3037 1.183616
3038 1.182974
3039 1.182598
3040 1.183090
3041 1.182746
3042 1.182892
3043 1.182482
3044 1.182770
3045 1.182562
3046 1.182240
3047 1.181854
3048 1.181222
3049 1.181986
3050 1.182176
3051 1.182060
3052 1.182156
3053 1.182666
3054 1.183766
3055 1.183816
3056 1.184050
3057 1.184526
3058 1.184848
3059 1.185158
3060 1.185388
3061 1.185536
3062 1.184816
3063 1.184252
3064 1.184652
3065 1.184632
3066 1.185080
3067 1.184536
3068 1.184616
3069 1.185110
3070 1.184460
3071 1.184460
3072 1.183810
3073 1.184614
3074 1.185236
3075 1.184344
3076 1.183528
3077 1.183416
3078 1.182950
3079 1.182802
3080 1.183054
3081 1.182772
3082 1.183120
3083 1.183262
3084 1.183076
3085 1.183176
3086 1.183982
3087 1.183714
3088 1.183196
3089 1.183452
3090 1.183304
3091 1.182944
3092 1.183222
3093 1.182950
3094 1.182896
3095 1.182956
3096 1.183060
3097 1.182946
3098 1.182604
3099 1.182728
3100 1.183276
3101 1.183372
3102 1.183952
3103 1.183580
3104 1.183670
3105 1.183820
3106 1.183880
3107 1.183714
3108 1.183802
3109 1.183684
3110 1.183760
3111 1.183610
3112 1.183996
3113 1.183684
3114 1.183094
3115 1.183012
3116 1.182734
3117 1.182132
3118 1.181586
3119 1.181866
3120 1.181456
3121 1.181292
3122 1.181222
3123 1.181132
3124 1.181792
3125 1.182046
3126 1.181630
3127 1.181838
3128 1.182360
3129 1.182490
3130 1.182352
3131 1.181740
3132 1.181444
3133 1.180798
3134 1.180606
3135 1.180632
3136 1.181400
3137 1.183052
3138 1.182822
3139 1.182940
3140 1.182354
3141 1.182464
3142 1.181626
3143 1.181410
3144 1.181676
3145 1.181944
3146 1.181876
3147 1.181824
3148 1.181818
3149 1.181688
3150 1.181756
3151 1.181734
3152 1.181828
3153 1.182026
3154 1.182126
3155 1.182448
3156 1.182708
3157 1.183236
3158 1.183398
3159 1.184138
3160 1.184064
3161 1.183796
3162 1.184054
3163 1.184246
3164 1.184488
3165 1.184016
3166 1.183952
3167 1.183738
3168 1.183820
3169 1.183430
3170 1.182886
3171 1.182766
3172 1.182914
3173 1.183234
3174 1.183474
3175 1.183070
3176 1.182880
3177 1.183190
3178 1.184030
3179 1.184052
3180 1.183848
3181 1.183134
3182 1.182752
3183 1.183030
3184 1.184106
3185 1.183548
3186 1.184222
3187 1.184052
3188 1.184366
3189 1.184144
3190 1.184498
3191 1.184238
3192 1.183364
3193 1.183414
3194 1.183282
3195 1.183312
3196 1.183194
3197 1.183136
3198 1.183020
3199 1.182676
3200 1.182930
3201 1.183296
3202 1.183426
3203 1.183488
3204 1.183548
3205 1.182898
3206 1.182672
3207 1.182730
3208 1.182468
3209 1.183030
3210 1.183612
3211 1.183592
3212 1.182838
3213 1.182836
3214 1.183456
3215 1.183908
3216 1.184390
3217 1.184580
3218 1.184824
3219 1.185238
3220 1.184954
3221 1.184890
3222 1.184916
3223 1.185764
3224 1.185846
3225 1.185926
3226 1.185432
3227 1.185092
3228 1.185384
3229 1.185096
3230 1.185550
3231 1.186280
3232 1.186412
3233 1.185872
3234 1.185968
3235 1.186592
3236 1.187112
3237 1.187050
3238 1.187334
3239 1.187274
3240 1.187434
3241 1.186640
3242 1.186474
3243 1.186670
3244 1.186710
3245 1.186696
3246 1.186216
3247 1.185872
3248 1.185508
3249 1.184878
3250 1.184794
3251 1.184544
3252 1.184938
3253 1.184974
3254 1.184832
3255 1.184196
3256 1.184170
3257 1.184108
3258 1.183918
3259 1.184004
3260 1.184012
3261 1.183192
3262 1.183220
3263 1.183334
3264 1.183356
3265 1.183422
3266 1.183298
3267 1.183250
3268 1.183308
3269 1.183250
3270 1.183520
3271 1.183944
3272 1.183064
3273 1.183082
3274 1.183174
3275 1.182522
3276 1.182514
3277 1.182624
3278 1.183290
3279 1.183864
3280 1.184474
3281 1.184516
3282 1.184374
3283 1.184244
3284 1.183844
3285 1.183850
3286 1.184806
3287 1.185272
3288 1.185306
3289 1.184442
3290 1.184204
3291 1.184594
3292 1.184208
3293 1.184076
3294 1.184470
3295 1.184568
3296 1.184164
3297 1.183460
3298 1.183386
3299 1.182670
3300 1.182310
3301 1.182482
3302 1.182488
3303 1.182224
3304 1.182212
3305 1.182224
3306 1.181820
3307 1.181288
3308 1.181218
3309 1.181430
3310 1.181474
3311 1.181048
3312 1.181692
3313 1.182104
3314 1.181934
3315 1.181354
3316 1.181354
3317 1.181268
3318 1.181574
3319 1.181414
3320 1.181934
3321 1.182296
3322 1.182456
3323 1.182742
3324 1.183248
3325 1.183828
3326 1.183704
3327 1.184234
3328 1.184324
3329 1.183962
3330 1.183748
3331 1.183790
3332 1.183262
3333 1.183268
3334 1.183612
3335 1.183538
3336 1.183682
3337 1.183364
3338 1.183692
3339 1.183806
3340 1.183632
3341 1.182822
3342 1.182938
3343 1.182214
3344 1.181850
3345 1.181656
3346 1.181808
3347 1.181602
3348 1.181546
3349 1.181784
3350 1.181532
3351 1.182248
3352 1.182674
3353 1.182544
3354 1.182812
3355 1.183002
3356 1.183430
3357 1.182920
3358 1.183396
3359 1.183504
3360 1.183096
3361 1.183274
3362 1.183168
3363 1.182966
3364 1.183066
3365 1.182880
3366 1.182820
3367 1.183046
3368 1.182756
3369 1.183068
3370 1.182816
3371 1.182648
3372 1.183048
3373 1.183802
3374 1.184196
3375 1.184408
3376 1.184178
3377 1.183974
3378 1.184468
3379 1.183836
3380 1.183450
3381 1.183840
3382 1.183230
3383 1.182482
3384 1.182024
3385 1.181752
3386 1.182302
3387 1.181196
3388 1.180982
3389 1.181198
3390 1.181294
3391 1.181416
3392 1.181680
3393 1.181422
3394 1.181468
3395 1.181374
3396 1.181160
3397 1.180910
3398 1.180790
3399 1.181318
3400 1.181904
3401 1.181932
3402 1.181934
3403 1.181844
3404 1.181886
3405 1.182016
3406 1.182266
3407 1.183218
3408 1.183124
3409 1.182506
3410 1.182960
3411 1.182358
3412 1.182332
3413 1.182082
3414 1.182158
3415 1.182056
3416 1.182018
3417 1.181646
3418 1.181440
3419 1.181664
3420 1.182370
3421 1.182208
3422 1.181966
3423 1.181826
3424 1.181408
3425 1.182028
3426 1.182098
3427 1.182378
3428 1.183188
3429 1.183086
3430 1.182830
3431 1.182896
3432 1.182488
3433 1.182420
3434 1.181824
3435 1.181778
3436 1.181492
3437 1.181862
3438 1.181986
3439 1.181620
3440 1.182084
3441 1.182622
3442 1.182792
3443 1.183192
3444 1.183686
3445 1.183662
3446 1.183820
3447 1.183738
3448 1.182928
3449 1.182874
3450 1.182714
3451 1.182850
3452 1.182464
3453 1.182536
3454 1.182880
3455 1.183106
3456 1.182856
3457 1.182900
3458 1.182644
3459 1.183374
3460 1.183742
3461 1.184206
3462 1.183496
3463 1.183570
3464 1.183168
3465 1.183122
3466 1.183244
3467 1.183170
3468 1.182712
3469 1.182568
3470 1.182564
3471 1.183088
3472 1.183334
3473 1.183752
3474 1.183926
3475 1.183106
3476 1.182536
3477 1.182542
3478 1.182968
3479 1.183282
3480 1.183460
3481 1.183658
3482 1.184294
3483 1.184714
3484 1.184510
3485 1.184280
3486 1.184522
3487 1.184710
3488 1.184858
3489 1.184762
3490 1.184440
3491 1.183818
3492 1.183916
3493 1.183730
3494 1.183996
3495 1.183736
3496 1.183930
3497 1.184248
3498 1.183830
3499 1.183958
3500 1.183514
3501 1.183414
3502 1.183276
3503 1.183532
3504 1.183530
3505 1.183760
3506 1.183984
3507 1.184308
3508 1.184706
3509 1.185240
3510 1.185404
3511 1.185146
3512 1.184922
3513 1.184268
3514 1.183676
3515 1.183638
3516 1.183386
3517 1.183310
3518 1.183284
3519 1.182874
3520 1.182672
3521 1.182738
3522 1.182404
3523 1.182254
3524 1.183080
3525 1.183012
3526 1.183752
3527 1.183710
3528 1.183452
3529 1.182840
3530 1.182346
3531 1.182178
3532 1.182400
3533 1.182418
3534 1.182622
3535 1.182670
3536 1.182440
3537 1.182964
3538 1.183244
3539 1.183388
3540 1.183070
3541 1.183220
3542 1.182938
3543 1.182332
3544 1.182446
3545 1.181894
3546 1.181786
3547 1.181838
3548 1.181600
3549 1.181726
3550 1.181808
3551 1.181384
3552 1.181408
3553 1.181222
3554 1.181292
3555 1.181536
3556 1.182190
3557 1.182424
3558 1.182564
3559 1.182640
3560 1.182250
3561 1.181724
3562 1.181494
3563 1.182064
3564 1.181870
3565 1.182170
3566 1.181712
3567 1.182184
3568 1.181946
3569 1.182472
3570 1.182306
3571 1.182690
3572 1.182776
3573 1.183112
3574 1.182920
3575 1.182560
3576 1.182874
3577 1.182732
3578 1.183100
3579 1.183014
3580 1.182990
3581 1.182886
3582 1.182564
3583 1.183156
3584 1.183434
3585 1.182932
3586 1.183248
3587 1.182958
3588 1.182948
3589 1.182904
3590 1.182756
3591 1.183256
3592 1.183248
3593 1.183104
3594 1.183836
3595 1.183738
3596 1.183736
3597 1.183586
3598 1.183896
3599 1.183290
3600 1.183226
3601 1.183064
3602 1.183120
3603 1.182906
3604 1.182094
3605 1.182284
3606 1.182442
3607 1.182666
3608 1.182156
3609 1.182642
3610 1.182932
3611 1.183402
3612 1.183946
3613 1.184370
3614 1.184552
3615 1.184654
3616 1.184892
3617 1.184612
3618 1.184756
3619 1.184518
3620 1.183764
3621 1.183068
3622 1.182738
3623 1.182584
3624 1.182548
3625 1.182922
3626 1.183484
3627 1.183244
3628 1.182920
3629 1.182940
3630 1.182802
3631 1.183020
3632 1.182848
3633 1.182974
3634 1.183526
3635 1.183588
3636 1.183636
3637 1.183214
3638 1.182764
3639 1.183564
3640 1.183476
3641 1.183996
3642 1.184430
3643 1.184462
3644 1.184478
3645 1.184294
3646 1.184584
3647 1.184740
3648 1.184162
3649 1.184258
3650 1.185020
3651 1.185428
3652 1.185048
3653 1.185088
3654 1.185936
3655 1.186052
3656 1.185648
3657 1.186056
3658 1.186008
3659 1.186328
3660 1.185748
3661 1.185894
3662 1.185708
3663 1.185104
3664 1.184846
3665 1.184478
3666 1.184088
3667 1.184066
3668 1.184884
3669 1.184860
3670 1.184916
3671 1.184588
3672 1.184574
3673 1.183934
3674 1.183952
3675 1.183808
3676 1.183746
3677 1.184340
3678 1.184328
3679 1.184344
3680 1.184032
3681 1.183760
3682 1.184122
3683 1.183844
3684 1.184000
3685 1.183580
3686 1.184304
3687 1.184298
3688 1.184090
3689 1.183956
3690 1.184270
3691 1.184132
3692 1.183926
3693 1.183912
3694 1.183950
3695 1.183906
3696 1.183804
3697 1.183862
3698 1.183306
3699 1.183384
3700 1.183798
3701 1.183462
3702 1.183540
3703 1.183460
3704 1.183762
3705 1.184228
3706 1.185184
3707 1.185964
3708 1.185572
3709 1.185358
3710 1.185210
3711 1.185040
3712 1.185126
3713 1.184892
3714 1.185042
3715 1.184282
3716 1.184370
3717 1.184104
3718 1.184106
3719 1.183912
3720 1.183646
3721 1.184710
3722 1.184424
3723 1.184982
3724 1.185022
3725 1.185288
3726 1.184930
3727 1.184788
3728 1.184944
3729 1.184724
3730 1.184856
3731 1.185294
3732 1.185642
3733 1.186478
3734 1.186608
3735 1.186528
3736 1.185846
3737 1.185842
3738 1.185266
3739 1.185440
3740 1.185340
3741 1.184994
3742 1.184084
3743 1.183594
3744 1.183430
3745 1.183992
3746 1.183624
3747 1.184054
3748 1.183996
3749 1.184208
3750 1.184382
3751 1.184708
3752 1.184608
3753 1.184356
3754 1.184720
3755 1.184500
3756 1.184614
3757 1.183778
3758 1.183818
3759 1.182964
3760 1.182316
3761 1.182188
3762 1.181982
3763 1.181650
3764 1.181998
3765 1.182002
3766 1.182130
3767 1.181820
3768 1.182472
3769 1.182578
3770 1.182344
3771 1.182234
3772 1.181988
3773 1.181516
3774 1.181982
3775 1.182230
3776 1.181778
3777 1.181802
3778 1.181428
3779 1.181600
3780 1.181398
3781 1.181750
3782 1.182322
3783 1.182610
3784 1.183026
3785 1.182944
3786 1.183024
3787 1.183084
3788 1.183588
3789 1.183064
3790 1.183046
3791 1.183042
3792 1.183284
3793 1.182576
3794 1.182494
3795 1.182716
3796 1.182858
3797 1.182650
3798 1.182586
3799 1.182452
3800 1.182554
3801 1.182810
3802 1.182538
3803 1.181672
3804 1.181660
3805 1.181712
3806 1.182012
3807 1.182536
3808 1.182450
3809 1.181940
3810 1.181814
3811 1.181566
3812 1.181212
3813 1.181398
3814 1.181414
3815 1.180894
3816 1.180596
3817 1.180176
3818 1.180058
3819 1.179784
3820 1.180104
3821 1.179908
3822 1.180046
3823 1.179998
3824 1.180522
3825 1.180374
3826 1.181234
3827 1.181576
3828 1.182060
3829 1.181374
3830 1.181216
3831 1.181406
3832 1.181988
3833 1.181612
3834 1.181674
3835 1.181630
3836 1.181470
3837 1.181356
3838 1.181402
3839 1.181986
3840 1.182326
3841 1.182234
3842 1.182788
3843 1.183024
3844 1.183078
3845 1.183076
3846 1.183564
3847 1.183722
3848 1.183258
3849 1.184008
3850 1.183558
3851 1.183140
3852 1.182900
3853 1.183180
3854 1.183014
3855 1.183092
3856 1.182722
3857 1.182764
3858 1.182690
3859 1.182466
3860 1.182030
3861 1.181732
3862 1.181576
3863 1.181226
3864 1.181280
3865 1.182004
3866 1.182282
3867 1.182508
3868 1.182588
3869 1.182198
3870 1.182502
3871 1.182106
3872 1.182216
3873 1.181956
3874 1.181862
3875 1.182338
3876 1.182838
3877 1.182498
3878 1.183032
3879 1.182468
3880 1.182344
3881 1.181908
3882 1.181902
3883 1.181390
3884 1.181104
3885 1.180932
3886 1.181600
3887 1.182314
3888 1.181984
3889 1.181756
3890 1.181934
3891 1.183198
3892 1.183860
3893 1.183492
3894 1.183222
3895 1.182890
3896 1.183094
3897 1.183030
3898 1.183868
3899 1.183230
3900 1.183274
3901 1.183942


Active cycles: 2400
k_mean: 1.182759
k_stddev(cycle): 0.001342
k_stderr(mean): 0.000027
