1 0.589758
2 1.079129
3 1.110549
4 1.129175
5 1.143158
6 1.151056
7 1.156537
8 1.162474
9 1.165489
10 1.169667
11 1.171694
12 1.174638
13 1.175744
14 1.175604
15 1.177054
16 1.178862
17 1.179231
18 1.179608
19 1.180354
20 1.179125
21 1.180312
22 1.181102
23 1.179858
24 1.181347
25 1.181067
26 1.181387
27 1.182592
28 1.181645
29 1.182165
30 1.182636
31 1.181644
32 1.182644
33 1.184345
34 1.180473
35 1.181313
36 1.181108
37 1.183032
38 1.182333
39 1.181306
40 1.183617
41 1.182301
42 1.184683
43 1.184449
44 1.183105
45 1.181448
46 1.184778
47 1.183902
48 1.182217
49 1.185542
50 1.183098
51 1.183473
52 1.184882
53 1.183606
54 1.181896
55 1.182558
56 1.182467
57 1.183160
58 1.182717
59 1.182864
60 1.184603
61 1.184516
62 1.185144
63 1.182829
64 1.182334
65 1.184309
66 1.184079
67 1.183979
68 1.182823
69 1.182860
70 1.183386
71 1.183656
72 1.184706
73 1.184744
74 1.183598
75 1.182411
76 1.182413
77 1.183070
78 1.183725
79 1.180847
80 1.183211
81 1.183879
82 1.180947
83 1.183876
84 1.183922
85 1.182299
86 1.183691
87 1.184144
88 1.183689
89 1.183672
90 1.184764
91 1.183222
92 1.183705
93 1.183220
94 1.183969
95 1.182367
96 1.182397
97 1.184573
98 1.183407
99 1.185198
100 1.184312
101 1.183634
102 1.183057
103 1.184829
104 1.182757
105 1.182722
106 1.183921
107 1.181817
108 1.183016
109 1.182025
110 1.183544
111 1.182893
112 1.183114
113 1.182392
114 1.183454
115 1.184528
116 1.183276
117 1.185262
118 1.184801
119 1.182893
120 1.184111
121 1.184277
122 1.184441
123 1.182915
124 1.184194
125 1.183942
126 1.183298
127 1.182167
128 1.183486
129 1.184766
130 1.183528
131 1.184191
132 1.184921
133 1.182894
134 1.182117
135 1.183394
136 1.183807
137 1.184094
138 1.183600
139 1.184639
140 1.184443
141 1.182426
142 1.183187
143 1.183845
144 1.183260
145 1.183599
146 1.183945
147 1.183543
148 1.184102
149 1.184212
150 1.182757
151 1.183818
152 1.184367
153 1.183353
154 1.184476
155 1.184162
156 1.185250
157 1.184373
158 1.184092
159 1.183347
160 1.182755
161 1.183309
162 1.183856
163 1.182942
164 1.183950
165 1.183411
166 1.184222
167 1.183736
168 1.183575
169 1.184523
170 1.182937
171 1.183514
172 1.182123
173 1.184256
174 1.183682
175 1.184563
176 1.183548
177 1.183661
178 1.183947
179 1.183198
180 1.183456
181 1.182926
182 1.183922
183 1.183587
184 1.183644
185 1.183486
186 1.184656
187 1.183212
188 1.184998
189 1.184556
190 1.183460
191 1.183477
192 1.184672
193 1.184375
194 1.183165
195 1.183429
196 1.183308
197 1.183824
198 1.184506
199 1.183064
200 1.182476
201 1.184228
202 1.184515
203 1.183879
204 1.183228
205 1.184421
206 1.185015
207 1.185702
208 1.184429
209 1.186181
210 1.184349
211 1.183172
212 1.184441
213 1.185003
214 1.183112
215 1.183683
216 1.184937
217 1.184350
218 1.184385
219 1.183739
220 1.183255
221 1.185514
222 1.183234
223 1.184101
224 1.183574
225 1.183835
226 1.184308
227 1.183965
228 1.183779
229 1.182979
230 1.182637
231 1.184401
232 1.184387
233 1.185383
234 1.183873
235 1.183929
236 1.183281
237 1.183219
238 1.183055
239 1.181979
240 1.183055
241 1.182360
242 1.184834
243 1.183834
244 1.183925
245 1.183949
246 1.185039
247 1.184058
248 1.184433
249 1.184472
250 1.183931
251 1.184786
252 1.184028
253 1.182775
254 1.184298
255 1.184043
256 1.182844
257 1.183205
258 1.182489
259 1.182674
260 1.182512
261 1.183190
262 1.183713
263 1.183702
264 1.182984
265 1.184614
266 1.184893
267 1.182174
268 1.181553
269 1.184445
270 1.184375
271 1.183972
272 1.183396
273 1.183259
274 1.183918
275 1.183918
276 1.183333
277 1.183791
278 1.184380
279 1.184152
280 1.184833
281 1.184043
282 1.185141
283 1.183373
284 1.183563
285 1.182512
286 1.183335
287 1.183779
288 1.185428
289 1.184243
290 1.182880
291 1.185368
292 1.183767
293 1.183721
294 1.182833
295 1.185195
296 1.184424
297 1.183348
298 1.183745
299 1.183521
300 1.183810
301 1.184358
302 1.184415
303 1.184053
304 1.183505
305 1.183751
306 1.183560
307 1.184112
308 1.183890
309 1.183689
310 1.183194
311 1.182832
312 1.184002
313 1.184167
314 1.184098
315 1.183959
316 1.183251
317 1.184682
318 1.185275
319 1.183221
320 1.182103
321 1.184621
322 1.183729
323 1.182829
324 1.184218
325 1.182729
326 1.184179
327 1.184098
328 1.183758
329 1.183962
330 1.184617
331 1.184437
332 1.182993
333 1.183478
334 1.181105
335 1.182685
336 1.183479
337 1.182981
338 1.181719
339 1.184109
340 1.183817
341 1.182318
342 1.184302
343 1.184063
344 1.183933
345 1.183689
346 1.184871
347 1.183458
348 1.185010
349 1.183911
350 1.183338
351 1.184014
352 1.183561
353 1.185427
354 1.183769
355 1.184272
356 1.184470
357 1.182766
358 1.182714
359 1.184067
360 1.184758
361 1.183409
362 1.183461
363 1.183233
364 1.182520
365 1.184037
366 1.183134
367 1.183911
368 1.183930
369 1.184631
370 1.182980
371 1.184057
372 1.184824
373 1.184569
374 1.184298
375 1.184237
376 1.181964
377 1.184250
378 1.183559
379 1.184248
380 1.183796
381 1.184352
382 1.184357
383 1.182493
384 1.183058
385 1.184736
386 1.185165
387 1.185231
388 1.185223
389 1.184904
390 1.185962
391 1.182484
392 1.185098
393 1.182208
394 1.184064
395 1.183569
396 1.182914
397 1.183067
398 1.183887
399 1.184246
400 1.183797
401 1.183622
402 1.184634
403 1.184540
404 1.183144
405 1.182879
406 1.182976
407 1.184242
408 1.184087
409 1.183870
410 1.183617
411 1.182884
412 1.184329
413 1.182922
414 1.184083
415 1.182937
416 1.183242
417 1.183565
418 1.184808
419 1.185372
420 1.184979
421 1.185115
422 1.183735
423 1.184160
424 1.184356
425 1.183936
426 1.185023
427 1.184990
428 1.183571
429 1.184314
430 1.183730
431 1.182955
432 1.184012
433 1.184767
434 1.184296
435 1.182507
436 1.183598
437 1.183089
438 1.182501
439 1.183968
440 1.184784
441 1.183586
442 1.183568
443 1.183847
444 1.182945
445 1.182273
446 1.182154
447 1.183659
448 1.183329
449 1.184523
450 1.183019
451 1.182981
452 1.184861
453 1.184062
454 1.184609
455 1.184231
456 1.184049
457 1.184038
458 1.185045
459 1.183766
460 1.184864
461 1.183755
462 1.183558
463 1.184401
464 1.183000
465 1.185528
466 1.183408
467 1.184153
468 1.184996
469 1.181085
470 1.182753
471 1.184490
472 1.183170
473 1.184647
474 1.183816
475 1.183303
476 1.185078
477 1.183649
478 1.184449
479 1.183935
480 1.184478
481 1.182062
482 1.183144
483 1.183564
484 1.183697
485 1.183395
486 1.184618
487 1.184768
488 1.183466
489 1.182899
490 1.184959
491 1.184116
492 1.182767
493 1.183245
494 1.183428
495 1.185163
496 1.184351
497 1.183891
498 1.183564
499 1.185163
500 1.184584
501 1.183683


Active cycles: 200
k_mean: 1.183828
k_stddev(cycle): 0.000844
k_stderr(mean): 0.000060
Difference with the reference K: 0.000018, Per cent error: 0.001523
Reactivity(rho): 0.155283, pcm difference: 1.286825
Total Time: 396.609159seconds. Average: 0.791635 seconds per cycle.
