1 0.989512
2 0.984418
3 0.982754
4 0.983008
5 0.983738
6 0.983508
7 0.983100
8 0.982434
9 0.981742
10 0.980494
11 0.979370
12 0.978362
13 0.977676
14 0.976612
15 0.976008
16 0.974858
17 0.974008
18 0.973620
19 0.974226
20 0.974014
21 0.973992
22 0.974578
23 0.974972
24 0.975868
25 0.976628
26 0.977168
27 0.977682
28 0.978672
29 0.979908
30 0.980704
31 0.981972
32 0.982554
33 0.982864
34 0.983850
35 0.984878
36 0.986824
37 0.987632
38 0.988898
39 0.989832
40 0.991746
41 0.993172
42 0.994934
43 0.996524
44 0.997872
45 0.999894
46 1.001690
47 1.003714
48 1.005320
49 1.006440
50 1.008578
51 1.010534
52 1.012316
53 1.014054
54 1.015646
55 1.017862
56 1.019564
57 1.020908
58 1.023050
59 1.025082
60 1.027190
61 1.029348
62 1.031146
63 1.032716
64 1.034450
65 1.036670
66 1.038728
67 1.040582
68 1.042880
69 1.044040
70 1.045492
71 1.047162
72 1.048624
73 1.050298
74 1.051494
75 1.053306
76 1.054996
77 1.056676
78 1.058172
79 1.059812
80 1.060884
81 1.062730
82 1.064768
83 1.065952
84 1.067808
85 1.069354
86 1.070544
87 1.071920
88 1.073806
89 1.075072
90 1.076834
91 1.077886
92 1.079072
93 1.080362
94 1.081616
95 1.082984
96 1.084712
97 1.086124
98 1.087978
99 1.089696
100 1.090718
101 1.092506
102 1.093980
103 1.095524
104 1.096534
105 1.097546
106 1.098430
107 1.100442
108 1.101908
109 1.102710
110 1.104032
111 1.105362
112 1.106156
113 1.106732
114 1.108098
115 1.109154
116 1.110380
117 1.110710
118 1.111466
119 1.112364
120 1.113020
121 1.114132
122 1.114492
123 1.115858
124 1.116520
125 1.117120
126 1.118534
127 1.120010
128 1.120590
129 1.121108
130 1.122436
131 1.123524
132 1.123828
133 1.124414
134 1.124484
135 1.124846
136 1.125334
137 1.126142
138 1.126920
139 1.128098
140 1.128380
141 1.129482
142 1.130232
143 1.131690
144 1.132394
145 1.133328
146 1.134084
147 1.135074
148 1.135944
149 1.136198
150 1.136826
151 1.137550
152 1.137960
153 1.138260
154 1.138786
155 1.140100
156 1.140682
157 1.141468
158 1.142130
159 1.142820
160 1.142858
161 1.142924
162 1.143952
163 1.144244
164 1.145210
165 1.145448
166 1.146284
167 1.146590
168 1.146766
169 1.146864
170 1.146890
171 1.147646
172 1.147904
173 1.148118
174 1.148932
175 1.149590
176 1.150130
177 1.150262
178 1.150586
179 1.151438
180 1.151316
181 1.151104
182 1.151288
183 1.151862
184 1.151944
185 1.152150
186 1.152392
187 1.152254
188 1.152244
189 1.152320
190 1.152894
191 1.152952
192 1.153610
193 1.154182
194 1.154608
195 1.154742
196 1.155008
197 1.156080
198 1.156360
199 1.157398
200 1.156856
201 1.157334
202 1.157564
203 1.158082
204 1.158224
205 1.158834
206 1.159076
207 1.159276
208 1.159256
209 1.160066
210 1.160982
211 1.160614
212 1.160966
213 1.161040
214 1.161128
215 1.161194
216 1.161318
217 1.160574
218 1.160562
219 1.161214
220 1.161766
221 1.161734
222 1.162320
223 1.162302
224 1.162350
225 1.162438
226 1.163126
227 1.163204
228 1.162910
229 1.162838
230 1.163042
231 1.163728
232 1.164544
233 1.164528
234 1.165850
235 1.165514
236 1.165844
237 1.165750
238 1.165944
239 1.165774
240 1.165784
241 1.165656
242 1.165736
243 1.165706
244 1.165672
245 1.165740
246 1.165116
247 1.165146
248 1.165076
249 1.165606
250 1.165898
251 1.166202
252 1.167348
253 1.167212
254 1.166940
255 1.167682
256 1.167364
257 1.167250
258 1.167790
259 1.167788
260 1.167802
261 1.167428
262 1.167684
263 1.168250
264 1.168234
265 1.168268
266 1.168686
267 1.168968
268 1.168944
269 1.169344
270 1.169090
271 1.169916
272 1.170046
273 1.169996
274 1.169690
275 1.169842
276 1.170378
277 1.169952
278 1.170422
279 1.170542
280 1.170510
281 1.170640
282 1.171696
283 1.171476
284 1.171828
285 1.171588
286 1.171802
287 1.172630
288 1.172316
289 1.171966
290 1.171796
291 1.172220
292 1.172614
293 1.172700
294 1.173184
295 1.173260
296 1.173516
297 1.173568
298 1.173348
299 1.173490
300 1.173572
301 1.173534
302 1.173660
303 1.173072
304 1.172934
305 1.173332
306 1.173498
307 1.173554
308 1.172970
309 1.173000
310 1.172964
311 1.173228
312 1.173638
313 1.174284
314 1.174392
315 1.175222
316 1.175618
317 1.175420
318 1.175830
319 1.175890
320 1.175878
321 1.176088
322 1.175874
323 1.175606
324 1.175228
325 1.174464
326 1.173988
327 1.174012
328 1.174350
329 1.174370
330 1.174652
331 1.173802
332 1.173470
333 1.174028
334 1.173830
335 1.173870
336 1.173648
337 1.174106
338 1.173992
339 1.173710
340 1.173992
341 1.173820
342 1.173364
343 1.173338
344 1.173046
345 1.173302
346 1.173582
347 1.173914
348 1.174666
349 1.175044
350 1.175398
351 1.175096
352 1.175238
353 1.175452
354 1.175570
355 1.175354
356 1.175818
357 1.176198
358 1.175808
359 1.176394
360 1.177384
361 1.177630
362 1.177462
363 1.177930
364 1.177986
365 1.177786
366 1.178156
367 1.177632
368 1.177430
369 1.177438
370 1.177756
371 1.177564
372 1.177468
373 1.177062
374 1.177572
375 1.177794
376 1.177210
377 1.176854
378 1.176420
379 1.175692
380 1.175540
381 1.175408
382 1.175588
383 1.175346
384 1.175498
385 1.175534
386 1.175632
387 1.176074
388 1.177222
389 1.177448
390 1.177422
391 1.177212
392 1.177006
393 1.176818
394 1.176732
395 1.176566
396 1.176312
397 1.176520
398 1.176022
399 1.176196
400 1.176256
401 1.176004
402 1.175456
403 1.175456
404 1.175818
405 1.176264
406 1.175886
407 1.175634
408 1.175878
409 1.176066
410 1.176178
411 1.176038
412 1.175436
413 1.175150
414 1.175604
415 1.175780
416 1.175648
417 1.176270
418 1.176698
419 1.176702
420 1.176724
421 1.177024
422 1.177164
423 1.176786
424 1.177042
425 1.177250
426 1.177584
427 1.177596
428 1.177536
429 1.177310
430 1.177096
431 1.176910
432 1.176952
433 1.177064
434 1.176918
435 1.177810
436 1.178452
437 1.178172
438 1.178474
439 1.178144
440 1.178346
441 1.178216
442 1.178200
443 1.178418
444 1.178302
445 1.177918
446 1.177850
447 1.178612
448 1.178808
449 1.178338
450 1.178554
451 1.179074
452 1.179790
453 1.179924
454 1.180364
455 1.180706
456 1.180410
457 1.180500
458 1.179942
459 1.180468
460 1.180280
461 1.179922
462 1.179514
463 1.179330
464 1.179746
465 1.179608
466 1.179588
467 1.179270
468 1.179254
469 1.179332
470 1.179010
471 1.179554
472 1.179988
473 1.179968
474 1.180212
475 1.180498
476 1.180376
477 1.180938
478 1.181082
479 1.181102
480 1.181044
481 1.181350
482 1.181360
483 1.181140
484 1.181276
485 1.180546
486 1.180524
487 1.180206
488 1.180358
489 1.180250
490 1.180842
491 1.181738
492 1.181510
493 1.181384
494 1.181762
495 1.181902
496 1.181012
497 1.180536
498 1.180238
499 1.180392
500 1.180264
501 1.180232
502 1.179878
503 1.179746
504 1.179676
505 1.180018
506 1.179884
507 1.179534
508 1.180074
509 1.180080
510 1.180012
511 1.179736
512 1.179738
513 1.179534
514 1.179510
515 1.179800
516 1.179502
517 1.179278
518 1.178426
519 1.178330
520 1.178280
521 1.178478
522 1.178358
523 1.178314
524 1.177450
525 1.177744
526 1.177322
527 1.177876
528 1.177928
529 1.178560
530 1.179016
531 1.178336
532 1.178490
533 1.178162
534 1.177706
535 1.178016
536 1.178372
537 1.178354
538 1.178860
539 1.178632
540 1.177822
541 1.178060
542 1.178436
543 1.178256
544 1.178218
545 1.178770
546 1.179292
547 1.179698
548 1.179434
549 1.179264
550 1.178800
551 1.179680
552 1.180176
553 1.180702
554 1.180320
555 1.180882
556 1.181456
557 1.181912
558 1.181882
559 1.182348
560 1.182648
561 1.182152
562 1.181952
563 1.181140
564 1.180996
565 1.181126
566 1.181478
567 1.181114
568 1.181106
569 1.180988
570 1.180698
571 1.180732
572 1.180158
573 1.178992
574 1.179244
575 1.178926
576 1.179078
577 1.179412
578 1.179790
579 1.180174
580 1.179488
581 1.179510
582 1.179418
583 1.179916
584 1.179982
585 1.180180
586 1.180036
587 1.179344
588 1.179512
589 1.179342
590 1.179590
591 1.179420
592 1.179458
593 1.179762
594 1.179746
595 1.179906
596 1.180474
597 1.180020
598 1.180242
599 1.180326
600 1.180352
601 1.180396
602 1.179740
603 1.179842
604 1.180050
605 1.180140
606 1.180020
607 1.180542
608 1.180844
609 1.180722
610 1.179948
611 1.180312
612 1.180840
613 1.180620
614 1.180554
615 1.180478
616 1.180298
617 1.179976
618 1.179968
619 1.179936
620 1.180350
621 1.180290
622 1.180318
623 1.179938
624 1.179964
625 1.179802
626 1.179882
627 1.180234
628 1.180338
629 1.180354
630 1.180262
631 1.180362
632 1.180480
633 1.180426
634 1.180110
635 1.180364
636 1.180006
637 1.180702
638 1.180772
639 1.181224
640 1.181318
641 1.182152
642 1.181956
643 1.181410
644 1.181910
645 1.182302
646 1.182362
647 1.182218
648 1.182876
649 1.182680
650 1.182326
651 1.182756
652 1.183224
653 1.183294
654 1.183254
655 1.183030
656 1.183014
657 1.183508
658 1.183238
659 1.182996
660 1.182948
661 1.182840
662 1.182398
663 1.182786
664 1.183106
665 1.182674
666 1.182732
667 1.182112
668 1.181366
669 1.181282
670 1.181328
671 1.181472
672 1.181612
673 1.181096
674 1.180414
675 1.180400
676 1.179842
677 1.180862
678 1.180594
679 1.179924
680 1.181058
681 1.181292
682 1.181042
683 1.180548
684 1.180202
685 1.180092
686 1.180012
687 1.180014
688 1.179542
689 1.179390
690 1.179906
691 1.180036
692 1.180264
693 1.180578
694 1.181104
695 1.180754
696 1.180634
697 1.180558
698 1.180334
699 1.181104
700 1.180616
701 1.180928
702 1.181528
703 1.181766
704 1.182088
705 1.182136
706 1.182366
707 1.181912
708 1.181960
709 1.182112
710 1.181936
711 1.182288
712 1.182314
713 1.182630
714 1.182520
715 1.182082
716 1.181230
717 1.181326
718 1.181594
719 1.181676
720 1.181324
721 1.181144
722 1.180778
723 1.180574
724 1.180260
725 1.180194
726 1.180636
727 1.180176
728 1.179776
729 1.180358
730 1.180262
731 1.179868
732 1.180196
733 1.179628
734 1.179424
735 1.179498
736 1.178938
737 1.179476
738 1.179666
739 1.179814
740 1.179748
741 1.179990
742 1.180172
743 1.180422
744 1.180818
745 1.180662
746 1.180510
747 1.180714
748 1.180732
749 1.180550
750 1.180850
751 1.181132
752 1.181648
753 1.182008
754 1.181782
755 1.182242
756 1.182412
757 1.182230
758 1.181708
759 1.181680
760 1.181884
761 1.182062
762 1.181644
763 1.180808
764 1.180632
765 1.180244
766 1.180154
767 1.179556
768 1.179450
769 1.179284
770 1.179172
771 1.179662
772 1.180004
773 1.180448
774 1.180600
775 1.180646
776 1.179850
777 1.180218
778 1.179822
779 1.180038
780 1.180052
781 1.180504
782 1.180846
783 1.180660
784 1.180652
785 1.181234
786 1.181610
787 1.181700
788 1.181644
789 1.182272
790 1.182932
791 1.183130
792 1.183124
793 1.183154
794 1.182774
795 1.182800
796 1.182826
797 1.182138
798 1.182364
799 1.182436
800 1.182678
801 1.182242
802 1.182706
803 1.182810
804 1.183102
805 1.183860
806 1.182764
807 1.182974
808 1.182736
809 1.182456
810 1.182152
811 1.182282
812 1.182502
813 1.182634
814 1.182914
815 1.182926
816 1.182800
817 1.182656
818 1.182956
819 1.183482
820 1.183852
821 1.183632
822 1.183378
823 1.183318
824 1.183410
825 1.184472
826 1.184840
827 1.184910
828 1.184622
829 1.184440
830 1.184348
831 1.184996
832 1.184910
833 1.185270
834 1.185004
835 1.185090
836 1.184658
837 1.185162
838 1.184782
839 1.184386
840 1.184440
841 1.184130
842 1.183912
843 1.184126
844 1.183608
845 1.184692
846 1.184452
847 1.184642
848 1.185170
849 1.185086
850 1.184636
851 1.184364
852 1.184768
853 1.185242
854 1.184998
855 1.184522
856 1.184126
857 1.184230
858 1.183848
859 1.183580
860 1.183410
861 1.183544
862 1.183392
863 1.183238
864 1.183356
865 1.183264
866 1.183260
867 1.183382
868 1.183400
869 1.184132
870 1.183972
871 1.183784
872 1.184178
873 1.184058
874 1.184258
875 1.184118
876 1.183960
877 1.184186
878 1.184226
879 1.183994
880 1.183916
881 1.183906
882 1.184132
883 1.183778
884 1.183682
885 1.183382
886 1.183184
887 1.182914
888 1.182542
889 1.182702
890 1.182636
891 1.183338
892 1.183178
893 1.183646
894 1.183468
895 1.183232
896 1.183446
897 1.183898
898 1.184488
899 1.184536
900 1.184584
901 1.184914
902 1.184700
903 1.183984
904 1.184000
905 1.183404
906 1.183120
907 1.182974
908 1.182062
909 1.182204
910 1.181896
911 1.181664
912 1.181388
913 1.181560
914 1.181392
915 1.181180
916 1.180798
917 1.181106
918 1.180836
919 1.180834
920 1.181156
921 1.181108
922 1.181604
923 1.181808
924 1.182374
925 1.181956
926 1.181422
927 1.180998
928 1.181352
929 1.181472
930 1.181234
931 1.181368
932 1.181296
933 1.181144
934 1.180946
935 1.180790
936 1.180496
937 1.180934
938 1.180926
939 1.181028
940 1.181260
941 1.181456
942 1.181536
943 1.181440
944 1.181164
945 1.180764
946 1.180944
947 1.181124
948 1.181448
949 1.181640
950 1.182304
951 1.182712
952 1.183112
953 1.183460
954 1.183700
955 1.184038
956 1.184060
957 1.184034
958 1.183224
959 1.182756
960 1.183012
961 1.182954
962 1.182578
963 1.182452
964 1.183266
965 1.183644
966 1.183986
967 1.183898
968 1.183696
969 1.184016
970 1.183884
971 1.183568
972 1.183170
973 1.182572
974 1.182908
975 1.183172
976 1.182910
977 1.183626
978 1.184192
979 1.184208
980 1.184204
981 1.183952
982 1.184166
983 1.183876
984 1.183806
985 1.183822
986 1.183402
987 1.182240
988 1.182426
989 1.182746
990 1.183272
991 1.183316
992 1.183314
993 1.183026
994 1.182530
995 1.182660
996 1.183412
997 1.183338
998 1.183002
999 1.183330
1000 1.183018
1001 1.183148
1002 1.182852
1003 1.182916
1004 1.183250
1005 1.183080
1006 1.183454
1007 1.183326
1008 1.182950
1009 1.182700
1010 1.182436
1011 1.182810
1012 1.183044
1013 1.184102
1014 1.184386
1015 1.185118
1016 1.184750
1017 1.183980
1018 1.183710
1019 1.183742
1020 1.184144
1021 1.183582
1022 1.183344
1023 1.183046
1024 1.183016
1025 1.183496
1026 1.183164
1027 1.183724
1028 1.183142
1029 1.183844
1030 1.183448
1031 1.182968
1032 1.183374
1033 1.183276
1034 1.183386
1035 1.182598
1036 1.182630
1037 1.183094
1038 1.182606
1039 1.183020
1040 1.182990
1041 1.182496
1042 1.182518
1043 1.182514
1044 1.182518
1045 1.182038
1046 1.181582
1047 1.181400
1048 1.181482
1049 1.182096
1050 1.182432
1051 1.182234
1052 1.183042
1053 1.183518
1054 1.183116
1055 1.182620
1056 1.182864
1057 1.182498
1058 1.182392
1059 1.182468
1060 1.183212
1061 1.183500
1062 1.183776
1063 1.183476
1064 1.183246
1065 1.183282
1066 1.182444
1067 1.182960
1068 1.183060
1069 1.183092
1070 1.182932
1071 1.182942
1072 1.182830
1073 1.183332
1074 1.183958
1075 1.184098
1076 1.184234
1077 1.184356
1078 1.183608
1079 1.183298
1080 1.183498
1081 1.183500
1082 1.183448
1083 1.183416
1084 1.183362
1085 1.183224
1086 1.183320
1087 1.183064
1088 1.182926
1089 1.183110
1090 1.183844
1091 1.183590
1092 1.183844
1093 1.184158
1094 1.184118
1095 1.183432
1096 1.183284
1097 1.183586
1098 1.183474
1099 1.183304
1100 1.183376
1101 1.183614
1102 1.183640
1103 1.183230
1104 1.183248
1105 1.183010
1106 1.182686
1107 1.181892
1108 1.182278
1109 1.182260
1110 1.182146
1111 1.181856
1112 1.182072
1113 1.182764
1114 1.183536
1115 1.183742
1116 1.183664
1117 1.183956
1118 1.183826
1119 1.184152
1120 1.183476
1121 1.183204
1122 1.183034
1123 1.182918
1124 1.182974
1125 1.182504
1126 1.183040
1127 1.182404
1128 1.182170
1129 1.182214
1130 1.182784
1131 1.183334
1132 1.183592
1133 1.183744
1134 1.183666
1135 1.184306
1136 1.184076
1137 1.184088
1138 1.183612
1139 1.184226
1140 1.183586
1141 1.183616
1142 1.183592
1143 1.183504
1144 1.184208
1145 1.184488
1146 1.184272
1147 1.183616
1148 1.183990
1149 1.183960
1150 1.183826
1151 1.184192
1152 1.184286
1153 1.184408
1154 1.184498
1155 1.184026
1156 1.184236
1157 1.183914
1158 1.183934
1159 1.183688
1160 1.183310
1161 1.183490
1162 1.183592
1163 1.183710
1164 1.183398
1165 1.183068
1166 1.182594
1167 1.182856
1168 1.183028
1169 1.182140
1170 1.181794
1171 1.182246
1172 1.182212
1173 1.182496
1174 1.182768
1175 1.182566
1176 1.182342
1177 1.181574
1178 1.181798
1179 1.182030
1180 1.182144
1181 1.182298
1182 1.182392
1183 1.181882
1184 1.182056
1185 1.182158
1186 1.182514
1187 1.183266
1188 1.183156
1189 1.183142
1190 1.183834
1191 1.183918
1192 1.184268
1193 1.184530
1194 1.184824
1195 1.184478
1196 1.184236
1197 1.183878
1198 1.183562
1199 1.183354
1200 1.183368
1201 1.183012
1202 1.183244
1203 1.182938
1204 1.183000
1205 1.182922
1206 1.182276
1207 1.182470
1208 1.182084
1209 1.181934
1210 1.182200
1211 1.182198
1212 1.182776
1213 1.182540
1214 1.182918
1215 1.183306
1216 1.183292
1217 1.183652
1218 1.183530
1219 1.183100
1220 1.183012
1221 1.183100
1222 1.183220
1223 1.182944
1224 1.183540
1225 1.183268
1226 1.183428
1227 1.183208
1228 1.183336
1229 1.183312
1230 1.183306
1231 1.183192
1232 1.182948
1233 1.183378
1234 1.183352
1235 1.183642
1236 1.183914
1237 1.183502
1238 1.182986
1239 1.183226
1240 1.182936
1241 1.182574
1242 1.183074
1243 1.182800
1244 1.182944
1245 1.182912
1246 1.182630
1247 1.182298
1248 1.182698
1249 1.182264
1250 1.182286
1251 1.182098
1252 1.182266
1253 1.182368
1254 1.182240
1255 1.182320
1256 1.182144
1257 1.181856
1258 1.182438
1259 1.182716
1260 1.182752
1261 1.182354
1262 1.182640
1263 1.182462
1264 1.182856
1265 1.183074
1266 1.182790
1267 1.183156
1268 1.183674
1269 1.183568
1270 1.183856
1271 1.183684
1272 1.184044
1273 1.183772
1274 1.184160
1275 1.184030
1276 1.184186
1277 1.184236
1278 1.184594
1279 1.184574
1280 1.184502
1281 1.183566
1282 1.184146
1283 1.183660
1284 1.183310
1285 1.183216
1286 1.182932
1287 1.183268
1288 1.183572
1289 1.183784
1290 1.183304
1291 1.182634
1292 1.182994
1293 1.182928
1294 1.183240
1295 1.183006
1296 1.183090
1297 1.183456
1298 1.183426
1299 1.183190
1300 1.183092
1301 1.183190
1302 1.183342
1303 1.183710
1304 1.183854
1305 1.183842
1306 1.184170
1307 1.184280
1308 1.184010
1309 1.183462
1310 1.183236
1311 1.183314
1312 1.182878
1313 1.183330
1314 1.182964
1315 1.182740
1316 1.182834
1317 1.183036
1318 1.182744
1319 1.182670
1320 1.182856
1321 1.182662
1322 1.183164
1323 1.183308
1324 1.183502
1325 1.183176
1326 1.182886
1327 1.182774
1328 1.182532
1329 1.182368
1330 1.181872
1331 1.182702
1332 1.182322
1333 1.182412
1334 1.182106
1335 1.182388
1336 1.182948
1337 1.183400
1338 1.183822
1339 1.184368
1340 1.184720
1341 1.183996
1342 1.184156
1343 1.183746
1344 1.183656
1345 1.183466
1346 1.183372
1347 1.182950
1348 1.182836
1349 1.183660
1350 1.183244
1351 1.182900
1352 1.182940
1353 1.182606
1354 1.182050
1355 1.182222
1356 1.182452
1357 1.182206
1358 1.182108
1359 1.182224
1360 1.182246
1361 1.182894
1362 1.183254
1363 1.183646
1364 1.183766
1365 1.183096
1366 1.183370
1367 1.183540
1368 1.183760
1369 1.183640
1370 1.183648
1371 1.183170
1372 1.182586
1373 1.182308
1374 1.182128
1375 1.182172
1376 1.181870
1377 1.181462
1378 1.181758
1379 1.181932
1380 1.181948
1381 1.181976
1382 1.181218
1383 1.181104
1384 1.180580
1385 1.180908
1386 1.180972
1387 1.180730
1388 1.180736
1389 1.180374
1390 1.180002
1391 1.180188
1392 1.180314
1393 1.180270
1394 1.180688
1395 1.180928
1396 1.180870
1397 1.181352
1398 1.181386
1399 1.181924
1400 1.182288
1401 1.182796
1402 1.182668
1403 1.182826
1404 1.183474
1405 1.183134
1406 1.182472
1407 1.182480
1408 1.181586
1409 1.181766
1410 1.181746
1411 1.181866
1412 1.181906
1413 1.181998
1414 1.182472
1415 1.182198
1416 1.182500
1417 1.182162
1418 1.181586
1419 1.182050
1420 1.182378
1421 1.181774
1422 1.181508
1423 1.181308
1424 1.180746
1425 1.180850
1426 1.180616
1427 1.180742
1428 1.181004
1429 1.181964
1430 1.181998
1431 1.181532
1432 1.180644
1433 1.180522
1434 1.180504
1435 1.180954
1436 1.181280
1437 1.181096
1438 1.181116
1439 1.180622
1440 1.180748
1441 1.180852
1442 1.180608
1443 1.180930
1444 1.181354
1445 1.181702
1446 1.181606
1447 1.181416
1448 1.181564
1449 1.181462
1450 1.181696
1451 1.182156
1452 1.182300
1453 1.182170
1454 1.183004
1455 1.182380
1456 1.182154
1457 1.182336
1458 1.182560
1459 1.182014
1460 1.181812
1461 1.181822
1462 1.181130
1463 1.181238
1464 1.181098
1465 1.181118
1466 1.180764
1467 1.181040
1468 1.181016
1469 1.181102
1470 1.180856
1471 1.181302
1472 1.181730
1473 1.182158
1474 1.182286
1475 1.182202
1476 1.181920
1477 1.181960
1478 1.181540
1479 1.181754
1480 1.181774
1481 1.181702
1482 1.180422
1483 1.180732
1484 1.180002
1485 1.179944
1486 1.180256
1487 1.180470
1488 1.181186
1489 1.181700
1490 1.181298
1491 1.180872
1492 1.180978
1493 1.180804
1494 1.180756
1495 1.180490
1496 1.180638
1497 1.179736
1498 1.180110
1499 1.180070
1500 1.179976
1501 1.180164
1502 1.180360
1503 1.180470
1504 1.180542
1505 1.180838
1506 1.180636
1507 1.179756
1508 1.179376
1509 1.179296
1510 1.179776
1511 1.178760
1512 1.179162
1513 1.178832
1514 1.178714
1515 1.178730
1516 1.178552
1517 1.178528
1518 1.178714
1519 1.178812
1520 1.178916
1521 1.179024
1522 1.178456
1523 1.178906
1524 1.179046
1525 1.179202
1526 1.178960
1527 1.179300
1528 1.180514
1529 1.180134
1530 1.180188
1531 1.180546
1532 1.180824
1533 1.180872
1534 1.180912
1535 1.180662
1536 1.181532
1537 1.181424
1538 1.181412
1539 1.181478
1540 1.182522
1541 1.182088
1542 1.182088
1543 1.181318
1544 1.181396
1545 1.181604
1546 1.181920
1547 1.182346
1548 1.182486
1549 1.182044
1550 1.182334
1551 1.182402
1552 1.182392
1553 1.182712
1554 1.182612
1555 1.182722
1556 1.182918
1557 1.182592
1558 1.182662
1559 1.183214
1560 1.182918
1561 1.182358
1562 1.182194
1563 1.182412
1564 1.182364
1565 1.181910
1566 1.182306
1567 1.182280
1568 1.182620
1569 1.182748
1570 1.183100
1571 1.183502
1572 1.183566
1573 1.184040
1574 1.184112
1575 1.183756
1576 1.183614
1577 1.183318
1578 1.183604
1579 1.183098
1580 1.182458
1581 1.181650
1582 1.182136
1583 1.182534
1584 1.183070
1585 1.182780
1586 1.182928
1587 1.182400
1588 1.182190
1589 1.182052
1590 1.181840
1591 1.181890
1592 1.181894
1593 1.181430
1594 1.181624
1595 1.182078
1596 1.182186
1597 1.181996
1598 1.182064
1599 1.181768
1600 1.181628
1601 1.181628
1602 1.181952
1603 1.181840
1604 1.181322
1605 1.181378
1606 1.182084
1607 1.182582
1608 1.181904
1609 1.181986
1610 1.181802
1611 1.182802
1612 1.182524
1613 1.181892
1614 1.181924
1615 1.181798
1616 1.182166
1617 1.182730
1618 1.182180
1619 1.182644
1620 1.182340
1621 1.182276
1622 1.182122
1623 1.182416
1624 1.182688
1625 1.182452
1626 1.182232
1627 1.181962
1628 1.181448
1629 1.181574
1630 1.181438
1631 1.181430
1632 1.181112
1633 1.180924
1634 1.180888
1635 1.181172
1636 1.181440
1637 1.181252
1638 1.181718
1639 1.182166
1640 1.182146
1641 1.182146
1642 1.183144
1643 1.182990
1644 1.183016
1645 1.183170
1646 1.182668
1647 1.182760
1648 1.182272
1649 1.182480
1650 1.182728
1651 1.183250
1652 1.183568
1653 1.183700
1654 1.183394
1655 1.183482
1656 1.183402
1657 1.183264
1658 1.182850
1659 1.182704
1660 1.183000
1661 1.183292
1662 1.183796
1663 1.183986
1664 1.184004
1665 1.184042
1666 1.184620
1667 1.184520
1668 1.184100
1669 1.183430
1670 1.183306
1671 1.182824
1672 1.183018
1673 1.183260
1674 1.182772
1675 1.183042
1676 1.183320
1677 1.183738
1678 1.183652
1679 1.183300
1680 1.183136
1681 1.183094
1682 1.183122
1683 1.183338
1684 1.183756
1685 1.183820
1686 1.184190
1687 1.183912
1688 1.183610
1689 1.183438
1690 1.183476
1691 1.184004
1692 1.183728
1693 1.183990
1694 1.184100
1695 1.184410
1696 1.184766
1697 1.185274
1698 1.184722
1699 1.184916
1700 1.185332
1701 1.183976
1702 1.184066
1703 1.183206
1704 1.182852
1705 1.182886
1706 1.182820
1707 1.182504
1708 1.182882
1709 1.183424
1710 1.183462
1711 1.182958
1712 1.183624
1713 1.183520
1714 1.183454
1715 1.183854
1716 1.183374
1717 1.183356
1718 1.183220
1719 1.183654
1720 1.184288
1721 1.184690
1722 1.184150
1723 1.184276
1724 1.184530
1725 1.184664
1726 1.184366
1727 1.184630
1728 1.185332
1729 1.185750
1730 1.185630
1731 1.185444
1732 1.184918
1733 1.184512
1734 1.184944
1735 1.184456
1736 1.184120
1737 1.184738
1738 1.185208
1739 1.184452
1740 1.183694
1741 1.184184
1742 1.183624
1743 1.184384
1744 1.184848
1745 1.184232
1746 1.184126
1747 1.184018
1748 1.184234
1749 1.183484
1750 1.183108
1751 1.182682
1752 1.182980
1753 1.182710
1754 1.182366
1755 1.181330
1756 1.180980
1757 1.180898
1758 1.180950
1759 1.180706
1760 1.180870
1761 1.180714
1762 1.181272
1763 1.182098
1764 1.181752
1765 1.181744
1766 1.181750
1767 1.181500
1768 1.181150
1769 1.181754
1770 1.181768
1771 1.181596
1772 1.181380
1773 1.181636
1774 1.180818
1775 1.180404
1776 1.180916
1777 1.182012
1778 1.181798
1779 1.182174
1780 1.182700
1781 1.183242
1782 1.182638
1783 1.182644
1784 1.182060
1785 1.182944
1786 1.183212
1787 1.183144
1788 1.183100
1789 1.182528
1790 1.182776
1791 1.182008
1792 1.182170
1793 1.182440
1794 1.182272
1795 1.182740
1796 1.183004
1797 1.183350
1798 1.182848
1799 1.182148
1800 1.182028
1801 1.182086
1802 1.181970
1803 1.181382
1804 1.181962
1805 1.181766
1806 1.181226
1807 1.181404
1808 1.181178
1809 1.181580
1810 1.181748
1811 1.181550
1812 1.181466
1813 1.181260
1814 1.182038
1815 1.181898
1816 1.182056
1817 1.182306
1818 1.182326
1819 1.181686
1820 1.181826
1821 1.182356
1822 1.181898
1823 1.182536
1824 1.182412
1825 1.181778
1826 1.182022
1827 1.181786
1828 1.181640
1829 1.181586
1830 1.181292
1831 1.182188
1832 1.182166
1833 1.182746
1834 1.182546
1835 1.182008
1836 1.182156
1837 1.182216
1838 1.181936
1839 1.182488
1840 1.181878
1841 1.181358
1842 1.182222
1843 1.182498
1844 1.182088
1845 1.182798
1846 1.182240
1847 1.182184
1848 1.182628
1849 1.182490
1850 1.182166
1851 1.182084
1852 1.181652
1853 1.181834
1854 1.181786
1855 1.181594
1856 1.181262
1857 1.181150
1858 1.181554
1859 1.181054
1860 1.180932
1861 1.179974
1862 1.179898
1863 1.180240
1864 1.181082
1865 1.181088
1866 1.181680
1867 1.181758
1868 1.181772
1869 1.181018
1870 1.180336
1871 1.180784
1872 1.180602
1873 1.181218
1874 1.180998
1875 1.181790
1876 1.181814
1877 1.181738
1878 1.181572
1879 1.181852
1880 1.181910
1881 1.181792
1882 1.181666
1883 1.181508
1884 1.181912
1885 1.181024
1886 1.179678
1887 1.180206
1888 1.179930
1889 1.180128
1890 1.180438
1891 1.181084
1892 1.181166
1893 1.180340
1894 1.180470
1895 1.180342
1896 1.180472
1897 1.180228
1898 1.180444
1899 1.180278
1900 1.179984
1901 1.179886
1902 1.179484
1903 1.180084
1904 1.180066
1905 1.179740
1906 1.179890
1907 1.180020
1908 1.180350
1909 1.180430
1910 1.180226
1911 1.179802
1912 1.179376
1913 1.179308
1914 1.179078
1915 1.178750
1916 1.179260
1917 1.179334
1918 1.180436
1919 1.181144
1920 1.181088
1921 1.180996
1922 1.180636
1923 1.181028
1924 1.181494
1925 1.180932
1926 1.181090
1927 1.180608
1928 1.180974
1929 1.181400
1930 1.181746
1931 1.181870
1932 1.182134
1933 1.182238
1934 1.182378
1935 1.182420
1936 1.182492
1937 1.182744
1938 1.182504
1939 1.182960
1940 1.182168
1941 1.182778
1942 1.183292
1943 1.183074
1944 1.182778
1945 1.182324
1946 1.182784
1947 1.182444
1948 1.182626
1949 1.182984
1950 1.182788
1951 1.183100
1952 1.183186
1953 1.182804
1954 1.182644
1955 1.182920
1956 1.183022
1957 1.182648
1958 1.182212
1959 1.182214
1960 1.182494
1961 1.182696
1962 1.182702
1963 1.182770
1964 1.183304
1965 1.183392
1966 1.183118
1967 1.183108
1968 1.183168
1969 1.182464
1970 1.182460
1971 1.183152
1972 1.183478
1973 1.183540
1974 1.183770
1975 1.183536
1976 1.183314
1977 1.184074
1978 1.184014
1979 1.184196
1980 1.184294
1981 1.184244
1982 1.183758
1983 1.183912
1984 1.184002
1985 1.183966
1986 1.183672
1987 1.184010
1988 1.183472
1989 1.182934
1990 1.182390
1991 1.182176
1992 1.182816
1993 1.182550
1994 1.182552
1995 1.182454
1996 1.182840
1997 1.182410
1998 1.182266
1999 1.182080
2000 1.182158
2001 1.182162
2002 1.182234
2003 1.181958
2004 1.181948
2005 1.182468
2006 1.182384
2007 1.182614
2008 1.182410
2009 1.182056
2010 1.181572
2011 1.182054
2012 1.182380
2013 1.182626
2014 1.182060
2015 1.182568
2016 1.182448
2017 1.182510
2018 1.182714
2019 1.182924
2020 1.183164
2021 1.182806
2022 1.182888
2023 1.183484
2024 1.183160
2025 1.184310
2026 1.184578
2027 1.185108
2028 1.184290
2029 1.184764
2030 1.184732
2031 1.184868
2032 1.184696
2033 1.184770
2034 1.184884
2035 1.184800
2036 1.184580
2037 1.184580
2038 1.184254
2039 1.184198
2040 1.183818
2041 1.184184
2042 1.184202
2043 1.183302
2044 1.183720
2045 1.183408
2046 1.183130
2047 1.183126
2048 1.183546
2049 1.183602
2050 1.183866
2051 1.183910
2052 1.183348
2053 1.183502
2054 1.183970
2055 1.183680
2056 1.184184
2057 1.184380
2058 1.184828
2059 1.184704
2060 1.184610
2061 1.184392
2062 1.184740
2063 1.185154
2064 1.185274
2065 1.184734
2066 1.184158
2067 1.183814
2068 1.183436
2069 1.183404
2070 1.183606
2071 1.183924
2072 1.183694
2073 1.183236
2074 1.183250
2075 1.183162
2076 1.182862
2077 1.182616
2078 1.182580
2079 1.182544
2080 1.182760
2081 1.182250
2082 1.182122
2083 1.181722
2084 1.181522
2085 1.180458
2086 1.180966
2087 1.181156
2088 1.180800
2089 1.180856
2090 1.180766
2091 1.181530
2092 1.181584
2093 1.181532
2094 1.181498
2095 1.181652
2096 1.181556
2097 1.181500
2098 1.181664
2099 1.181830
2100 1.182322
2101 1.182582
2102 1.182866
2103 1.182576
2104 1.183016
2105 1.182610
2106 1.182632
2107 1.183002
2108 1.182578
2109 1.182472
2110 1.182818
2111 1.182604
2112 1.182222
2113 1.181944
2114 1.181692
2115 1.181334
2116 1.181034
2117 1.180768
2118 1.180538
2119 1.180398
2120 1.181042
2121 1.181074
2122 1.181434
2123 1.180902
2124 1.180480
2125 1.180478
2126 1.180888
2127 1.180428
2128 1.180812
2129 1.180816
2130 1.181978
2131 1.182660
2132 1.182820
2133 1.182690
2134 1.182056
2135 1.182206
2136 1.181772
2137 1.181828
2138 1.181172
2139 1.180606
2140 1.180760
2141 1.180764
2142 1.180398
2143 1.180738
2144 1.180792
2145 1.180550
2146 1.179902
2147 1.179344
2148 1.179696
2149 1.179254
2150 1.178810
2151 1.179698
2152 1.180048
2153 1.180340
2154 1.179766
2155 1.180448
2156 1.180408
2157 1.180018
2158 1.180132
2159 1.180442
2160 1.180382
2161 1.180208
2162 1.180228
2163 1.180500
2164 1.180108
2165 1.180850
2166 1.180484
2167 1.180938
2168 1.181066
2169 1.180928
2170 1.181028
2171 1.180882
2172 1.180822
2173 1.181388
2174 1.181068
2175 1.181096
2176 1.181022
2177 1.181112
2178 1.181032
2179 1.180924
2180 1.181128
2181 1.180996
2182 1.180952
2183 1.180718
2184 1.181552
2185 1.181026
2186 1.181156
2187 1.181532
2188 1.181808
2189 1.182038
2190 1.182086
2191 1.182126
2192 1.181746
2193 1.181420
2194 1.182416
2195 1.182000
2196 1.182476
2197 1.182134
2198 1.182326
2199 1.182762
2200 1.183030
2201 1.183196
2202 1.183546
2203 1.183376
2204 1.183150
2205 1.183406
2206 1.183840
2207 1.184116
2208 1.184174
2209 1.183540
2210 1.183720
2211 1.183942
2212 1.183840
2213 1.183636
2214 1.183578
2215 1.183590
2216 1.183970
2217 1.184124
2218 1.184238
2219 1.184486
2220 1.184104
2221 1.183920
2222 1.183272
2223 1.183456
2224 1.183844
2225 1.183894
2226 1.184520
2227 1.184508
2228 1.184388
2229 1.184382
2230 1.184394
2231 1.184624
2232 1.184296
2233 1.184630
2234 1.184528
2235 1.184244
2236 1.183944
2237 1.184026
2238 1.183812
2239 1.183468
2240 1.183500
2241 1.183964
2242 1.184492
2243 1.184820
2244 1.184486
2245 1.184432
2246 1.184210
2247 1.184048
2248 1.184130
2249 1.184554
2250 1.184286
2251 1.183846
2252 1.183444
2253 1.183968
2254 1.184350
2255 1.184206
2256 1.183804
2257 1.183992
2258 1.183832
2259 1.183242
2260 1.183224
2261 1.183360
2262 1.183780
2263 1.183744
2264 1.183322
2265 1.183584
2266 1.183990
2267 1.184372
2268 1.183988
2269 1.184366
2270 1.184516
2271 1.184512
2272 1.184738
2273 1.184338
2274 1.184418
2275 1.183786
2276 1.183608
2277 1.183694
2278 1.183448
2279 1.183456
2280 1.183300
2281 1.182754
2282 1.182608
2283 1.183124
2284 1.182748
2285 1.182526
2286 1.181622
2287 1.181712
2288 1.182286
2289 1.182856
2290 1.183040
2291 1.182342
2292 1.181884
2293 1.182132
2294 1.182404
2295 1.182240
2296 1.182360
2297 1.182206
2298 1.181426
2299 1.181482
2300 1.181610
2301 1.181714
2302 1.181926
2303 1.182480
2304 1.181906
2305 1.181722
2306 1.182234
2307 1.182560
2308 1.182328
2309 1.182188
2310 1.182220
2311 1.183064
2312 1.183036
2313 1.182442
2314 1.182764
2315 1.182620
2316 1.182002
2317 1.182514
2318 1.182220
2319 1.182096
2320 1.182066
2321 1.182566
2322 1.182498
2323 1.182180
2324 1.182766
2325 1.182388
2326 1.182558
2327 1.182340
2328 1.182568
2329 1.182594
2330 1.182652
2331 1.182604
2332 1.183112
2333 1.182660
2334 1.182306
2335 1.182040
2336 1.181888
2337 1.181616
2338 1.181684
2339 1.181386
2340 1.181652
2341 1.181796
2342 1.181134
2343 1.181246
2344 1.181420
2345 1.181788
2346 1.182164
2347 1.182530
2348 1.182916
2349 1.182174
2350 1.182488
2351 1.182876
2352 1.182452
2353 1.183196
2354 1.183388
2355 1.183940
2356 1.184608
2357 1.184434
2358 1.183838
2359 1.183702
2360 1.184294
2361 1.184212
2362 1.184012
2363 1.183628
2364 1.183476
2365 1.183812
2366 1.183946
2367 1.183618
2368 1.183386
2369 1.182728
2370 1.182990
2371 1.182998
2372 1.183282
2373 1.183544
2374 1.183428
2375 1.183694
2376 1.183100
2377 1.182744
2378 1.182716
2379 1.183214
2380 1.183570
2381 1.183764
2382 1.184476
2383 1.183866
2384 1.183688
2385 1.184058
2386 1.184204
2387 1.184136
2388 1.184018
2389 1.184074
2390 1.183894
2391 1.183664
2392 1.184060
2393 1.184462
2394 1.184422
2395 1.184862
2396 1.185062
2397 1.184942
2398 1.184690
2399 1.184638
2400 1.184484
2401 1.184768
2402 1.184628
2403 1.184136
2404 1.184602
2405 1.184876
2406 1.184336
2407 1.183844
2408 1.183566
2409 1.183902
2410 1.184140
2411 1.183822
2412 1.183498
2413 1.182988
2414 1.183700
2415 1.183940
2416 1.183618
2417 1.184090
2418 1.183694
2419 1.183276
2420 1.183270
2421 1.183042
2422 1.183628
2423 1.183376
2424 1.183386
2425 1.183818
2426 1.183224
2427 1.183634
2428 1.183168
2429 1.182336
2430 1.182364
2431 1.182402
2432 1.182954
2433 1.183302
2434 1.183062
2435 1.182562
2436 1.183026
2437 1.183242
2438 1.182758
2439 1.183046
2440 1.183154
2441 1.183456
2442 1.183330
2443 1.182908
2444 1.183034
2445 1.182960
2446 1.182214
2447 1.182594
2448 1.181950
2449 1.181978
2450 1.182154
2451 1.182140
2452 1.181520
2453 1.181826
2454 1.182284
2455 1.182190
2456 1.182508
2457 1.182612
2458 1.182820
2459 1.183328
2460 1.182802
2461 1.182736
2462 1.183342
2463 1.182928
2464 1.183024
2465 1.183118
2466 1.182378
2467 1.182394
2468 1.182624
2469 1.182580
2470 1.182692
2471 1.182846
2472 1.183162
2473 1.184130
2474 1.184564
2475 1.184640
2476 1.184202
2477 1.184004
2478 1.184042
2479 1.183452
2480 1.183864
2481 1.183484
2482 1.183036
2483 1.182896
2484 1.182686
2485 1.182448
2486 1.182342
2487 1.182796
2488 1.183092
2489 1.184232
2490 1.184312
2491 1.183664
2492 1.183554
2493 1.183306
2494 1.183564
2495 1.183094
2496 1.182952
2497 1.182720
2498 1.182386
2499 1.182028
2500 1.181924
2501 1.182570
2502 1.182894
2503 1.183014
2504 1.183052
2505 1.183118
2506 1.183912
2507 1.183406
2508 1.183248
2509 1.182552
2510 1.182974
2511 1.183016
2512 1.182562
2513 1.182600
2514 1.182532
2515 1.182824
2516 1.182992
2517 1.182720
2518 1.182908
2519 1.183614
2520 1.183414
2521 1.183476
2522 1.183846
2523 1.183564
2524 1.183526
2525 1.183220
2526 1.183532
2527 1.183330
2528 1.183976
2529 1.184644
2530 1.185048
2531 1.184826
2532 1.184448
2533 1.184104
2534 1.184092
2535 1.183866
2536 1.184016
2537 1.183734
2538 1.183436
2539 1.183668
2540 1.183456
2541 1.183700
2542 1.183964
2543 1.184014
2544 1.183498
2545 1.183942
2546 1.183582
2547 1.183564
2548 1.184244
2549 1.184634
2550 1.184782
2551 1.184472
2552 1.184676
2553 1.184174
2554 1.184306
2555 1.184496
2556 1.184144
2557 1.183770
2558 1.182796
2559 1.182970
2560 1.182520
2561 1.182784
2562 1.182624
2563 1.182484
2564 1.183164
2565 1.182608
2566 1.182060
2567 1.182328
2568 1.182754
2569 1.183336
2570 1.183260
2571 1.183064
2572 1.182678
2573 1.183218
2574 1.183620
2575 1.183586
2576 1.183412
2577 1.183000
2578 1.182866
2579 1.182972
2580 1.182314
2581 1.182054
2582 1.182060
2583 1.181966
2584 1.181590
2585 1.181610
2586 1.182030
2587 1.181638
2588 1.181136
2589 1.180980
2590 1.181456
2591 1.181450
2592 1.180840
2593 1.180822
2594 1.181148
2595 1.181062
2596 1.181458
2597 1.182034
2598 1.181868
2599 1.181866
2600 1.181960
2601 1.182046
2602 1.182336
2603 1.182096
2604 1.181478
2605 1.181782
2606 1.181318
2607 1.181112
2608 1.181446
2609 1.181562
2610 1.181436
2611 1.182032
2612 1.181942
2613 1.181354
2614 1.182256
2615 1.182074
2616 1.182464
2617 1.182140
2618 1.181846
2619 1.182132
2620 1.181980
2621 1.182312
2622 1.182192
2623 1.182372
2624 1.182196
2625 1.182324
2626 1.182648
2627 1.182588
2628 1.182652
2629 1.182622
2630 1.181872
2631 1.181704
2632 1.182036
2633 1.181956
2634 1.182074
2635 1.182528
2636 1.182578
2637 1.182724
2638 1.182604
2639 1.182240
2640 1.181610
2641 1.181588
2642 1.181636
2643 1.181406
2644 1.181606
2645 1.181586
2646 1.182164
2647 1.181506
2648 1.181760
2649 1.181860
2650 1.181832
2651 1.181440
2652 1.181434
2653 1.182174
2654 1.182144
2655 1.181566
2656 1.182418
2657 1.182268
2658 1.182216
2659 1.182186
2660 1.181720
2661 1.181844
2662 1.181486
2663 1.181230
2664 1.181872
2665 1.182024
2666 1.182224
2667 1.181712
2668 1.181704
2669 1.181796
2670 1.181910
2671 1.182654
2672 1.182824
2673 1.182686
2674 1.182440
2675 1.182082
2676 1.182376
2677 1.182326
2678 1.182056
2679 1.182542
2680 1.182892
2681 1.182648
2682 1.182922
2683 1.182686
2684 1.183010
2685 1.183042
2686 1.183292
2687 1.183728
2688 1.183828
2689 1.184140
2690 1.184700
2691 1.184884
2692 1.185198
2693 1.185358
2694 1.185088
2695 1.184950
2696 1.185032
2697 1.184664
2698 1.185656
2699 1.185650
2700 1.185504
2701 1.185258
2702 1.185226
2703 1.185268
2704 1.185364
2705 1.185912
2706 1.185362
2707 1.185040
2708 1.185028
2709 1.184704
2710 1.184804
2711 1.184332
2712 1.183704
2713 1.183896
2714 1.184020
2715 1.183370
2716 1.184070
2717 1.184790
2718 1.184808
2719 1.184650
2720 1.184572
2721 1.184496
2722 1.184254
2723 1.184556
2724 1.184990
2725 1.185054
2726 1.184946
2727 1.184520
2728 1.184480
2729 1.183542
2730 1.183260
2731 1.183118
2732 1.183228
2733 1.183288
2734 1.183520
2735 1.183400
2736 1.183142
2737 1.182936
2738 1.183564
2739 1.183140
2740 1.183276
2741 1.184400
2742 1.184486
2743 1.184432
2744 1.183976
2745 1.183596
2746 1.183524
2747 1.183606
2748 1.183644
2749 1.183498
2750 1.183236
2751 1.183422
2752 1.182814
2753 1.183542
2754 1.184212
2755 1.184758
2756 1.185278
2757 1.185080
2758 1.184776
2759 1.184488
2760 1.184170
2761 1.184222
2762 1.184164
2763 1.184138
2764 1.184118
2765 1.184586
2766 1.184422
2767 1.183872
2768 1.183698
2769 1.183828
2770 1.184008
2771 1.184232
2772 1.183628
2773 1.184020
2774 1.183942
2775 1.183684
2776 1.184116
2777 1.183940
2778 1.184114
2779 1.184396
2780 1.184590
2781 1.184538
2782 1.184582
2783 1.184446
2784 1.184424
2785 1.184808
2786 1.184492
2787 1.184510
2788 1.184428
2789 1.183944
2790 1.183998
2791 1.183630
2792 1.183526
2793 1.182874
2794 1.182914
2795 1.182532
2796 1.182866
2797 1.182672
2798 1.183106
2799 1.183384
2800 1.182984
2801 1.182630
2802 1.182582
2803 1.182944
2804 1.183242
2805 1.183102
2806 1.183070
2807 1.183006
2808 1.183018
2809 1.182630
2810 1.182870
2811 1.182570
2812 1.183052
2813 1.183004
2814 1.183346
2815 1.183444
2816 1.183180
2817 1.183646
2818 1.183432
2819 1.183542
2820 1.183126
2821 1.183206
2822 1.183516
2823 1.183646
2824 1.184176
2825 1.184662
2826 1.184588
2827 1.184872
2828 1.184596
2829 1.185462
2830 1.185000
2831 1.184624
2832 1.184782
2833 1.184428
2834 1.184160
2835 1.183574
2836 1.183748
2837 1.184022
2838 1.183570
2839 1.183952
2840 1.184158
2841 1.185238
2842 1.184948
2843 1.184412
2844 1.183936
2845 1.183858
2846 1.183470
2847 1.183216
2848 1.182760
2849 1.182900
2850 1.182774
2851 1.182788
2852 1.183166
2853 1.183510
2854 1.183576
2855 1.183568
2856 1.184268
2857 1.184370
2858 1.183682
2859 1.183726
2860 1.183810
2861 1.183922
2862 1.184082
2863 1.184156
2864 1.183708
2865 1.182910
2866 1.183234
2867 1.183694
2868 1.184394
2869 1.184000
2870 1.184272
2871 1.183654
2872 1.183426
2873 1.183190
2874 1.183836
2875 1.183646
2876 1.183608
2877 1.183718
2878 1.183526
2879 1.183612
2880 1.183856
2881 1.182794
2882 1.182032
2883 1.182008
2884 1.181832
2885 1.182200
2886 1.182060
2887 1.182286
2888 1.182030
2889 1.181672
2890 1.181796
2891 1.181984
2892 1.182028
2893 1.182248
2894 1.182304
2895 1.182442
2896 1.181828
2897 1.182192
2898 1.182226
2899 1.181888
2900 1.182222
2901 1.182490
2902 1.182552
2903 1.182854
2904 1.182830
2905 1.182300
2906 1.182524
2907 1.182892
2908 1.182574
2909 1.182540
2910 1.183002
2911 1.182938
2912 1.182956
2913 1.183054
2914 1.182442
2915 1.182324
2916 1.182314
2917 1.182440
2918 1.182120
2919 1.182166
2920 1.182058
2921 1.182770
2922 1.182264
2923 1.182584
2924 1.183110
2925 1.183376
2926 1.183196
2927 1.184192
2928 1.184104
2929 1.184102
2930 1.183616
2931 1.184308
2932 1.183440
2933 1.182698
2934 1.182704
2935 1.182536
2936 1.182384
2937 1.181810
2938 1.181894
2939 1.182288
2940 1.182192
2941 1.182350
2942 1.182190
2943 1.182020
2944 1.181752
2945 1.181990
2946 1.182924
2947 1.183354
2948 1.182800
2949 1.182524
2950 1.182326
2951 1.182194
2952 1.181942
2953 1.182050
2954 1.182112
2955 1.181918
2956 1.182036
2957 1.182698
2958 1.182806
2959 1.182176
2960 1.181986
2961 1.181774
2962 1.181714
2963 1.181762
2964 1.180400
2965 1.180324
2966 1.180274
2967 1.180168
2968 1.180078
2969 1.180134
2970 1.179570
2971 1.179972
2972 1.179516
2973 1.179238
2974 1.179292
2975 1.179334
2976 1.179164
2977 1.179280
2978 1.179224
2979 1.180146
2980 1.180226
2981 1.180486
2982 1.180610
2983 1.180816
2984 1.180696
2985 1.180490
2986 1.180432
2987 1.180692
2988 1.181342
2989 1.181230
2990 1.180818
2991 1.180776
2992 1.179788
2993 1.180048
2994 1.179852
2995 1.179482
2996 1.178588
2997 1.178844
2998 1.179048
2999 1.178842
3000 1.179534
3001 1.179606
3002 1.180588
3003 1.180750
3004 1.181774
3005 1.182690
3006 1.182522
3007 1.182478
3008 1.181692
3009 1.181552
3010 1.181778
3011 1.182020
3012 1.181296
3013 1.181366
3014 1.181108
3015 1.180336
3016 1.180134
3017 1.180196
3018 1.180298
3019 1.180368
3020 1.180560
3021 1.180740
3022 1.181304
3023 1.181806
3024 1.181864
3025 1.181786
3026 1.182150
3027 1.182152
3028 1.182112
3029 1.182594
3030 1.182490
3031 1.182680
3032 1.183000
3033 1.183130
3034 1.183414
3035 1.183456
3036 1.183332
3037 1.183260
3038 1.182934
3039 1.182586
3040 1.182636
3041 1.182766
3042 1.182982
3043 1.182966
3044 1.183666
3045 1.183188
3046 1.182994
3047 1.182812
3048 1.182204
3049 1.182268
3050 1.181558
3051 1.181992
3052 1.182720
3053 1.182354
3054 1.182916
3055 1.182122
3056 1.182436
3057 1.182430
3058 1.182212
3059 1.181822
3060 1.181822
3061 1.182038
3062 1.181954
3063 1.181210
3064 1.181910
3065 1.181752
3066 1.181884
3067 1.181964
3068 1.182180
3069 1.181412
3070 1.180542
3071 1.181138
3072 1.180676
3073 1.180126
3074 1.180174
3075 1.180442
3076 1.179840
3077 1.180122
3078 1.181028
3079 1.180978
3080 1.180838
3081 1.181208
3082 1.181220
3083 1.181540
3084 1.181688
3085 1.181700
3086 1.181928
3087 1.181984
3088 1.182202
3089 1.181988
3090 1.181420
3091 1.180950
3092 1.181312
3093 1.181230
3094 1.181588
3095 1.181278
3096 1.181410
3097 1.181812
3098 1.182190
3099 1.182172
3100 1.181724
3101 1.181912
3102 1.181678
3103 1.181110
3104 1.181292
3105 1.181024
3106 1.181052
3107 1.181096
3108 1.181276
3109 1.180778
3110 1.180626
3111 1.180932
3112 1.180976
3113 1.181528
3114 1.182150
3115 1.182198
3116 1.181838
3117 1.182054
3118 1.182482
3119 1.182916
3120 1.183786
3121 1.183588
3122 1.183840
3123 1.184032
3124 1.183694
3125 1.184360
3126 1.184346
3127 1.183906
3128 1.184146
3129 1.184224
3130 1.185026
3131 1.185232
3132 1.184360
3133 1.183886
3134 1.183648
3135 1.184108
3136 1.184636
3137 1.184376
3138 1.184438
3139 1.184340
3140 1.183652
3141 1.184080
3142 1.183870
3143 1.183528
3144 1.183970
3145 1.184148
3146 1.184288
3147 1.184264
3148 1.183548
3149 1.182870
3150 1.182482
3151 1.182532
3152 1.183174
3153 1.183362
3154 1.182776
3155 1.182748
3156 1.182606
3157 1.182834
3158 1.182460
3159 1.182770
3160 1.182894
3161 1.182860
3162 1.183216
3163 1.183134
3164 1.183490
3165 1.183554
3166 1.183314
3167 1.182926
3168 1.182600
3169 1.182530
3170 1.182572
3171 1.182604
3172 1.182076
3173 1.182166
3174 1.181904
3175 1.182072
3176 1.182070
3177 1.183508
3178 1.183546
3179 1.183362
3180 1.183066
3181 1.182764
3182 1.183118
3183 1.182882
3184 1.183060
3185 1.183206
3186 1.183322
3187 1.183508
3188 1.183944
3189 1.184354
3190 1.183832
3191 1.183316
3192 1.184052
3193 1.183638
3194 1.183582
3195 1.183532
3196 1.183134
3197 1.183066
3198 1.182736
3199 1.182856
3200 1.183114
3201 1.183146
3202 1.182794
3203 1.183146
3204 1.182920
3205 1.182960
3206 1.183364
3207 1.183486
3208 1.183770
3209 1.184182
3210 1.184458
3211 1.184570
3212 1.185138
3213 1.184440
3214 1.184326
3215 1.184182
3216 1.183968
3217 1.183646
3218 1.183426
3219 1.183026
3220 1.183558
3221 1.183602
3222 1.183734
3223 1.183676
3224 1.183228
3225 1.182920
3226 1.182552
3227 1.182672
3228 1.183000
3229 1.182728
3230 1.182846
3231 1.182400
3232 1.182004
3233 1.181856
3234 1.181484
3235 1.182112
3236 1.181648
3237 1.181470
3238 1.181840
3239 1.182576
3240 1.182102
3241 1.181748
3242 1.181822
3243 1.182140
3244 1.181932
3245 1.181714
3246 1.181150
3247 1.180904
3248 1.181174
3249 1.181304
3250 1.181270
3251 1.181760
3252 1.181230
3253 1.181946
3254 1.181940
3255 1.181946
3256 1.181904
3257 1.181254
3258 1.181528
3259 1.181794
3260 1.181914
3261 1.182078
3262 1.182436
3263 1.182730
3264 1.182990
3265 1.182718
3266 1.182238
3267 1.182222
3268 1.182324
3269 1.182162
3270 1.181492
3271 1.181298
3272 1.181654
3273 1.181578
3274 1.182152
3275 1.181970
3276 1.181948
3277 1.182384
3278 1.182586
3279 1.181980
3280 1.181596
3281 1.181318
3282 1.181464
3283 1.181196
3284 1.181304
3285 1.181450
3286 1.182208
3287 1.182256
3288 1.181852
3289 1.181784
3290 1.181686
3291 1.181976
3292 1.181634
3293 1.181432
3294 1.181918
3295 1.182096
3296 1.182200
3297 1.182442
3298 1.182266
3299 1.182112
3300 1.181928
3301 1.181512
3302 1.181684
3303 1.182070
3304 1.182454
3305 1.182100
3306 1.182558
3307 1.182706
3308 1.182434
3309 1.182020
3310 1.182238
3311 1.182716
3312 1.182502
3313 1.182712
3314 1.183022
3315 1.182402
3316 1.182564
3317 1.182758
3318 1.182438
3319 1.181902
3320 1.182042
3321 1.182202
3322 1.181952
3323 1.182076
3324 1.181888
3325 1.181450
3326 1.181014
3327 1.181586
3328 1.181950
3329 1.181996
3330 1.182062
3331 1.181394
3332 1.181210
3333 1.181952
3334 1.182028
3335 1.181866
3336 1.181910
3337 1.181320
3338 1.181342
3339 1.181240
3340 1.181388
3341 1.180972
3342 1.181920
3343 1.181408
3344 1.180912
3345 1.180862
3346 1.181340
3347 1.180732
3348 1.180748
3349 1.180210
3350 1.180640
3351 1.180824
3352 1.181134
3353 1.182060
3354 1.181906
3355 1.181278
3356 1.181376
3357 1.181160
3358 1.181284
3359 1.181360
3360 1.181756
3361 1.182170
3362 1.181952
3363 1.182318
3364 1.182124
3365 1.181908
3366 1.181394
3367 1.181686
3368 1.181656
3369 1.181404
3370 1.181902
3371 1.182366
3372 1.181722
3373 1.182246
3374 1.182050
3375 1.181962
3376 1.182394
3377 1.182548
3378 1.182936
3379 1.182598
3380 1.183172
3381 1.184176
3382 1.184260
3383 1.184070
3384 1.183960
3385 1.183698
3386 1.183872
3387 1.182928
3388 1.182684
3389 1.182568
3390 1.182940
3391 1.183166
3392 1.182742
3393 1.183368
3394 1.184064
3395 1.184298
3396 1.183790
3397 1.183644
3398 1.183702
3399 1.183704
3400 1.184054
3401 1.183964
3402 1.184096
3403 1.184134
3404 1.184198
3405 1.183560
3406 1.183286
3407 1.183212
3408 1.182298
3409 1.181906
3410 1.181962
3411 1.181238
3412 1.180412
3413 1.180780
3414 1.181392
3415 1.181322
3416 1.181520
3417 1.181658
3418 1.181242
3419 1.181672
3420 1.181612
3421 1.182046
3422 1.181872
3423 1.181942
3424 1.181832
3425 1.181524
3426 1.181482
3427 1.180798
3428 1.181124
3429 1.181266
3430 1.181104
3431 1.181192
3432 1.181326
3433 1.180928
3434 1.180464
3435 1.180934
3436 1.180968
3437 1.181628
3438 1.182174
3439 1.182846
3440 1.182932
3441 1.183088
3442 1.183038
3443 1.182498
3444 1.182410
3445 1.182070
3446 1.181930
3447 1.181820
3448 1.181666
3449 1.181624
3450 1.181526
3451 1.182134
3452 1.182964
3453 1.183248
3454 1.183278
3455 1.183802
3456 1.184008
3457 1.184034
3458 1.184166
3459 1.184536
3460 1.185198
3461 1.185128
3462 1.185080
3463 1.184594
3464 1.184520
3465 1.184808
3466 1.185000
3467 1.184944
3468 1.184536
3469 1.184132
3470 1.184426
3471 1.183922
3472 1.184006
3473 1.184120
3474 1.184260
3475 1.184234
3476 1.184514
3477 1.184344
3478 1.184284
3479 1.183900
3480 1.183830
3481 1.183494
3482 1.183708
3483 1.183344
3484 1.183128
3485 1.182996
3486 1.182804
3487 1.183038
3488 1.183274
3489 1.182272
3490 1.183150
3491 1.183074
3492 1.183158
3493 1.182202
3494 1.182428
3495 1.182492
3496 1.182680
3497 1.183396
3498 1.183032
3499 1.182838
3500 1.183216
3501 1.183480
3502 1.183230
3503 1.183170
3504 1.183016
3505 1.183036
3506 1.183326
3507 1.183340
3508 1.182978
3509 1.182964
3510 1.183012
3511 1.183508
3512 1.183606
3513 1.183038
3514 1.182698
3515 1.182540
3516 1.182336
3517 1.182628
3518 1.183206
3519 1.183464
3520 1.183866
3521 1.183510
3522 1.183508
3523 1.183896
3524 1.183418
3525 1.183304
3526 1.183690
3527 1.183482
3528 1.183490
3529 1.183420
3530 1.183018
3531 1.182664
3532 1.182074
3533 1.182338
3534 1.182250
3535 1.182256
3536 1.182650
3537 1.183034
3538 1.182890
3539 1.182794
3540 1.183522
3541 1.183124
3542 1.183144
3543 1.183230
3544 1.183366
3545 1.183332
3546 1.183200
3547 1.182496
3548 1.182616
3549 1.182288
3550 1.182092
3551 1.182510
3552 1.181910
3553 1.181634
3554 1.181394
3555 1.180970
3556 1.181622
3557 1.182150
3558 1.182340
3559 1.182758
3560 1.182462
3561 1.182348
3562 1.182156
3563 1.182340
3564 1.182892
3565 1.183018
3566 1.183290
3567 1.183934
3568 1.184092
3569 1.184154
3570 1.183322
3571 1.183936
3572 1.183808
3573 1.183704
3574 1.183334
3575 1.183314
3576 1.183206
3577 1.183526
3578 1.183626
3579 1.183904
3580 1.183606
3581 1.183520
3582 1.183232
3583 1.182820
3584 1.182614
3585 1.183006
3586 1.183426
3587 1.183658
3588 1.183716
3589 1.183782
3590 1.184656
3591 1.184788
3592 1.184982
3593 1.185040
3594 1.184798
3595 1.184490
3596 1.184158
3597 1.183738
3598 1.183628
3599 1.183050
3600 1.183788
3601 1.184346
3602 1.184054
3603 1.184916
3604 1.184362
3605 1.184764
3606 1.184874
3607 1.184622
3608 1.184732
3609 1.184096
3610 1.184282
3611 1.184144
3612 1.184058
3613 1.184066
3614 1.183906
3615 1.183276
3616 1.182986
3617 1.183042
3618 1.183122
3619 1.183238
3620 1.183486
3621 1.183308
3622 1.182752
3623 1.182830
3624 1.182950
3625 1.182856
3626 1.182584
3627 1.182922
3628 1.182902
3629 1.183458
3630 1.183096
3631 1.183438
3632 1.183586
3633 1.184032
3634 1.184244
3635 1.183904
3636 1.184280
3637 1.183942
3638 1.184394
3639 1.184280
3640 1.184500
3641 1.183852
3642 1.183770
3643 1.183312
3644 1.183264
3645 1.183864
3646 1.183318
3647 1.184024
3648 1.184144
3649 1.183652
3650 1.182916
3651 1.183420
3652 1.183334
3653 1.183024
3654 1.182806
3655 1.182912
3656 1.182078
3657 1.181938
3658 1.182320
3659 1.182422
3660 1.182342
3661 1.183160
3662 1.183490
3663 1.183584
3664 1.184132
3665 1.184026
3666 1.184002
3667 1.184122
3668 1.183678
3669 1.183756
3670 1.183230
3671 1.183276
3672 1.183658
3673 1.183916
3674 1.183726
3675 1.183660
3676 1.183828
3677 1.184520
3678 1.184268
3679 1.184278
3680 1.184190
3681 1.184456
3682 1.184702
3683 1.184554
3684 1.184904
3685 1.183902
3686 1.184034
3687 1.184206
3688 1.183840
3689 1.183760
3690 1.183386
3691 1.182856
3692 1.183114
3693 1.183054
3694 1.182764
3695 1.182328
3696 1.182824
3697 1.183058
3698 1.183050
3699 1.183374
3700 1.182936
3701 1.183568


Active cycles: 2200
k_mean: 1.182672
k_stddev(cycle): 0.001288
k_stderr(mean): 0.000027
