1 1.209168
2 1.074465
3 1.112853
4 1.129341
5 1.141183
6 1.149017
7 1.152997
8 1.158127
9 1.162146
10 1.167310
11 1.173436
12 1.174227
13 1.173348
14 1.173955
15 1.177265
16 1.179396
17 1.179420
18 1.176217
19 1.178275
20 1.180813
21 1.181886
22 1.179100
23 1.181352
24 1.180439
25 1.181794
26 1.179867
27 1.179343
28 1.179386
29 1.184847
30 1.179095
31 1.182114
32 1.180789
33 1.180323
34 1.182706
35 1.180260
36 1.180881
37 1.186395
38 1.181255
39 1.177882
40 1.179202
41 1.181163
42 1.182905
43 1.183162
44 1.183924
45 1.184114
46 1.185725
47 1.184599
48 1.181978
49 1.179736
50 1.179245
51 1.182925
52 1.182007
53 1.182536
54 1.183541
55 1.181022
56 1.180702
57 1.185128
58 1.186011
59 1.183594
60 1.180721
61 1.182235
62 1.179396
63 1.181134
64 1.179930
65 1.182764
66 1.180779
67 1.179440
68 1.183881
69 1.188856
70 1.182434
71 1.181376
72 1.180046
73 1.181415
74 1.182410
75 1.179469
76 1.181318
77 1.180105
78 1.183774
79 1.183080
80 1.180731
81 1.183968
82 1.178857
83 1.181536
84 1.182177
85 1.178377
86 1.185759
87 1.180420
88 1.188526
89 1.180109
90 1.180920
91 1.180469
92 1.182493
93 1.184007
94 1.178760
95 1.183109
96 1.183764
97 1.180143
98 1.182274
99 1.177154
100 1.182027
101 1.181609
102 1.185215
103 1.183793
104 1.184648
105 1.184939
106 1.184070
107 1.185876
108 1.182167
109 1.180066
110 1.184288
111 1.180410
112 1.179012
113 1.184080
114 1.182604
115 1.182570
116 1.184065
117 1.185274
118 1.186249
119 1.184682
120 1.184152
121 1.179105
122 1.182842
123 1.185094
124 1.186167
125 1.182954
126 1.183764
127 1.182954
128 1.183949
129 1.180590
130 1.182653
131 1.184453
132 1.184817
133 1.189045
134 1.188404
135 1.182192
136 1.185021
137 1.181837
138 1.182109
139 1.180003
140 1.178391
141 1.180308
142 1.183080
143 1.185366
144 1.183866
145 1.183104
146 1.183201
147 1.186642
148 1.185764
149 1.186536
150 1.183128
151 1.181216
152 1.183342
153 1.181134
154 1.181769
155 1.177848
156 1.182575
157 1.184861
158 1.180619
159 1.182138
160 1.186021
161 1.182381
162 1.179090
163 1.186181
164 1.183949
165 1.183818
166 1.181265
167 1.179760
168 1.183779
169 1.185259
170 1.184298
171 1.182968
172 1.186531
173 1.182051
174 1.185589
175 1.178692
176 1.183764
177 1.182560
178 1.180643
179 1.183754
180 1.184521
181 1.181376
182 1.183289
183 1.184550
184 1.179139
185 1.186172
186 1.184720
187 1.179396
188 1.182459
189 1.183750
190 1.184143
191 1.181430
192 1.185584
193 1.184541
194 1.181677
195 1.183327
196 1.181590
197 1.182696
198 1.187341
199 1.181100
200 1.183177
201 1.182803
202 1.185424
203 1.182755
204 1.182468
205 1.183793
206 1.183284
207 1.185647
208 1.182245
209 1.180925
210 1.183017
211 1.184609
212 1.178377
213 1.184002
214 1.181963
215 1.181221
216 1.187865
217 1.184206
218 1.182323
219 1.183473
220 1.180095
221 1.180624
222 1.179532
223 1.177464
224 1.181104
225 1.177129
226 1.183934
227 1.185502
228 1.184546
229 1.176159
230 1.180017
231 1.183128
232 1.184269
233 1.182871
234 1.182420
235 1.183366
236 1.178687
237 1.186759
238 1.182677
239 1.185249
240 1.182556
241 1.181881
242 1.181813
243 1.188380
244 1.181711
245 1.187734
246 1.183682
247 1.180672
248 1.183691
249 1.182352
250 1.181682
251 1.183070
252 1.185521
253 1.182590
254 1.187147
255 1.177731
256 1.182434
257 1.179983
258 1.181599
259 1.182701
260 1.180891
261 1.183978
262 1.184832
263 1.185744
264 1.184468
265 1.185497
266 1.183900
267 1.182031
268 1.182075
269 1.182522
270 1.181080
271 1.182162
272 1.181269
273 1.184114
274 1.180910
275 1.184521
276 1.180469
277 1.184186
278 1.182983
279 1.185147
280 1.181896
281 1.179896
282 1.182226
283 1.185434
284 1.177945
285 1.186220
286 1.182808
287 1.182920
288 1.181954
289 1.181959
290 1.180745
291 1.181633
292 1.185647
293 1.187380
294 1.180697
295 1.182114
296 1.183978
297 1.180600
298 1.179440
299 1.182687
300 1.181687
301 1.183619
302 1.182900
303 1.184148
304 1.183560
305 1.181430
306 1.178852
307 1.185070
308 1.182619
309 1.182745
310 1.183007
311 1.180338
312 1.186298
313 1.187647
314 1.181400
315 1.185317
316 1.182357
317 1.187967
318 1.185880
319 1.186594
320 1.183114
321 1.180571
322 1.182201
323 1.186477
324 1.182051
325 1.184104
326 1.181167
327 1.185021
328 1.181129
329 1.184152
330 1.182269
331 1.184633
332 1.182162
333 1.184730
334 1.184948
335 1.186570
336 1.183313
337 1.180444
338 1.187870
339 1.177911
340 1.184914
341 1.183774
342 1.186133
343 1.183531
344 1.183342
345 1.183745
346 1.184361
347 1.182196
348 1.183570
349 1.182177
350 1.180726
351 1.181973
352 1.181959
353 1.183274
354 1.183992
355 1.179284
356 1.183182
357 1.179163
358 1.184254
359 1.180289
360 1.187933
361 1.185924
362 1.181648
363 1.183910
364 1.186623
365 1.188555
366 1.184662
367 1.186492
368 1.186341
369 1.185939
370 1.184628
371 1.181231
372 1.187836
373 1.184531
374 1.182284
375 1.187225
376 1.184361
377 1.179114
378 1.180998
379 1.182692
380 1.181638
381 1.185395
382 1.184148
383 1.178323
384 1.185463
385 1.185332
386 1.177964
387 1.184269
388 1.179551
389 1.179454
390 1.180614
391 1.185570
392 1.183585
393 1.184541
394 1.184905
395 1.187885
396 1.182051
397 1.186914
398 1.179833
399 1.181760
400 1.183356
401 1.180017
402 1.180978
403 1.182483
404 1.182221
405 1.184851
406 1.185560
407 1.182682
408 1.185890
409 1.186623
410 1.183570
411 1.181371
412 1.180488
413 1.180517
414 1.183473
415 1.181682
416 1.181774
417 1.184385
418 1.183041
419 1.181532
420 1.177518
421 1.181930
422 1.184453
423 1.181197
424 1.184366
425 1.183148
426 1.182264
427 1.179546
428 1.180517
429 1.183444
430 1.183764
431 1.180721
432 1.179168
433 1.180609
434 1.183536
435 1.182527
436 1.185385
437 1.181235
438 1.180265
439 1.183488
440 1.183750
441 1.182531
442 1.183502
443 1.183721
444 1.184371
445 1.183774
446 1.182929
447 1.183405
448 1.181265
449 1.180357
450 1.185541
451 1.189331
452 1.183361
453 1.178954
454 1.181731
455 1.182342
456 1.184900
457 1.182954
458 1.185191
459 1.181832
460 1.182672
461 1.182216
462 1.180289
463 1.183386
464 1.185473
465 1.180216
466 1.184842
467 1.184269
468 1.184919
469 1.182017
470 1.192501
471 1.184060
472 1.181328
473 1.182624
474 1.177061
475 1.182400
476 1.182429
477 1.183022
478 1.183886
479 1.179954
480 1.184817
481 1.183992
482 1.183803
483 1.180886
484 1.176843
485 1.182095
486 1.183779
487 1.181930
488 1.187477
489 1.183997
490 1.181182
491 1.190088
492 1.183633
493 1.189593
494 1.183779
495 1.185482
496 1.185541
497 1.186652
498 1.180478
499 1.185152
500 1.185021
501 1.179333
502 1.179600
503 1.180736
504 1.181677
505 1.181012
506 1.182366
507 1.184347
508 1.179158
509 1.183551
510 1.181934
511 1.180949
512 1.187768
513 1.179721
514 1.180299
515 1.182395
516 1.186152
517 1.185444
518 1.184046
519 1.182143
520 1.183531
521 1.187055
522 1.182318
523 1.186681
524 1.182192
525 1.182182
526 1.182337
527 1.182648
528 1.181779
529 1.183026
530 1.183949
531 1.185463
532 1.180299
533 1.178517
534 1.183026
535 1.180119
536 1.180852
537 1.183080
538 1.186841
539 1.181963
540 1.185070
541 1.186405
542 1.181619
543 1.182381
544 1.182439
545 1.181896
546 1.180614
547 1.182444
548 1.184327
549 1.184376
550 1.186560
551 1.186584
552 1.181997
553 1.181687
554 1.183051
555 1.183405
556 1.185725
557 1.183405
558 1.182187
559 1.181240
560 1.181386
561 1.185740
562 1.183449
563 1.181255
564 1.181687
565 1.188346
566 1.180357
567 1.185293
568 1.183716
569 1.183852
570 1.182269
571 1.183289
572 1.181080
573 1.182085
574 1.180886
575 1.182696
576 1.184123
577 1.184400
578 1.181022
579 1.181944
580 1.181701
581 1.186113
582 1.185269
583 1.179770
584 1.181507
585 1.184361
586 1.181973
587 1.182861
588 1.184458
589 1.180187
590 1.181959
591 1.185473
592 1.185502
593 1.182425
594 1.187302
595 1.184351
596 1.182934
597 1.182721
598 1.181206
599 1.181716
600 1.186254
601 1.178382
602 1.181342
603 1.184055
604 1.182196
605 1.184827
606 1.180862
607 1.182400
608 1.180386
609 1.182750
610 1.179736
611 1.181886
612 1.185575
613 1.181172
614 1.185778
615 1.185109
616 1.183065
617 1.180168
618 1.183701
619 1.182119
620 1.183046
621 1.182832
622 1.181852
623 1.181944
624 1.183279
625 1.186142
626 1.182022
627 1.181100
628 1.182696
629 1.182517
630 1.184541
631 1.177411
632 1.184837
633 1.183473
634 1.181046
635 1.181968
636 1.181294
637 1.184002
638 1.183623
639 1.187613
640 1.184701
641 1.182104
642 1.176144
643 1.183051
644 1.177600
645 1.180677
646 1.182915
647 1.184706
648 1.183167
649 1.185958
650 1.180328
651 1.186511
652 1.187812
653 1.187802
654 1.182527
655 1.185322
656 1.182041
657 1.183614
658 1.184803
659 1.181323
660 1.184021
661 1.180706
662 1.182910
663 1.181585
664 1.183531
665 1.182162
666 1.182216
667 1.181347
668 1.181260
669 1.178663
670 1.182929
671 1.182983
672 1.182609
673 1.183376
674 1.179391
675 1.184196
676 1.182337
677 1.183318
678 1.181692
679 1.179993
680 1.182041
681 1.181658
682 1.186002
683 1.181978
684 1.180439
685 1.184148
686 1.183716
687 1.179493
688 1.186361
689 1.181279
690 1.184317
691 1.184633
692 1.183881
693 1.183599
694 1.179265
695 1.179930
696 1.184968
697 1.187036
698 1.188982
699 1.183235
700 1.181784
701 1.182556
702 1.183580
703 1.185104
704 1.184502
705 1.181366
706 1.184541
707 1.185186
708 1.184783
709 1.179580
710 1.179173
711 1.181711
712 1.179896
713 1.182488
714 1.182303
715 1.184298
716 1.185337
717 1.184089
718 1.183701
719 1.185482
720 1.186089
721 1.184720
722 1.182701
723 1.179401
724 1.182415
725 1.184963
726 1.181032
727 1.182949
728 1.182420
729 1.187118
730 1.185410
731 1.183706
732 1.187055
733 1.183502
734 1.182963
735 1.190040
736 1.188375
737 1.180265
738 1.180206
739 1.181585
740 1.185536
741 1.183944
742 1.183332
743 1.182027
744 1.183313
745 1.185623
746 1.180663
747 1.184565
748 1.184371
749 1.179639
750 1.180459
751 1.184342
752 1.180313
753 1.186502
754 1.182963
755 1.178032
756 1.181090
757 1.183881
758 1.178357
759 1.182643
760 1.179211
761 1.183289
762 1.183546
763 1.181842
764 1.182949
765 1.183924
766 1.181716
767 1.181687
768 1.187652
769 1.186468
770 1.180032
771 1.180852
772 1.184051
773 1.182041
774 1.185497
775 1.178032
776 1.179760
777 1.179891
778 1.181808
779 1.182284
780 1.182473
781 1.180736
782 1.182201
783 1.177459
784 1.183852
785 1.182672
786 1.183182
787 1.179488
788 1.186759
789 1.183594
790 1.186007
791 1.180716
792 1.186890
793 1.183667
794 1.185012
795 1.182958
796 1.178042
797 1.182832
798 1.183424
799 1.182891
800 1.185759
801 1.182012
802 1.184910
803 1.183575
804 1.184293
805 1.182638
806 1.185123
807 1.182196
808 1.178964
809 1.179163
810 1.181502
811 1.184735
812 1.182565
813 1.185473
814 1.185249
815 1.184720
816 1.183754
817 1.181934
818 1.181269
819 1.182920
820 1.182682
821 1.183920
822 1.184914
823 1.182721
824 1.181255
825 1.187317
826 1.180177
827 1.180765
828 1.178707
829 1.181643
830 1.183973
831 1.182619
832 1.183085
833 1.181129
834 1.181177
835 1.183827
836 1.184075
837 1.187142
838 1.178081
839 1.186244
840 1.182361
841 1.179915
842 1.182221
843 1.182303
844 1.181789
845 1.179750
846 1.185177
847 1.184133
848 1.186108
849 1.183187
850 1.182808
851 1.180755
852 1.180032
853 1.184677
854 1.184997
855 1.184201
856 1.179707
857 1.186298
858 1.181842
859 1.183109
860 1.184958
861 1.183643
862 1.182687
863 1.179590
864 1.185186
865 1.180711
866 1.185201
867 1.180226
868 1.188579
869 1.187836
870 1.182740
871 1.178799
872 1.181299
873 1.181886
874 1.187171
875 1.183075
876 1.184881
877 1.183085
878 1.178600
879 1.181318
880 1.180240
881 1.180066
882 1.184021
883 1.183915
884 1.185283
885 1.178852
886 1.186715
887 1.186526
888 1.182245
889 1.179624
890 1.185929
891 1.182230
892 1.185157
893 1.179770
894 1.181682
895 1.184342
896 1.188055
897 1.186196
898 1.184628
899 1.182706
900 1.185283
901 1.183458
902 1.185400
903 1.184094
904 1.186720
905 1.179051
906 1.182764
907 1.181818
908 1.184167
909 1.179959
910 1.186356
911 1.187924
912 1.182716
913 1.184822
914 1.179648
915 1.182590
916 1.185584
917 1.182493
918 1.189899
919 1.187133
920 1.184696
921 1.176489
922 1.183439
923 1.184429
924 1.186041
925 1.180347
926 1.184186
927 1.184919
928 1.184211
929 1.188594
930 1.186133
931 1.183245
932 1.184706
933 1.186880
934 1.182080
935 1.181449
936 1.182119
937 1.180498
938 1.182056
939 1.186201
940 1.185720
941 1.176921
942 1.184881
943 1.187613
944 1.184405
945 1.182556
946 1.181532
947 1.180391
948 1.183822
949 1.182022
950 1.180920
951 1.183075
952 1.184298
953 1.183036
954 1.187749
955 1.183332
956 1.182065
957 1.184638
958 1.186788
959 1.186259
960 1.182721
961 1.180498
962 1.184288
963 1.182381
964 1.181755
965 1.182740
966 1.181352
967 1.187225
968 1.183706
969 1.183614
970 1.183968
971 1.182235
972 1.182968
973 1.184992
974 1.183594
975 1.181764
976 1.184516
977 1.182075
978 1.181570
979 1.184177
980 1.185744
981 1.182216
982 1.180517
983 1.182895
984 1.187501
985 1.182536
986 1.182289
987 1.178357
988 1.182129
989 1.182667
990 1.180124
991 1.179910
992 1.181536
993 1.186041
994 1.183920
995 1.177027
996 1.186332
997 1.184259
998 1.180852
999 1.184303
1000 1.184065
1001 1.183318


Active cycles: 200
k_mean: 1.183214
k_stddev(cycle): 0.002476
k_stderr(mean): 0.000175
Reactivity(rho): 0.154844, Per Cent error compared to reference: 0.042565
Total Time: 1807.424056seconds. Average: 1.805618 seconds per cycle.
