2 0.984526
3 0.982914
4 0.982940
5 0.983456
6 0.983324
7 0.982768
8 0.981812
9 0.980904
10 0.979534
11 0.978644
12 0.977684
13 0.976312
14 0.975322
15 0.974832
16 0.974114
17 0.973248
18 0.972706
19 0.972800
20 0.972776
22 0.973392
23 0.973562
24 0.974824
25 0.975396
26 0.976228
27 0.976938
28 0.977544
29 0.978656
30 0.979088
31 0.980150
32 0.981106
33 0.982658
34 0.983926
35 0.985224
36 0.987082
37 0.988206
38 0.989060
39 0.990564
40 0.991888
42 0.995030
43 0.996452
44 0.998500
45 0.999950
46 1.001264
47 1.003006
48 1.004506
49 1.006560
50 1.008596
51 1.010280
52 1.011690
53 1.013090
54 1.014470
55 1.015728
56 1.017462
57 1.019146
58 1.021094
59 1.023756
60 1.026060
62 1.029334
63 1.030854
64 1.032838
65 1.034878
66 1.036880
67 1.039576
68 1.041046
69 1.042646
70 1.044950
71 1.046822
72 1.048736
73 1.051052
74 1.053592
75 1.055306
76 1.057398
77 1.059050
78 1.060448
79 1.062080
80 1.063468
82 1.067086
83 1.068366
84 1.069932
85 1.071760
86 1.072808
87 1.074084
88 1.075258
89 1.076476
90 1.077812
91 1.079064
92 1.080160
93 1.081450
94 1.082838
95 1.084266
96 1.085888
97 1.087278
98 1.088440
99 1.089220
100 1.090274
102 1.093226
103 1.094438
104 1.095530
105 1.096704
106 1.097964
107 1.099190
108 1.100698
109 1.102026
110 1.103096
111 1.103976
112 1.104896
113 1.105436
114 1.106832
115 1.108292
116 1.109168
117 1.110592
118 1.111464
119 1.112642
120 1.113690
122 1.116372
123 1.117352
124 1.118804
125 1.120070
126 1.120436
127 1.121720
128 1.122258
129 1.122466
130 1.122798
131 1.123154
132 1.123770
133 1.124060
134 1.124358
135 1.125112
136 1.125614
137 1.125886
138 1.126704
139 1.127220
140 1.128202
142 1.129594
143 1.130468
144 1.130978
145 1.131624
146 1.131910
147 1.132266
148 1.133498
149 1.134370
150 1.134778
151 1.135346
152 1.136116
153 1.137260
154 1.137880
155 1.138698
156 1.139320
157 1.139920
158 1.140576
159 1.141874
160 1.142534
162 1.144044
163 1.143852
164 1.144516
165 1.144678
166 1.145194
167 1.145372
168 1.146020
169 1.146032
170 1.146066
171 1.146776
172 1.147302
173 1.147796
174 1.148408
175 1.148830
176 1.148764
177 1.149210
178 1.149960
179 1.150140
180 1.150298
182 1.150274
183 1.151314
184 1.151226
185 1.151346
186 1.151932
187 1.152474
188 1.152672
189 1.153194
190 1.154162
191 1.154548
192 1.154812
193 1.155624
194 1.155958
195 1.155590
196 1.155286
197 1.156134
198 1.156014
199 1.156682
200 1.157114
202 1.157596
203 1.158096
204 1.158360
205 1.158078
206 1.158814
207 1.158678
208 1.159340
209 1.158938
210 1.160016
211 1.159414
212 1.159396
213 1.158768
214 1.158772
215 1.159122
216 1.159104
217 1.159022
218 1.159776
219 1.160138
220 1.160422
222 1.161640
223 1.161902
224 1.162638
225 1.162986
226 1.162846
227 1.163362
228 1.162898
229 1.162512
230 1.162492
231 1.162264
232 1.161730
233 1.162014
234 1.162482
235 1.162046
236 1.161842
237 1.161750
238 1.162006
239 1.162766
240 1.163306
242 1.163682
243 1.163888
244 1.164624
245 1.164714
246 1.165088
247 1.164786
248 1.164768
249 1.164866
250 1.165098
251 1.165004
252 1.164760
253 1.164472
254 1.163660
255 1.163738
256 1.164450
257 1.164146
258 1.164728
259 1.164946
260 1.165600
262 1.166280
263 1.166214
264 1.165804
265 1.166242
266 1.166270
267 1.165938
268 1.165922
269 1.166312
270 1.166532
271 1.166530
272 1.166620
273 1.167456
274 1.168630
275 1.169256
276 1.168578
277 1.168492
278 1.168858
279 1.168478
280 1.169426
282 1.170178
283 1.170338
284 1.170632
285 1.170722
286 1.169998
287 1.170732
288 1.170572
289 1.170594
290 1.170968
291 1.170644
292 1.170888
293 1.170920
294 1.170842
295 1.171026
296 1.171546
297 1.171336
298 1.171480
299 1.171692
300 1.171990
302 1.171740
303 1.171752
304 1.171842
305 1.171398
306 1.171002
307 1.171358
308 1.171170
309 1.171172
310 1.171738
311 1.171470
312 1.172214
313 1.172348
314 1.171554
315 1.171142
316 1.171880
317 1.171586
318 1.172488
319 1.172594
320 1.173212
322 1.173340
323 1.172914
324 1.173222
325 1.172416
326 1.172020
327 1.172186
328 1.172358
329 1.172656
330 1.172196
331 1.171844
332 1.172254
333 1.172996
334 1.172984
335 1.173320
336 1.173728
337 1.173486
338 1.173848
339 1.173736
340 1.174052
342 1.174612
343 1.174896
344 1.174338
345 1.174594
346 1.174272
347 1.174798
348 1.174542
349 1.174862
350 1.175124
351 1.174936
352 1.174864
353 1.175762
354 1.175162
355 1.175118
356 1.175308
357 1.175302
358 1.175422
359 1.175898
360 1.175944
362 1.176024
363 1.176228
364 1.175878
365 1.175678
366 1.175818
367 1.175798
368 1.175334
369 1.175320
370 1.176058
371 1.176992
372 1.176948
373 1.176928
374 1.176028
375 1.175510
376 1.175916
377 1.176002
378 1.175406
379 1.175786
380 1.175472
382 1.175306
383 1.175850
384 1.176272
385 1.176846
386 1.177362
387 1.177286
388 1.177284
389 1.177514
390 1.177954
391 1.178118
392 1.178626
393 1.178114
394 1.178306
395 1.177558
396 1.177556
397 1.177582
398 1.176978
399 1.177182
400 1.176560
402 1.176102
403 1.176540
404 1.176538
405 1.176310
406 1.175804
407 1.176700
408 1.176644
409 1.176974
410 1.177598
411 1.177974
412 1.178134
413 1.177722
414 1.178116
415 1.178746
416 1.178632
417 1.178402
418 1.178630
419 1.178394
420 1.178530
422 1.177488
423 1.177324
424 1.176888
425 1.176700
426 1.177922
427 1.177388
428 1.177586
429 1.176834
430 1.176482
431 1.176128
432 1.176856
433 1.176916
434 1.177136
435 1.177154
436 1.176634
437 1.176136
438 1.175970
439 1.176290
440 1.176644
442 1.176718
443 1.177058
444 1.177472
445 1.177368
446 1.177440
447 1.177102
448 1.177320
449 1.177500
450 1.177090
451 1.178306
452 1.178460
453 1.178518
454 1.178444
455 1.177856
456 1.178034
457 1.177146
458 1.177084
459 1.177886
460 1.177358
462 1.177908
463 1.178014
464 1.177808
465 1.178562
466 1.178816
467 1.178414
468 1.178426
469 1.178490
470 1.178228
471 1.178366
472 1.179218
473 1.178908
474 1.178674
475 1.177908
476 1.177652
477 1.177636
478 1.177684
479 1.177784
480 1.178072
482 1.177438
483 1.177426
484 1.177252
485 1.176688
486 1.176918
487 1.176622
488 1.176352
489 1.176218
490 1.176722
491 1.176664
492 1.176736
493 1.177092
494 1.177236
495 1.177082
496 1.176952
497 1.177596
498 1.177810
499 1.178076
500 1.177956
502 1.178188
503 1.177900
504 1.177286
505 1.177258
506 1.178054
507 1.178392
508 1.178314
509 1.178048
510 1.178048
511 1.177762
512 1.177574
513 1.178462
514 1.178832
515 1.178396
516 1.178968
517 1.179592
518 1.179582
519 1.179314
520 1.178936
522 1.178454
523 1.178698
524 1.178896
525 1.178376
526 1.178120
527 1.178294
528 1.178718
529 1.179126
530 1.178764
531 1.178522
532 1.178474
533 1.178990
534 1.179298
535 1.179794
536 1.179486
537 1.179120
538 1.178988
539 1.179502
540 1.179772
542 1.181050
543 1.181642
544 1.180986
545 1.181046
546 1.180872
547 1.181436
548 1.181560
549 1.182270
550 1.182360
551 1.183262
552 1.183138
553 1.182436
554 1.182336
555 1.182750
556 1.182660
557 1.182982
558 1.183462
559 1.183514
560 1.183340
562 1.182900
563 1.182344
564 1.181878
565 1.182044
566 1.181546
567 1.181466
568 1.181608
569 1.180978
570 1.181074
571 1.180584
572 1.180906
573 1.180420
574 1.180626
575 1.180748
576 1.181224
577 1.181316
578 1.181126
579 1.181832
580 1.181784
582 1.181206
583 1.180746
584 1.180310
585 1.180540
586 1.180742
587 1.180700
588 1.180934
589 1.180860
590 1.180452
591 1.180644
592 1.180804
593 1.180758
594 1.180498
595 1.180456
596 1.180136
597 1.179874
598 1.179676
599 1.180344
600 1.180600
602 1.181172
603 1.180946
604 1.181442
605 1.180920
606 1.180098
607 1.180460
608 1.180076
609 1.180216
610 1.180078
611 1.180418
612 1.180476
613 1.180056
614 1.180268
615 1.179858
616 1.179802
617 1.180000
618 1.180314
619 1.180640
620 1.180618
622 1.180518
623 1.179850
624 1.180008
625 1.180004
626 1.179978
627 1.179866
628 1.180398
629 1.180680
630 1.181328
631 1.181580
632 1.181372
633 1.181662
634 1.182174
635 1.181774
636 1.181388
637 1.181298
638 1.181718
639 1.181790
640 1.181296
642 1.181176
643 1.181594
644 1.181694
645 1.181454
646 1.181786
647 1.182124
648 1.181502
649 1.181102
650 1.180988
651 1.181238
652 1.181726
653 1.181454
654 1.181876
655 1.181820
656 1.181936
657 1.182206
658 1.181736
659 1.181960
660 1.182180
662 1.182214
663 1.182050
664 1.181506
665 1.181540
666 1.181926
667 1.181706
668 1.181400
669 1.181864
670 1.182216
671 1.182042
672 1.181800
673 1.181600
674 1.181084
675 1.180760
676 1.180102
677 1.180398
678 1.180326
679 1.180004
680 1.180262
682 1.180572
683 1.180362
684 1.180688
685 1.180866
686 1.180834
687 1.180488
688 1.180664
689 1.180452
690 1.180626
691 1.180780
692 1.180938
693 1.180936
694 1.181576
695 1.181418
696 1.181192
697 1.180582
698 1.180434
699 1.180200
700 1.180326
702 1.179898
703 1.179978
704 1.180018
705 1.179862
706 1.180046
707 1.180254
708 1.180262
709 1.179628
710 1.179800
711 1.180078
712 1.180622
713 1.180214
714 1.180592
715 1.180426
716 1.180754
717 1.181204
718 1.181324
719 1.180788
720 1.180748
722 1.180972
723 1.180814
724 1.180912
725 1.181324
726 1.181508
727 1.181118
728 1.180540
729 1.181286
730 1.181456
731 1.181596
732 1.182478
733 1.182438
734 1.182232
735 1.182538
736 1.183130
737 1.183026
738 1.183300
739 1.182886
740 1.182784
742 1.182710
743 1.182192
744 1.182668
745 1.182642
746 1.183390
747 1.183732
748 1.183272
749 1.183676
750 1.183496
751 1.183130
752 1.183126
753 1.183240
754 1.183704
755 1.183988
756 1.184276
757 1.184766
758 1.184736
759 1.184632
760 1.184480
762 1.184556
763 1.184128
764 1.183890
765 1.183562
766 1.183394
767 1.183070
768 1.183214
769 1.183218
770 1.183208
771 1.183036
772 1.183164
773 1.182310
774 1.182272
775 1.182236
776 1.182802
777 1.182758
778 1.182698
779 1.182630
780 1.182756
782 1.183040
783 1.182730
784 1.183024
785 1.183246
786 1.182586
787 1.182714
788 1.183498
789 1.184244
790 1.183704
791 1.183596
792 1.182696
793 1.182370
794 1.182358
795 1.181970
796 1.182264
797 1.182572
798 1.182330
799 1.182268
800 1.182526
802 1.182698
803 1.182418
804 1.182148
805 1.182832
806 1.183404
807 1.182504
808 1.182062
809 1.182354
810 1.182582
811 1.182500
812 1.182522
813 1.182500
814 1.182000
815 1.182288
816 1.182176
817 1.182444
818 1.182246
819 1.181956
820 1.181438
822 1.180528
823 1.180490
824 1.180652
825 1.180876
826 1.181144
827 1.180954
828 1.180512
829 1.180328
830 1.180480
831 1.180190
832 1.179584
833 1.179758
834 1.179814
835 1.179940
836 1.180006
837 1.180022
838 1.180066
839 1.179504
840 1.178734
842 1.179342
843 1.178978
844 1.178854
845 1.179198
846 1.179116
847 1.179382
848 1.179032
849 1.178388
850 1.178572
851 1.178784
852 1.179252
853 1.178592
854 1.178900
855 1.178940
856 1.178860
857 1.178936
858 1.179496
859 1.179262
860 1.178982
862 1.179430
863 1.179504
864 1.179844
865 1.180146
866 1.179746
867 1.179636
868 1.180670
869 1.181294
870 1.181250
871 1.181074
872 1.180802
873 1.180740
874 1.180598
875 1.180562
876 1.180488
877 1.180646
878 1.180410
879 1.180728
880 1.180838
882 1.181660
883 1.181548
884 1.181696
885 1.181280
886 1.181456
887 1.181470
888 1.181452
889 1.181314
890 1.180774
891 1.181458
892 1.181718
893 1.181996
894 1.182322
895 1.182590
896 1.182124
897 1.182582
898 1.182452
899 1.182246
900 1.182524
902 1.181730
903 1.181814
904 1.181620
905 1.181718
906 1.181306
907 1.181066
908 1.181904
909 1.182286
910 1.181808
911 1.182160
912 1.183208
913 1.183720
914 1.183444
915 1.182922
916 1.182134
917 1.182636
918 1.182064
919 1.182108
920 1.182220
922 1.182118
923 1.182644
924 1.182124
925 1.182066
926 1.182374
927 1.182292
928 1.182406
929 1.182222
930 1.181866
931 1.181964
932 1.182106
933 1.181646
934 1.181498
935 1.181170
936 1.181484
937 1.182292
938 1.182818
939 1.182814
940 1.183246
942 1.183624
943 1.183602
944 1.184128
945 1.184086
946 1.183778
947 1.183968
948 1.184024
949 1.183940
950 1.184260
951 1.183188
952 1.183308
953 1.182806
954 1.182390
955 1.182328
956 1.182122
957 1.182112
958 1.182438
959 1.182710
960 1.182388
962 1.182480
963 1.182300
964 1.181830
965 1.181888
966 1.180976
967 1.181362
968 1.181344
969 1.181062
970 1.180218
971 1.180140
972 1.179506
973 1.179798
974 1.179968
975 1.180394
976 1.180222
977 1.180268
978 1.179734
979 1.179098
980 1.179154
982 1.179360
983 1.179682
984 1.179796
985 1.179656
986 1.179554
987 1.180020
988 1.179968
989 1.180126
990 1.179928
991 1.179896
992 1.180056
993 1.180138
994 1.179820
995 1.179166
996 1.179164
997 1.179258
998 1.179906
999 1.180180
1000 1.180288
1002 1.180306
1003 1.180160
1004 1.180190
1005 1.180080
1006 1.180172
1007 1.180874
1008 1.181088
1009 1.181170
1010 1.181384
1011 1.181058
1012 1.181418
1013 1.181526
1014 1.181568
1015 1.180660
1016 1.180094
1017 1.179298
1018 1.179442
1019 1.178590
1020 1.178654
1022 1.179152
1023 1.178662
1024 1.179214
1025 1.179610
1026 1.179102
1027 1.178952
1028 1.179178
1029 1.179004
1030 1.179428
1031 1.179548
1032 1.179610
1033 1.179512
1034 1.179194
1035 1.179480
1036 1.180152
1037 1.179078
1038 1.179698
1039 1.179888
1040 1.179886
1042 1.180004
1043 1.180918
1044 1.181494
1045 1.180704
1046 1.180102
1047 1.180514
1048 1.180190
1049 1.179874
1050 1.180084
1051 1.180632
1052 1.181194
1053 1.180848
1054 1.180654
1055 1.181094
1056 1.180666
1057 1.181034
1058 1.181656
1059 1.181750
1060 1.181236
1062 1.181868
1063 1.181778
1064 1.182006
1065 1.182078
1066 1.181984
1067 1.182476
1068 1.182000
1069 1.181648
1070 1.182026
1071 1.181486
1072 1.181340
1073 1.182076
1074 1.181390
1075 1.181236
1076 1.180474
1077 1.180750
1078 1.180890
1079 1.180828
1080 1.180890
1082 1.181496
1083 1.181198
1084 1.180800
1085 1.181024
1086 1.180496
1087 1.180346
1088 1.181002
1089 1.181250
1090 1.181788
1091 1.181324
1092 1.181686
1093 1.181042
1094 1.181354
1095 1.181248
1096 1.181168
1097 1.181552
1098 1.181426
1099 1.181650
1100 1.181628
1102 1.182164
1103 1.182334
1104 1.182510
1105 1.183030
1106 1.182626
1107 1.182746
1108 1.182992
1109 1.183140
1110 1.182710
1111 1.182616
1112 1.182612
1113 1.182958
1114 1.182932
1115 1.182754
1116 1.182408
1117 1.182838
1118 1.182940
1119 1.183228
1120 1.183208
1122 1.183138
1123 1.183152
1124 1.183086
1125 1.182738
1126 1.183318
1127 1.183506
1128 1.183002
1129 1.182532
1130 1.182884
1131 1.182748
1132 1.182784
1133 1.182516
1134 1.182930
1135 1.183500
1136 1.184108
1137 1.184194
1138 1.184216
1139 1.184110
1140 1.184104
1142 1.184108
1143 1.184322
1144 1.184036
1145 1.183806
1146 1.183850
1147 1.183980
1148 1.183264
1149 1.183126
1150 1.184138
1151 1.184628
1152 1.185104
1153 1.184978
1154 1.184600
1155 1.184578
1156 1.184190
1157 1.183726
1158 1.182768
1159 1.183426
1160 1.183328
1162 1.184358
1163 1.184372
1164 1.184430
1165 1.183834
1166 1.183650
1167 1.184046
1168 1.184166
1169 1.184938
1170 1.184924
1171 1.184860
1172 1.184282
1173 1.184120
1174 1.183984
1175 1.184320
1176 1.184374
1177 1.184740
1178 1.184944
1179 1.184522
1180 1.184224
1182 1.184680
1183 1.184318
1184 1.184208
1185 1.183724
1186 1.183486
1187 1.184008
1188 1.183706
1189 1.183958
1190 1.184206
1191 1.184174
1192 1.183280
1193 1.183368
1194 1.183574
1195 1.183922
1196 1.184124
1197 1.183346
1198 1.183482
1199 1.182826
1200 1.182652
1202 1.183338
1203 1.183080
1204 1.182998
1205 1.182416
1206 1.183078
1207 1.182638
1208 1.182658
1209 1.183488
1210 1.183782
1211 1.184000
1212 1.183580
1213 1.183730
1214 1.183664
1215 1.183254
1216 1.183008
1217 1.183090
1218 1.182818
1219 1.183344
1220 1.183532
1222 1.183394
1223 1.183408
1224 1.183730
1225 1.183882
1226 1.183018
1227 1.183534
1228 1.183606
1229 1.183686
1230 1.183802
1231 1.184270
1232 1.184400
1233 1.184566
1234 1.184482
1235 1.184342
1236 1.184452
1237 1.183428
1238 1.183166
1239 1.183550
1240 1.183002
1242 1.183694
1243 1.184112
1244 1.184102
1245 1.183404
1246 1.183110
1247 1.182902
1248 1.182512
1249 1.182370
1250 1.182660
1251 1.183084
1252 1.182600
1253 1.182640
1254 1.182754
1255 1.182248
1256 1.182236
1257 1.181888
1258 1.182088
1259 1.181972
1260 1.181976
1262 1.182356
1263 1.181846
1264 1.181862
1265 1.181890
1266 1.181616
1267 1.181654
1268 1.182242
1269 1.181726
1270 1.181696
1271 1.181904
1272 1.181850
1273 1.180866
1274 1.180918
1275 1.180970
1276 1.180776
1277 1.180514
1278 1.180260
1279 1.179584
1280 1.179524
1282 1.179656
1283 1.180268
1284 1.180880
1285 1.180962
1286 1.181056
1287 1.180606
1288 1.180100
1289 1.179854
1290 1.179588
1291 1.180010
1292 1.179644
1293 1.179802
1294 1.180232
1295 1.180472
1296 1.180308
1297 1.180390
1298 1.180340
1299 1.180026
1300 1.180198
1302 1.180424
1303 1.180142
1304 1.180062
1305 1.179508
1306 1.179996
1307 1.179858
1308 1.180004
1309 1.180368
1310 1.180058
1311 1.180364
1312 1.180340
1313 1.179908
1314 1.180384
1315 1.180284
1316 1.180274
1317 1.179902
1318 1.179980
1319 1.180490
1320 1.180380
1322 1.179880
1323 1.179714
1324 1.179822
1325 1.180578
1326 1.180864
1327 1.180442
1328 1.180438
1329 1.180256
1330 1.180926
1331 1.181106
1332 1.181532
1333 1.181592
1334 1.181480
1335 1.181854
1336 1.181760
1337 1.182100
1338 1.182864
1339 1.182598
1340 1.182190
1342 1.182410
1343 1.181552
1344 1.181014
1345 1.180462
1346 1.180360
1347 1.180516
1348 1.180520
1349 1.180572
1350 1.180174
1351 1.180002
1352 1.180264
1353 1.179854
1354 1.180476
1355 1.180362
1356 1.180000
1357 1.180018
1358 1.180060
1359 1.179786
1360 1.179990
1362 1.179720
1363 1.179744
1364 1.179594
1365 1.180276
1366 1.180554
1367 1.180528
1368 1.180448
1369 1.180374
1370 1.180524
1371 1.180596
1372 1.180968
1373 1.180956
1374 1.180836
1375 1.181202
1376 1.181224
1377 1.181356
1378 1.180870
1379 1.180638
1380 1.180622
1382 1.180696
1383 1.180910
1384 1.180904
1385 1.181054
1386 1.181214
1387 1.180948
1388 1.181386
1389 1.181044
1390 1.181006
1391 1.181200
1392 1.181478
1393 1.181076
1394 1.181912
1395 1.181990
1396 1.181856
1397 1.182432
1398 1.181958
1399 1.182704
1400 1.182754
1402 1.182784
1403 1.182698
1404 1.182860
1405 1.183268
1406 1.183408
1407 1.183368
1408 1.184052
1409 1.183922
1410 1.183662
1411 1.183788
1412 1.184292
1413 1.184732
1414 1.184088
1415 1.183768
1416 1.183408
1417 1.184376
1418 1.183438
1419 1.183094
1420 1.182548
1422 1.182822
1423 1.182854
1424 1.182920
1425 1.183172
1426 1.182912
1427 1.182388
1428 1.182636
1429 1.183062
1430 1.183180
1431 1.183138
1432 1.183176
1433 1.183384
1434 1.183188
1435 1.183056
1436 1.183466
1437 1.183440
1438 1.182830
1439 1.183348
1440 1.183886
1442 1.183994
1443 1.184126
1444 1.183430
1445 1.183890
1446 1.184382
1447 1.183634
1448 1.183568
1449 1.182868
1450 1.182974
1451 1.183610
1452 1.184100
1453 1.183574
1454 1.183154
1455 1.183556
1456 1.183708
1457 1.184030
1458 1.184054
1459 1.184996
1460 1.184390
1462 1.184888
1463 1.184948
1464 1.184846
1465 1.184692
1466 1.184798
1467 1.184950
1468 1.185162
1469 1.184384
1470 1.184164
1471 1.184386
1472 1.183884
1473 1.183680
1474 1.183644
1475 1.183382
1476 1.183378
1477 1.183438
1478 1.183358
1479 1.182702
1480 1.182394
1482 1.183316
1483 1.183682
1484 1.183100
1485 1.182732
1486 1.182362
1487 1.182834
1488 1.182732
1489 1.182802
1490 1.182466
1491 1.182462
1492 1.182368
1493 1.182438
1494 1.182530
1495 1.182826
1496 1.182882
1497 1.182374
1498 1.182108
1499 1.182506
1500 1.182778
1502 1.182570
1503 1.182194
1504 1.182254
1505 1.182492
1506 1.182822
1507 1.182918
1508 1.183090
1509 1.183078
1510 1.182176
1511 1.182414
1512 1.182992
1513 1.182736
1514 1.182818
1515 1.182664
1516 1.182966
1517 1.182778
1518 1.183026
1519 1.182786
1520 1.182296
1522 1.182434
1523 1.182812
1524 1.182482
1525 1.182674
1526 1.183162
1527 1.183654
1528 1.183186
1529 1.182766
1530 1.182588
1531 1.182374
1532 1.181886
1533 1.181462
1534 1.181968
1535 1.182126
1536 1.181930
1537 1.182134
1538 1.182228
1539 1.182524
1540 1.182304
1542 1.182352
1543 1.182172
1544 1.181908
1545 1.181406
1546 1.181360
1547 1.181110
1548 1.180784
1549 1.181262
1550 1.181034
1551 1.180748
1552 1.180436
1553 1.180204
1554 1.180316
1555 1.180372
1556 1.180186
1557 1.180458
1558 1.181534
1559 1.181234
1560 1.181252
1562 1.181416
1563 1.181480
1564 1.181510
1565 1.181630
1566 1.182024
1567 1.181926
1568 1.182588
1569 1.183628
1570 1.183444
1571 1.183324
1572 1.183476
1573 1.183088
1574 1.182624
1575 1.182554
1576 1.182364
1577 1.182728
1578 1.182470
1579 1.182060
1580 1.181494
1582 1.182442
1583 1.182920
1584 1.182942
1585 1.182904
1586 1.182130
1587 1.181816
1588 1.182002
1589 1.182096
1590 1.181944
1591 1.181516
1592 1.181810
1593 1.181736
1594 1.181796
1595 1.181540
1596 1.180982
1597 1.181074
1598 1.181026
1599 1.181338
1600 1.181284
1602 1.180988
1603 1.181328
1604 1.181474
1605 1.181546
1606 1.181664
1607 1.181642
1608 1.181906
1609 1.181986
1610 1.181976
1611 1.181542
1612 1.182008
1613 1.181920
1614 1.182332
1615 1.182532
1616 1.182220
1617 1.181902
1618 1.182026
1619 1.181342
1620 1.181352
1622 1.181682
1623 1.181768
1624 1.182238
1625 1.181900
1626 1.182236
1627 1.181594
1628 1.181318
1629 1.181476
1630 1.180880
1631 1.181404
1632 1.181744
1633 1.182464
1634 1.181896
1635 1.181554
1636 1.181580
1637 1.181860
1638 1.182166
1639 1.181630
1640 1.181376
1642 1.181042
1643 1.181160
1644 1.181246
1645 1.180312
1646 1.180546
1647 1.181310
1648 1.181860
1649 1.181902
1650 1.181972
1651 1.182534
1652 1.182090
1653 1.181788
1654 1.181576
1655 1.181876
1656 1.181822
1657 1.181508
1658 1.181204
1659 1.181106
1660 1.181262
1662 1.181618
1663 1.181298
1664 1.181578
1665 1.181624
1666 1.181204
1667 1.181716
1668 1.181908
1669 1.182184
1670 1.182166
1671 1.182094
1672 1.182090
1673 1.182024
1674 1.181882
1675 1.181194
1676 1.180542
1677 1.180864
1678 1.180630
1679 1.180522
1680 1.180588
1682 1.180428
1683 1.180440
1684 1.181390
1685 1.181612
1686 1.181792
1687 1.181948
1688 1.182060
1689 1.181890
1690 1.182496
1691 1.182614
1692 1.182990
1693 1.183048
1694 1.183162
1695 1.183286
1696 1.182944
1697 1.182448
1698 1.182526
1699 1.182934
1700 1.182982
1702 1.183212
1703 1.182324
1704 1.182220
1705 1.182190
1706 1.182688
1707 1.182352
1708 1.182424
1709 1.182566
1710 1.182128
1711 1.182420
1712 1.182682
1713 1.182474
1714 1.182302
1715 1.181660
1716 1.181880
1717 1.181620
1718 1.181714
1719 1.181720
1720 1.181614
1722 1.181916
1723 1.181582
1724 1.181280
1725 1.181146
1726 1.181280
1727 1.182158
1728 1.181952
1729 1.181628
1730 1.181870
1731 1.181408
1732 1.181706
1733 1.181488
1734 1.181492
1735 1.181016
1736 1.180790
1737 1.180424
1738 1.180484
1739 1.180706
1740 1.180816
1742 1.181258
1743 1.181400
1744 1.181970
1745 1.182132
1746 1.182262
1747 1.181490
1748 1.181452
1749 1.181416
1750 1.181160
1751 1.180244
1752 1.181082
1753 1.180674
1754 1.180658
1755 1.180470
1756 1.181118
1757 1.181632
1758 1.181436
1759 1.181758
1760 1.182540
1762 1.182242
1763 1.182154
1764 1.181986
1765 1.181288
1766 1.181276
1767 1.181168
1768 1.180892
1769 1.180636
1770 1.180922
1771 1.181536
1772 1.181472
1773 1.181846
1774 1.182066
1775 1.181158
1776 1.181112
1777 1.180776
1778 1.181034
1779 1.181584
1780 1.181580
1782 1.181110
1783 1.181322
1784 1.181466
1785 1.181314
1786 1.181502
1787 1.181904
1788 1.181986
1789 1.181988
1790 1.181536
1791 1.181738
1792 1.181562
1793 1.181330
1794 1.180762
1795 1.180634
1796 1.180834
1797 1.180838
1798 1.180994
1799 1.181478
1800 1.182222
1802 1.182972
1803 1.183002
1804 1.183074
1805 1.182872
1806 1.183266
1807 1.183202
1808 1.183364
1809 1.183734
1810 1.184192
1811 1.183924
1812 1.184296
1813 1.183488
1814 1.183096
1815 1.183142
1816 1.182610
1817 1.182304
1818 1.182140
1819 1.181862
1820 1.181966
1822 1.181794
1823 1.181574
1824 1.181742
1825 1.181978
1826 1.182106
1827 1.182708
1828 1.182720
1829 1.182586
1830 1.182248
1831 1.181976
1832 1.181836
1833 1.181752
1834 1.181754
1835 1.181322
1836 1.181934
1837 1.182208
1838 1.182168
1839 1.181950
1840 1.182010
1842 1.181916
1843 1.182206
1844 1.182162
1845 1.182262
1846 1.182862
1847 1.182658
1848 1.182810
1849 1.183446
1850 1.183380
1851 1.183624
1852 1.183220
1853 1.182954
1854 1.183256
1855 1.183418
1856 1.183582
1857 1.183202
1858 1.183358
1859 1.183072
1860 1.182978
1862 1.183280
1863 1.183032
1864 1.182660
1865 1.182006
1866 1.182438
1867 1.182470
1868 1.182124
1869 1.183038
1870 1.183354
1871 1.183354
1872 1.183072
1873 1.183278
1874 1.183016
1875 1.183234
1876 1.183112
1877 1.183438
1878 1.183126
1879 1.183182
1880 1.183052
1882 1.182748
1883 1.182244
1884 1.182510
1885 1.182150
1886 1.182418
1887 1.183406
1888 1.183284
1889 1.182774
1890 1.182136
1891 1.181378
1892 1.181640
1893 1.181702
1894 1.182042
1895 1.181362
1896 1.181550
1897 1.181578
1898 1.181686
1899 1.181544
1900 1.181792
1902 1.182746
1903 1.182682
1904 1.183176
1905 1.182490
1906 1.182380
1907 1.182198
1908 1.182764
1909 1.183082
1910 1.183244
1911 1.182986
1912 1.182954
1913 1.182184
1914 1.182546
1915 1.182746
1916 1.182592
1917 1.182526
1918 1.182338
1919 1.183442
1920 1.182770
1922 1.182692
1923 1.182426
1924 1.182902
1925 1.182722
1926 1.182804
1927 1.182764
1928 1.182342
1929 1.182732
1930 1.182966
1931 1.182882
1932 1.183964
1933 1.183896
1934 1.183708
1935 1.183734
1936 1.183826
1937 1.183426
1938 1.183376
1939 1.182918
1940 1.183256
1942 1.183722
1943 1.183196
1944 1.182932
1945 1.183310
1946 1.183448
1947 1.184090
1948 1.183840
1949 1.184446
1950 1.184010
1951 1.184142
1952 1.184348
1953 1.184000
1954 1.184030
1955 1.183408
1956 1.183488
1957 1.183004
1958 1.183244
1959 1.183994
1960 1.183738
1962 1.183620
1963 1.183956
1964 1.184484
1965 1.184722
1966 1.184480
1967 1.184272
1968 1.183846
1969 1.184212
1970 1.184658
1971 1.184536
1972 1.183964
1973 1.184920
1974 1.184498
1975 1.184654
1976 1.184682
1977 1.184536
1978 1.184802
1979 1.184540
1980 1.184236
1982 1.183948
1983 1.184004
1984 1.184168
1985 1.184198
1986 1.184680
1987 1.184150
1988 1.183952
1989 1.184124
1990 1.184242
1991 1.184636
1992 1.184724
1993 1.183942
1994 1.183620
1995 1.183394
1996 1.183484
1997 1.183706
1998 1.183290
1999 1.183332
2000 1.183012
2002 1.183736
2003 1.184168
2004 1.183962
2005 1.183692
2006 1.183888
2007 1.183276
2008 1.182712
2009 1.182854
2010 1.182718
2011 1.182980
2012 1.183170
2013 1.182850
2014 1.182844
2015 1.182474
2016 1.182216
2017 1.182250
2018 1.182016
2019 1.181638
2020 1.181972
2022 1.182482
2023 1.183026
2024 1.183052
2025 1.183260
2026 1.183448
2027 1.184138
2028 1.184122
2029 1.183866
2030 1.183834
2031 1.183672
2032 1.183374
2033 1.183254
2034 1.183896
2035 1.183494
2036 1.183028
2037 1.182332
2038 1.182408
2039 1.182460
2040 1.182072
2042 1.182398
2043 1.182692
2044 1.182670
2045 1.183902
2046 1.183308
2047 1.183496
2048 1.183276
2049 1.182640
2050 1.182486
2051 1.182560
2052 1.182444
2053 1.182810
2054 1.182896
2055 1.183530
2056 1.183296
2057 1.183554
2058 1.183026
2059 1.182830
2060 1.182642
2062 1.182410
2063 1.182410
2064 1.181892
2065 1.181304
2066 1.180836
2067 1.180614
2068 1.180238
2069 1.180258
2070 1.179404
2071 1.179672
2072 1.179950
2073 1.180412
2074 1.180780
2075 1.180240
2076 1.180478
2077 1.180400
2078 1.180846
2079 1.181516
2080 1.182258
2082 1.180840
2083 1.181366
2084 1.180800
2085 1.180834
2086 1.180742
2087 1.180902
2088 1.181402
2089 1.181090
2090 1.181506
2091 1.181548
2092 1.181596
2093 1.181982
2094 1.181776
2095 1.181684
2096 1.181870
2097 1.181966
2098 1.182248
2099 1.181682
2100 1.181840
2102 1.182256
2103 1.182240
2104 1.182146
2105 1.182846
2106 1.183080
2107 1.182512
2108 1.182416
2109 1.182574
2110 1.182314
2111 1.182412
2112 1.182180
2113 1.181854
2114 1.181468
2115 1.181720
2116 1.181608
2117 1.181956
2118 1.182738
2119 1.182568
2120 1.182770
2122 1.182664
2123 1.182808
2124 1.182144
2125 1.181900
2126 1.182062
2127 1.181768
2128 1.182080
2129 1.181696
2130 1.182250
2131 1.182048
2132 1.181998
2133 1.181894
2134 1.181534
2135 1.181736
2136 1.181314
2137 1.181522
2138 1.181962
2139 1.181990
2140 1.182196
2142 1.182320
2143 1.182280
2144 1.182172
2145 1.182508
2146 1.182330
2147 1.182152
2148 1.181736
2149 1.181396
2150 1.181222
2151 1.181196
2152 1.181512
2153 1.181196
2154 1.181550
2155 1.181924
2156 1.181570
2157 1.182330
2158 1.182310
2159 1.182274
2160 1.181768
2162 1.181934
2163 1.183004
2164 1.183660
2165 1.183534
2166 1.183166
2167 1.183636
2168 1.183514
2169 1.183802
2170 1.183622
2171 1.183318
2172 1.183026
2173 1.182730
2174 1.182548
2175 1.182090
2176 1.182194
2177 1.182126
2178 1.181016
2179 1.180816
2180 1.180918
2182 1.181146
2183 1.181082
2184 1.180918
2185 1.180984
2186 1.180858
2187 1.180398
2188 1.180964
2189 1.181140
2190 1.181256
2191 1.180904
2192 1.181246
2193 1.181636
2194 1.182116
2195 1.182304
2196 1.182430
2197 1.181840
2198 1.182704
2199 1.183330
2200 1.183226
2202 1.184040
2203 1.183732
2204 1.183632
2205 1.183330
2206 1.183868
2207 1.184016
2208 1.184398
2209 1.184266
2210 1.183748
2211 1.183450
2212 1.183748
2213 1.183782
2214 1.183584
2215 1.182800
2216 1.183162
2217 1.182696
2218 1.182728
2219 1.182932
2220 1.182810
2222 1.182340
2223 1.182388
2224 1.182310
2225 1.182180
2226 1.182402
2227 1.182804
2228 1.182414
2229 1.181922
2230 1.181610
2231 1.181978
2232 1.181690
2233 1.182308
2234 1.181588
2235 1.181762
2236 1.181410
2237 1.181272
2238 1.181582
2239 1.181048
2240 1.182010
2242 1.181440
2243 1.182140
2244 1.182054
2245 1.182020
2246 1.182160
2247 1.182758
2248 1.183058
2249 1.183274
2250 1.183738
2251 1.182938
2252 1.182762
2253 1.183122
2254 1.182996
2255 1.182716
2256 1.183196
2257 1.183262
2258 1.183066
2259 1.182694
2260 1.182716
2262 1.183714
2263 1.183376
2264 1.183360
2265 1.183884
2266 1.184300
2267 1.184196
2268 1.183620
2269 1.183820
2270 1.183930
2271 1.183934
2272 1.183974
2273 1.183384
2274 1.183784
2275 1.184182
2276 1.183780
2277 1.183952
2278 1.183124
2279 1.183006
2280 1.182846
2282 1.183418
2283 1.183514
2284 1.183318
2285 1.183726
2286 1.183456
2287 1.183884
2288 1.183676
2289 1.183898
2290 1.184010
2291 1.183762
2292 1.183168
2293 1.183234
2294 1.182488
2295 1.181644
2296 1.181982
2297 1.182584
2298 1.182520
2299 1.182568
2300 1.182692
2302 1.182972
2303 1.182644
2304 1.182460
2305 1.182724
2306 1.182620
2307 1.182500
2308 1.182150
2309 1.182350
2310 1.182222
2311 1.182360
2312 1.182694
2313 1.182338
2314 1.182916
2315 1.182508
2316 1.182450
2317 1.182568
2318 1.183318
2319 1.182890
2320 1.182836
2322 1.182634
2323 1.182582
2324 1.182328
2325 1.182260
2326 1.182322
2327 1.182794
2328 1.183078
2329 1.184058
2330 1.184062
2331 1.184212
2332 1.183234
2333 1.183512
2334 1.183108
2335 1.182936
2336 1.183610
2337 1.183406
2338 1.183462
2339 1.182838
2340 1.183004
2342 1.183144
2343 1.182364
2344 1.181968
2345 1.181352
2346 1.181878
2347 1.182122
2348 1.182362
2349 1.182536
2350 1.182776
2351 1.183082
2352 1.182706
2353 1.182878
2354 1.182962
2355 1.182822
2356 1.182426
2357 1.182872
2358 1.182714
2359 1.183022
2360 1.182550
2362 1.183260
2363 1.183894
2364 1.183824
2365 1.183918
2366 1.183392
2367 1.183642
2368 1.182924
2369 1.182824
2370 1.182372
2371 1.182860
2372 1.182894
2373 1.182768
2374 1.182850
2375 1.183258
2376 1.183000
2377 1.182570
2378 1.182262
2379 1.182650
2380 1.182672
2382 1.182774
2383 1.182152
2384 1.182250
2385 1.182028
2386 1.181276
2387 1.181046
2388 1.180578
2389 1.180936
2390 1.180838
2391 1.181440
2392 1.181928
2393 1.181636
2394 1.181076
2395 1.181452
2396 1.181122
2397 1.181314
2398 1.181656
2399 1.181718
2400 1.181752
2402 1.181468
2403 1.182196
2404 1.182426
2405 1.182522
2406 1.183084
2407 1.183646
2408 1.183854
2409 1.183978
2410 1.183766
2411 1.183170
2412 1.182836
2413 1.182172
2414 1.182394
2415 1.182212
2416 1.182146
2417 1.182142
2418 1.182612
2419 1.182402
2420 1.183114
2422 1.183508
2423 1.183252
2424 1.182874
2425 1.181930
2426 1.181856
2427 1.182278
2428 1.182352
2429 1.182054
2430 1.182218
2431 1.182450
2432 1.182180
2433 1.181720
2434 1.181984
2435 1.182844
2436 1.182966
2437 1.183340
2438 1.183026
2439 1.182802
2440 1.182048
2442 1.182176
2443 1.182074
2444 1.180916
2445 1.181388
2446 1.181242
2447 1.181082
2448 1.180826
2449 1.180690
2450 1.180764
2451 1.180598
2452 1.180986
2453 1.181122
2454 1.181310
2455 1.181574
2456 1.181800
2457 1.182236
2458 1.182898
2459 1.182790
2460 1.182250
2462 1.182266
2463 1.182284
2464 1.182514
2465 1.183092
2466 1.182622
2467 1.182700
2468 1.182006
2469 1.182530
2470 1.182514
2471 1.182382
2472 1.182352
2473 1.181964
2474 1.182066
2475 1.182028
2476 1.181794
2477 1.181922
2478 1.181810
2479 1.181918
2480 1.182108
2482 1.182348
2483 1.182360
2484 1.181506
2485 1.181952
2486 1.181806
2487 1.182286
2488 1.182028
2489 1.182034
2490 1.181674
2491 1.181356
2492 1.181520
2493 1.181194
2494 1.182080
2495 1.182360
2496 1.181758
2497 1.182000
2498 1.181610
2499 1.182434
2500 1.182320
2502 1.182546
2503 1.182146
2504 1.182000
2505 1.181790
2506 1.181932
2507 1.181814
2508 1.181926
2509 1.182184
2510 1.182686
2511 1.182522
2512 1.183196
2513 1.182550
2514 1.182262
2515 1.182224
2516 1.181890
2517 1.182420
2518 1.181932
2519 1.181664
2520 1.181726
2522 1.181914
2523 1.181780
2524 1.182102
2525 1.182460
2526 1.182804
2527 1.182826
2528 1.183186
2529 1.182936
2530 1.183280
2531 1.183060
2532 1.183126
2533 1.183050
2534 1.182676
2535 1.182334
2536 1.182598
2537 1.182390
2538 1.182524
2539 1.183194
2540 1.183492
2542 1.183510
2543 1.182786
2544 1.182854
2545 1.182846
2546 1.183142
2547 1.183498
2548 1.183680
2549 1.183080
2550 1.183362
2551 1.183540
2552 1.183312
2553 1.183178
2554 1.183176
2555 1.183558
2556 1.184002
2557 1.183742
2558 1.183110
2559 1.182964
2560 1.182694
2562 1.181842
2563 1.182250
2564 1.181870
2565 1.182110
2566 1.182186
2567 1.183154
2568 1.183400
2569 1.183610
2570 1.184062
2571 1.183568
2572 1.183480
2573 1.183964
2574 1.183794
2575 1.183174
2576 1.183466
2577 1.183796
2578 1.183842
2579 1.184346
2580 1.183502
2582 1.183040
2583 1.183116
2584 1.182732
2585 1.183256
2586 1.183500
2587 1.183058
2588 1.182926
2589 1.183064
2590 1.183016
2591 1.182782
2592 1.182872
2593 1.183288
2594 1.183786
2595 1.183310
2596 1.183284
2597 1.182700
2598 1.183514
2599 1.183372
2600 1.183304
2602 1.183382
2603 1.183814
2604 1.183722
2605 1.183678
2606 1.183470
2607 1.183840
2608 1.184278
2609 1.184410
2610 1.184024
2611 1.183978
2612 1.183386
2613 1.183230
2614 1.183768
2615 1.183826
2616 1.184254
2617 1.184760
2618 1.184978
2619 1.185088
2620 1.184702
2622 1.184170
2623 1.184520
2624 1.185160
2625 1.185476
2626 1.185730
2627 1.185070
2628 1.184922
2629 1.184878
2630 1.184366
2631 1.184134
2632 1.183976
2633 1.184070
2634 1.183936
2635 1.183730
2636 1.183682
2637 1.184070
2638 1.184284
2639 1.184026
2640 1.184418
2642 1.184512
2643 1.184988
2644 1.184690
2645 1.185254
2646 1.184980
2647 1.185290
2648 1.185388
2649 1.185450
2650 1.185548
2651 1.185766
2652 1.185234
2653 1.184864
2654 1.185118
2655 1.184242
2656 1.184070
2657 1.183582
2658 1.183490
2659 1.182836
2660 1.182554
2662 1.182638
2663 1.183314
2664 1.183912
2665 1.183682
2666 1.183350
2667 1.182894
2668 1.182882
2669 1.183492
2670 1.183462
2671 1.183652
2672 1.183312
2673 1.183276
2674 1.183294
2675 1.182972
2676 1.182922
2677 1.182852
2678 1.183532
2679 1.183490
2680 1.183348
2682 1.183384
2683 1.183118
2684 1.183642
2685 1.183444
2686 1.183790
2687 1.184164
2688 1.183368
2689 1.183260
2690 1.182680
2691 1.182554
2692 1.182274
2693 1.182090
2694 1.181374
2695 1.181326
2696 1.181550
2697 1.181122
2698 1.181180
2699 1.180364
2700 1.180252
2702 1.179504
2703 1.179360
2704 1.179224
2705 1.179420
2706 1.179702
2707 1.179676
2708 1.179906
2709 1.180206
2710 1.180438
2711 1.180178
2712 1.180262
2713 1.180376
2714 1.180894
2715 1.180752
2716 1.180572
2717 1.181604
2718 1.181316
2719 1.181822
2720 1.181756
2722 1.181376
2723 1.181080
2724 1.181708
2725 1.182004
2726 1.181868
2727 1.181358
2728 1.181440
2729 1.181018
2730 1.181224
2731 1.180886
2732 1.181452
2733 1.181426
2734 1.181868
2735 1.181886
2736 1.181452
2737 1.181074
2738 1.180592
2739 1.180794
2740 1.180996
2742 1.180574
2743 1.181038
2744 1.180926
2745 1.180884
2746 1.181326
2747 1.181560
2748 1.181310
2749 1.181720
2750 1.181642
2751 1.181158
2752 1.181014
2753 1.180984
2754 1.180648
2755 1.180642
2756 1.180666
2757 1.180450
2758 1.180820
2759 1.180962
2760 1.180958
2762 1.180924
2763 1.181170
2764 1.181596
2765 1.181242
2766 1.181054
2767 1.180746
2768 1.180756
2769 1.180664
2770 1.180660
2771 1.180598
2772 1.180884
2773 1.180836
2774 1.180722
2775 1.181002
2776 1.181462
2777 1.181486
2778 1.182132
2779 1.182490
2780 1.182020
2782 1.182318
2783 1.182512
2784 1.182950
2785 1.183044
2786 1.182586
2787 1.182998
2788 1.182220
2789 1.181608
2790 1.181380
2791 1.181256
2792 1.181366
2793 1.181508
2794 1.182064
2795 1.182190
2796 1.182296
2797 1.182594
2798 1.182642
2799 1.182858
2800 1.183130
2802 1.183616
2803 1.183978
2804 1.183460
2805 1.183232
2806 1.183008
2807 1.183262
2808 1.183348
2809 1.183464
2810 1.183860
2811 1.183424
2812 1.182820
2813 1.183358
2814 1.183430
2815 1.183700
2816 1.184520
2817 1.184748
2818 1.185450
2819 1.186162
2820 1.185478
2822 1.184996
2823 1.184476
2824 1.183850
2825 1.183920
2826 1.183888
2827 1.183834
2828 1.184096
2829 1.184390
2830 1.184946
2831 1.184188
2832 1.183676
2833 1.182992
2834 1.182608
2835 1.183034
2836 1.182792
2837 1.182672
2838 1.182346
2839 1.181760
2840 1.182052
2842 1.181492
2843 1.181502
2844 1.181384
2845 1.181664
2846 1.182352
2847 1.182670
2848 1.183194
2849 1.183874
2850 1.183316
2851 1.183024
2852 1.183018
2853 1.183612
2854 1.184320
2855 1.184610
2856 1.185004
2857 1.184506
2858 1.184890
2859 1.183874
2860 1.183340
2862 1.182780
2863 1.182588
2864 1.182962
2865 1.183708
2866 1.184186
2867 1.183528
2868 1.183318
2869 1.183268
2870 1.182870
2871 1.183560
2872 1.183674
2873 1.183190
2874 1.182854
2875 1.182530
2876 1.182796
2877 1.182822
2878 1.182042
2879 1.181962
2880 1.182114
2882 1.182042
2883 1.181852
2884 1.181476
2885 1.181486
2886 1.181952
2887 1.182040
2888 1.182448
2889 1.182490
2890 1.182590
2891 1.182482
2892 1.182434
2893 1.182274
2894 1.182526
2895 1.182342
2896 1.183138
2897 1.183364
2898 1.183000
2899 1.183206
2900 1.183146
2902 1.182138
2903 1.182246
2904 1.182760
2905 1.183090
2906 1.183198
2907 1.183264
2908 1.183602
2909 1.183568
2910 1.183912
2911 1.183820
2912 1.184108
2913 1.184156
2914 1.184388
2915 1.184138
2916 1.183744
2917 1.184066
2918 1.184204
2919 1.184596
2920 1.183776
2922 1.184044
2923 1.184128
2924 1.183640
2925 1.183416
2926 1.182616
2927 1.182558
2928 1.182354
2929 1.182442
2930 1.182608
2931 1.182644
2932 1.182496
2933 1.182258
2934 1.182496
2935 1.182656
2936 1.181838
2937 1.182342
2938 1.183034
2939 1.183680
2940 1.183972
2942 1.184046
2943 1.184758
2944 1.184564
2945 1.184206
2946 1.184378
2947 1.184054
2948 1.183608
2949 1.183374
2950 1.183016
2951 1.183514
2952 1.184206
2953 1.184296
2954 1.184312
2955 1.183746
2956 1.182820
2957 1.182398
2958 1.182068
2959 1.182234
2960 1.181780
2962 1.182224
2963 1.182906
2964 1.182766
2965 1.182500
2966 1.182444
2967 1.182700
2968 1.182948
2969 1.182980
2970 1.183470
2971 1.183964
2972 1.183444
2973 1.183098
2974 1.182060
2975 1.182076
2976 1.182038
2977 1.182092
2978 1.181588
2979 1.181844
2980 1.181886
2982 1.182446
2983 1.182370
2984 1.181582
2985 1.182868
2986 1.182666
2987 1.182374
2988 1.182806
2989 1.183068
2990 1.182762
2991 1.182748
2992 1.181726
2993 1.182762
2994 1.182404
2995 1.182444
2996 1.182232
2997 1.181938
2998 1.181730
2999 1.181836
3000 1.181702
3002 1.181664
3003 1.182086
3004 1.182208
3005 1.182436
3006 1.182624
3007 1.182504
3008 1.182568
3009 1.183038
3010 1.182940
3011 1.182706
3012 1.182900
3013 1.182970
3014 1.182492
3015 1.182944
3016 1.183034
3017 1.183010
3018 1.183026
3019 1.183024
3020 1.183358
3022 1.182488
3023 1.182420
3024 1.181610
3025 1.181734
3026 1.181010
3027 1.180788
3028 1.180178
3029 1.180704
3030 1.180086
3031 1.179956
3032 1.180016
3033 1.179898
3034 1.180576
3035 1.181046
3036 1.180520
3037 1.180706
3038 1.180500
3039 1.179838
3040 1.179918
3042 1.179700
3043 1.180330
3044 1.180220
3045 1.180444
3046 1.180450
3047 1.181014
3048 1.180566
3049 1.180912
3050 1.181526
3051 1.182616
3052 1.182444
3053 1.182682
3054 1.182916
3055 1.182884
3056 1.182992
3057 1.182456
3058 1.182350
3059 1.182324
3060 1.182442
3062 1.182436
3063 1.181836
3064 1.181682
3065 1.182188
3066 1.181630
3067 1.181872
3068 1.182224
3069 1.182106
3070 1.182048
3071 1.182014
3072 1.181944
3073 1.182838
3074 1.182984
3075 1.183124
3076 1.182524
3077 1.182958
3078 1.182192
3079 1.182072
3080 1.182190
3082 1.181300
3083 1.181318
3084 1.181808
3085 1.182650
3086 1.183058
3087 1.183178
3088 1.182934
3089 1.183284
3090 1.182886
3091 1.182646
3092 1.181672
3093 1.181636
3094 1.181042
3095 1.180582
3096 1.181010
3097 1.181472
3098 1.181782
3099 1.181456
3100 1.181602
3102 1.181228
3103 1.181700
3104 1.181572
3105 1.181386
3106 1.181554
3107 1.182348
3108 1.182686
3109 1.182988
3110 1.183070
3111 1.182744
3112 1.182774
3113 1.182508
3114 1.183036
3115 1.183066
3116 1.183402
3117 1.183060
3118 1.182884
3119 1.183130
3120 1.183320
3122 1.183436
3123 1.183410
3124 1.183680
3125 1.184004
3126 1.184302
3127 1.184102
3128 1.183634
3129 1.183552
3130 1.183790
3131 1.184148
3132 1.184636
3133 1.184842
3134 1.184308
3135 1.183778
3136 1.183642
3137 1.183530
3138 1.183532
3139 1.183844
3140 1.184284
3142 1.184404
3143 1.184094
3144 1.183466
3145 1.183470
3146 1.182762
3147 1.182706
3148 1.182610
3149 1.182646
3150 1.182878
3151 1.183398
3152 1.183846
3153 1.183774
3154 1.184056
3155 1.184264
3156 1.184346
3157 1.183698
3158 1.183712
3159 1.183504
3160 1.183416
3162 1.184206
3163 1.184180
3164 1.183380
3165 1.183526
3166 1.183564
3167 1.183242
3168 1.183412
3169 1.183072
3170 1.183154
3171 1.183122
3172 1.183110
3173 1.182708
3174 1.183020
3175 1.183112
3176 1.183210
3177 1.183616
3178 1.183966
3179 1.184394
3180 1.184104
3182 1.184128
3183 1.184402
3184 1.184816
3185 1.184550
3186 1.184498
3187 1.184858
3188 1.184584
3189 1.183652
3190 1.183048
3191 1.182548
3192 1.182190
3193 1.182880
3194 1.182642
3195 1.182346
3196 1.182962
3197 1.182348
3198 1.182152
3199 1.182114
3200 1.182268
3202 1.182022
3203 1.182552
3204 1.182892
3205 1.182648
3206 1.182464
3207 1.182180
3208 1.182178
3209 1.183416
3210 1.183402
3211 1.183154
3212 1.182762
3213 1.181994
3214 1.181768
3215 1.181444
3216 1.180654
3217 1.180182
3218 1.180540
3219 1.180714
3220 1.181120
3222 1.181150
3223 1.181692
3224 1.181734
3225 1.181492
3226 1.181212
3227 1.181498
3228 1.181476
3229 1.181314
3230 1.180990
3231 1.180932
3232 1.180676
3233 1.181194
3234 1.181840
3235 1.181674
3236 1.181880
3237 1.181544
3238 1.182156
3239 1.181850
3240 1.182004
3242 1.182134
3243 1.181748
3244 1.181152
3245 1.181336
3246 1.181368
3247 1.181170
3248 1.181192
3249 1.180834
3250 1.180988
3251 1.181070
3252 1.180776
3253 1.180616
3254 1.180712
3255 1.180756
3256 1.180602
3257 1.180728
3258 1.180704
3259 1.181300
3260 1.180986
3262 1.181216
3263 1.181402
3264 1.181796
3265 1.181614
3266 1.181814
3267 1.182084
3268 1.182256
3269 1.182456
3270 1.182606
3271 1.183048
3272 1.182708
3273 1.183188
3274 1.182956
3275 1.182644
3276 1.182806
3277 1.183056
3278 1.182600
3279 1.182232
3280 1.181472
3282 1.181414
3283 1.182152
3284 1.182672
3285 1.182996
3286 1.182272
3287 1.182768
3288 1.182986
3289 1.183494
3290 1.183198
3291 1.183648
3292 1.184290
3293 1.183990
3294 1.184516
3295 1.184310
3296 1.185038
3297 1.184588
3298 1.183982
3299 1.183738
3300 1.183264
3302 1.183142
3303 1.183002
3304 1.183328
3305 1.183528
3306 1.183664
3307 1.182950
3308 1.182972
3309 1.182580
3310 1.182504
3311 1.182316
3312 1.182566
3313 1.182162
3314 1.181916
3315 1.181956
3316 1.182038
3317 1.181882
3318 1.181458
3319 1.181690
3320 1.181774
3322 1.181508
3323 1.182450
3324 1.182928
3325 1.182742
3326 1.182072
3327 1.181974
3328 1.182268
3329 1.182474
3330 1.182152
3331 1.182436
3332 1.182632
3333 1.182810
3334 1.183132
3335 1.182962
3336 1.182812
3337 1.182648
3338 1.183160
3339 1.183232
3340 1.183354
3342 1.183792
3343 1.183944
3344 1.183900
3345 1.183670
3346 1.183650
3347 1.182986
3348 1.182310
3349 1.182510
3350 1.182592
3351 1.183072
3352 1.182918
3353 1.181994
3354 1.181826
3355 1.181330
3356 1.181556
3357 1.181464
3358 1.181200
3359 1.181066
3360 1.181138
3362 1.181822
3363 1.181978
3364 1.182574
3365 1.181224
3366 1.181310
3367 1.181268
3368 1.181606
3369 1.181378
3370 1.181134
3371 1.181890
3372 1.182186
3373 1.182476
3374 1.181826
3375 1.182244
3376 1.181898
3377 1.181448
3378 1.180962
3379 1.180202
3380 1.180230
3382 1.181068
3383 1.181388
3384 1.180770
3385 1.181096
3386 1.181164
3387 1.181784
3388 1.181538
3389 1.181790
3390 1.181660
3391 1.181956
3392 1.181152
3393 1.181824
3394 1.182042
3395 1.182328
3396 1.181832
3397 1.181610
3398 1.181048
3399 1.180994
3400 1.180858
3402 1.181190
3403 1.181086
3404 1.181202
3405 1.181156
3406 1.181950
3407 1.181500
3408 1.181416
3409 1.181336
3410 1.181802
3411 1.181614
3412 1.181872
3413 1.182014
3414 1.182240
3415 1.181742
3416 1.181946
3417 1.182246
3418 1.182504
3419 1.182534
3420 1.181818
3422 1.182020
3423 1.182534
3424 1.182582
3425 1.182618
3426 1.182488
3427 1.182688
3428 1.182244
3429 1.182472
3430 1.182664
3431 1.182544
3432 1.182328
3433 1.182760
3434 1.183388
3435 1.183460
3436 1.182722
3437 1.183366
3438 1.183192
3439 1.184076
3440 1.183690
3442 1.183770
3443 1.184344
3444 1.184656
3445 1.184498
3446 1.184220
3447 1.184314
3448 1.184010
3449 1.183994
3450 1.184054
3451 1.184424
3452 1.184220
3453 1.183660
3454 1.183038
3455 1.182932
3456 1.183248
3457 1.183402
3458 1.183670
3459 1.183704
3460 1.184736
3462 1.184750
3463 1.185284
3464 1.184574
3465 1.184136
3466 1.183666
3467 1.183688
3468 1.184300
3469 1.184214
3470 1.183896
3471 1.184026
3472 1.183866
3473 1.183830
3474 1.182930
3475 1.183090
3476 1.183190
3477 1.183786
3478 1.183444
3479 1.183768
3480 1.183734
3482 1.183804
3483 1.183436
3484 1.182520
3485 1.182204
3486 1.182322
3487 1.182844
3488 1.182096
3489 1.181956
3490 1.182628
3491 1.182516
3492 1.183118
3493 1.182932
3494 1.183386
3495 1.183238
3496 1.183132
3497 1.183258
3498 1.183292
3499 1.183648
3500 1.183910


Active cycles: 2000
k_mean: 1.182513
k_stddev(cycle): 0.001091
k_stderr(mean): 0.000024
