1 0.590070
2 1.079395
3 1.110873
4 1.128806
5 1.141321
6 1.151411
7 1.160049
8 1.161672
9 1.167248
10 1.170791
11 1.170016
12 1.175256
13 1.174455
14 1.175893
15 1.178587
16 1.179794
17 1.178855
18 1.180906
19 1.178258
20 1.180407
21 1.180907
22 1.180402
23 1.180850
24 1.180532
25 1.181713
26 1.180229
27 1.180539
28 1.181670
29 1.180273
30 1.180234
31 1.182216
32 1.181118
33 1.182129
34 1.182105
35 1.182766
36 1.181869
37 1.183314
38 1.181034
39 1.182325
40 1.183301
41 1.182383
42 1.183000
43 1.182702
44 1.184745
45 1.182647
46 1.183526
47 1.182969
48 1.183574
49 1.182660
50 1.182463
51 1.181971
52 1.184024
53 1.185037
54 1.181263
55 1.184013
56 1.182960
57 1.182415
58 1.183669
59 1.184139
60 1.182911
61 1.182673
62 1.183625
63 1.182056
64 1.181277
65 1.183683
66 1.183945
67 1.183060
68 1.182362
69 1.182781
70 1.183147
71 1.183958
72 1.183837
73 1.184052
74 1.182963
75 1.183094
76 1.184136
77 1.184408
78 1.184245
79 1.182905
80 1.183519
81 1.183465
82 1.182822
83 1.183229
84 1.182719
85 1.183040
86 1.184075
87 1.182736
88 1.183529
89 1.184311
90 1.182565
91 1.183789
92 1.184007
93 1.184799
94 1.183067
95 1.185807
96 1.183952
97 1.182750
98 1.184132
99 1.182679
100 1.184388
101 1.182996
102 1.183606
103 1.182505
104 1.185616
105 1.184605
106 1.182278
107 1.183047
108 1.184004
109 1.182086
110 1.184550
111 1.182703
112 1.183630
113 1.183231
114 1.183189
115 1.184997
116 1.185044
117 1.183419
118 1.183764
119 1.182884
120 1.182463
121 1.184838
122 1.184946
123 1.182175
124 1.182344
125 1.181471
126 1.183620
127 1.183259
128 1.183296
129 1.183535
130 1.181664
131 1.184132
132 1.184819
133 1.184109
134 1.184770
135 1.183908
136 1.183951
137 1.182175
138 1.184026
139 1.182105
140 1.184392
141 1.184908
142 1.183974
143 1.185320
144 1.184357
145 1.183110
146 1.183209
147 1.183095
148 1.184245
149 1.183789
150 1.183519
151 1.183854
152 1.183907
153 1.183420
154 1.183006
155 1.185266
156 1.185017
157 1.184009
158 1.186527
159 1.185640
160 1.183560
161 1.184115
162 1.183689
163 1.184223
164 1.183466
165 1.182993
166 1.184850
167 1.183659
168 1.183722
169 1.184095
170 1.184026
171 1.182639
172 1.183207
173 1.184262
174 1.185296
175 1.185099
176 1.184224
177 1.183259
178 1.183551
179 1.184852
180 1.183734
181 1.184627
182 1.184635
183 1.185330
184 1.182322
185 1.183701
186 1.184747
187 1.185753
188 1.182952
189 1.184562
190 1.184769
191 1.185271
192 1.183755
193 1.182646
194 1.183554
195 1.183114
196 1.184525
197 1.184022
198 1.182160
199 1.183585
200 1.184318
201 1.183004
202 1.183589
203 1.183594
204 1.183495
205 1.183724
206 1.182452
207 1.183647
208 1.183159
209 1.183304
210 1.182823
211 1.183937
212 1.186010
213 1.183893
214 1.183895
215 1.182865
216 1.183112
217 1.184177
218 1.183749
219 1.183179
220 1.184490
221 1.182617
222 1.184386
223 1.182261
224 1.183848
225 1.182178
226 1.183111
227 1.182938
228 1.182550
229 1.184771
230 1.183366
231 1.183636
232 1.183327
233 1.184051
234 1.183383
235 1.182401
236 1.184164
237 1.183430
238 1.182094
239 1.184195
240 1.182699
241 1.184875
242 1.184284
243 1.183411
244 1.185155
245 1.182482
246 1.182652
247 1.182692
248 1.184319
249 1.184895
250 1.182861
251 1.184500
252 1.183482
253 1.184111
254 1.183043
255 1.183710
256 1.183626
257 1.183533
258 1.183394
259 1.182976
260 1.184526
261 1.182337
262 1.182423
263 1.183688
264 1.183136
265 1.182747
266 1.184079
267 1.183882
268 1.184379
269 1.184279
270 1.184255
271 1.184687
272 1.182996
273 1.184528
274 1.184677
275 1.183985
276 1.182870
277 1.185258
278 1.183506
279 1.183892
280 1.183362
281 1.182448
282 1.183262
283 1.186854
284 1.184152
285 1.185031
286 1.183012
287 1.184254
288 1.183916
289 1.184465
290 1.183218
291 1.183611
292 1.182840
293 1.183986
294 1.184929
295 1.183907
296 1.184860
297 1.184005
298 1.183176
299 1.185819
300 1.183672
301 1.183664
302 1.183731
303 1.184999
304 1.185016
305 1.185679
306 1.185217
307 1.185651
308 1.183069
309 1.184730
310 1.184679
311 1.183300
312 1.184524
313 1.184280
314 1.183501
315 1.182564
316 1.184133
317 1.181654
318 1.182764
319 1.184683
320 1.183233
321 1.187501
322 1.184710
323 1.183351
324 1.183373
325 1.185126
326 1.184061
327 1.184171
328 1.186033
329 1.184275
330 1.185008
331 1.182048
332 1.183429
333 1.182648
334 1.183028
335 1.185059
336 1.184148
337 1.181825
338 1.183782
339 1.183406
340 1.185958
341 1.185755
342 1.185053
343 1.184550
344 1.184217
345 1.184858
346 1.183909
347 1.182529
348 1.183010
349 1.183395
350 1.184202
351 1.184876
352 1.183827
353 1.184416
354 1.183091
355 1.184079
356 1.182807
357 1.184094
358 1.184286
359 1.182166
360 1.184043
361 1.185759
362 1.183542
363 1.183973
364 1.184442
365 1.183265
366 1.184223
367 1.183242
368 1.184914
369 1.181815
370 1.184549
371 1.184471
372 1.183357
373 1.183614
374 1.184423
375 1.182565
376 1.183091
377 1.182831
378 1.183382
379 1.184078
380 1.183720
381 1.183557
382 1.185278
383 1.183385
384 1.184086
385 1.182780
386 1.185109
387 1.183226
388 1.182800
389 1.184381
390 1.182669
391 1.183917
392 1.183056
393 1.184044
394 1.184395
395 1.182640
396 1.183750
397 1.183510
398 1.183056
399 1.185065
400 1.183439
401 1.182756
402 1.183620
403 1.184296
404 1.184522
405 1.183953
406 1.183084
407 1.183986
408 1.184681
409 1.183360
410 1.184291
411 1.183923
412 1.182965
413 1.182717
414 1.183759
415 1.182020
416 1.181866
417 1.183665
418 1.184265
419 1.184042
420 1.183598
421 1.184571
422 1.183792
423 1.186571
424 1.183269
425 1.183763
426 1.184820
427 1.185000
428 1.185556
429 1.183984
430 1.184666
431 1.185553
432 1.183903
433 1.184648
434 1.183104
435 1.183238
436 1.182756
437 1.183499
438 1.183106
439 1.183306
440 1.184378
441 1.184026
442 1.183660
443 1.184104
444 1.183862
445 1.182740
446 1.182988
447 1.183532
448 1.183653
449 1.182790
450 1.184869
451 1.183752
452 1.183359
453 1.184182
454 1.184833
455 1.183038
456 1.183619
457 1.184292
458 1.184026
459 1.184372
460 1.182787
461 1.183238
462 1.185518
463 1.183025
464 1.183939
465 1.184381
466 1.182892
467 1.183381
468 1.184146
469 1.184223
470 1.184151
471 1.184746
472 1.183547
473 1.184792
474 1.183156
475 1.184765
476 1.182981
477 1.184460
478 1.184587
479 1.184017
480 1.184349
481 1.185140
482 1.183505
483 1.182597
484 1.184006
485 1.185705
486 1.184827
487 1.183181
488 1.182095
489 1.183657
490 1.184528
491 1.184704
492 1.184027
493 1.185025
494 1.184289
495 1.184037
496 1.185033
497 1.182075
498 1.181888
499 1.182254
500 1.184395
501 1.183423
502 1.182859
503 1.183084
504 1.184353
505 1.185423
506 1.184078
507 1.183033
508 1.182883
509 1.183269
510 1.182419
511 1.182979
512 1.183713
513 1.181816
514 1.182545
515 1.183212
516 1.184960
517 1.182423
518 1.183310
519 1.184552
520 1.183530
521 1.182773
522 1.182132
523 1.182195
524 1.182483
525 1.184085
526 1.184410
527 1.184713
528 1.184031
529 1.183835
530 1.183737
531 1.182322
532 1.183466
533 1.184211
534 1.184122
535 1.184267
536 1.184224
537 1.184173
538 1.184236
539 1.185653
540 1.186254
541 1.185515
542 1.183634
543 1.183984
544 1.184803
545 1.184144
546 1.182333
547 1.185339
548 1.183516
549 1.184104
550 1.182937
551 1.181883
552 1.184637
553 1.183712
554 1.184159
555 1.183007
556 1.185333
557 1.184300
558 1.183475
559 1.185733
560 1.185727
561 1.183247
562 1.184159
563 1.183390
564 1.182687
565 1.183860
566 1.184107
567 1.184623
568 1.183044
569 1.184933
570 1.183993
571 1.184472
572 1.182301
573 1.183860
574 1.183867
575 1.183300
576 1.183399
577 1.183675
578 1.182726
579 1.182751
580 1.182957
581 1.184777
582 1.183179
583 1.183825
584 1.184862
585 1.183761
586 1.185534
587 1.183740
588 1.184830
589 1.185267
590 1.185111
591 1.184738
592 1.184807
593 1.183834
594 1.183995
595 1.183659
596 1.183636
597 1.185104
598 1.184758
599 1.182752
600 1.184186
601 1.185293


Active cycles: 300
k_mean: 1.183887
k_stddev(cycle): 0.000965
k_stderr(mean): 0.000056
Difference with the reference K: 0.000077, Per cent error: 0.006467
Reactivity(rho): 0.155324, pcm difference: 5.462300
Total Time: 516.250405seconds. Average: 0.858986 seconds per cycle.
