2 0.984606
3 0.982986
4 0.983196
5 0.983908
6 0.983820
7 0.983314
8 0.982566
9 0.981516
10 0.980102
11 0.979130
12 0.978176
13 0.977102
14 0.975942
15 0.975358
16 0.974480
17 0.973212
18 0.973164
19 0.973362
20 0.973804
22 0.974546
23 0.974404
24 0.974606
25 0.975666
26 0.976476
27 0.977750
28 0.978610
29 0.979486
30 0.979774
31 0.981006
32 0.982234
33 0.983720
34 0.984492
35 0.985368
36 0.987498
37 0.988234
38 0.990172
39 0.991752
40 0.992502
42 0.996118
43 0.997724
44 0.999252
45 1.000724
46 1.002432
47 1.004286
48 1.005886
49 1.007854
50 1.009936
51 1.011834
52 1.013598
53 1.015320
54 1.017098
55 1.018778
56 1.020178
57 1.022062
58 1.023680
59 1.025076
60 1.026888
62 1.030430
63 1.032758
64 1.034544
65 1.036350
66 1.038654
67 1.040510
68 1.041708
69 1.043328
70 1.045092
71 1.046994
72 1.048472
73 1.050326
74 1.052282
75 1.054052
76 1.056040
77 1.057496
78 1.059838
79 1.061654
80 1.063390
82 1.066628
83 1.067874
84 1.068774
85 1.070210
86 1.071296
87 1.072892
88 1.074384
89 1.076204
90 1.077634
91 1.079072
92 1.080494
93 1.082372
94 1.083822
95 1.085668
96 1.087356
97 1.089078
98 1.090074
99 1.091244
100 1.092584
102 1.095048
103 1.096546
104 1.098212
105 1.099830
106 1.100916
107 1.102678
108 1.103324
109 1.104100
110 1.105180
111 1.106032
112 1.107512
113 1.108132
114 1.109490
115 1.110424
116 1.111724
117 1.112916
118 1.114176
119 1.114602
120 1.114786
122 1.115894
123 1.116894
124 1.117890
125 1.118486
126 1.120038
127 1.121490
128 1.122324
129 1.123468
130 1.125060
131 1.126132
132 1.127442
133 1.128740
134 1.129866
135 1.130330
136 1.130908
137 1.131346
138 1.131860
139 1.132800
140 1.133512
142 1.134326
143 1.135100
144 1.136066
145 1.136430
146 1.137314
147 1.136892
148 1.137540
149 1.137882
150 1.138572
151 1.138612
152 1.138640
153 1.139018
154 1.139758
155 1.139762
156 1.140328
157 1.140470
158 1.140950
159 1.141150
160 1.141418
162 1.142536
163 1.143626
164 1.144024
165 1.144478
166 1.144744
167 1.145326
168 1.145802
169 1.146208
170 1.147238
171 1.147460
172 1.147620
173 1.147954
174 1.148998
175 1.149350
176 1.149388
177 1.149792
178 1.150242
179 1.150790
180 1.151480
182 1.151238
183 1.151640
184 1.152352
185 1.152494
186 1.152892
187 1.153432
188 1.153856
189 1.153602
190 1.153616
191 1.154288
192 1.153890
193 1.154058
194 1.154774
195 1.154910
196 1.155796
197 1.156314
198 1.156090
199 1.155948
200 1.156218
202 1.157494
203 1.157648
204 1.158382
205 1.158496
206 1.158460
207 1.158616
208 1.159538
209 1.159530
210 1.159768
211 1.159744
212 1.160278
213 1.160842
214 1.160970
215 1.160536
216 1.160432
217 1.160638
218 1.160002
219 1.160548
220 1.160138
222 1.161182
223 1.161100
224 1.161150
225 1.160584
226 1.160732
227 1.161138
228 1.161122
229 1.161842
230 1.162352
231 1.162220
232 1.162258
233 1.162780
234 1.163624
235 1.163770
236 1.163598
237 1.164000
238 1.164270
239 1.164850
240 1.164962
242 1.165160
243 1.166108
244 1.166342
245 1.166292
246 1.166574
247 1.166710
248 1.166592
249 1.166122
250 1.165650
251 1.165716
252 1.165532
253 1.166008
254 1.165776
255 1.166146
256 1.166622
257 1.167288
258 1.167402
259 1.167816
260 1.167906
262 1.167970
263 1.168670
264 1.168884
265 1.169422
266 1.169672
267 1.169898
268 1.169252
269 1.169114
270 1.168832
271 1.169242
272 1.169374
273 1.169586
274 1.169634
275 1.170556
276 1.170340
277 1.168974
278 1.168952
279 1.169168
280 1.168952
282 1.168870
283 1.168652
284 1.168876
285 1.169496
286 1.169274
287 1.169772
288 1.170008
289 1.170068
290 1.170142
291 1.170472
292 1.170546
293 1.169832
294 1.170232
295 1.170410
296 1.171112
297 1.171122
298 1.170974
299 1.170928
300 1.171194
302 1.171062
303 1.170550
304 1.170730
305 1.171070
306 1.171314
307 1.171414
308 1.171226
309 1.171380
310 1.171996
311 1.171746
312 1.171924
313 1.172018
314 1.172216
315 1.172862
316 1.172926
317 1.173082
318 1.173982
319 1.174756
320 1.174164
322 1.173962
323 1.173774
324 1.173616
325 1.173578
326 1.173684
327 1.173262
328 1.172888
329 1.173114
330 1.173836
331 1.174048
332 1.174080
333 1.174040
334 1.173856
335 1.174254
336 1.174910
337 1.174486
338 1.174448
339 1.174284
340 1.173724
342 1.173408
343 1.173816
344 1.174152
345 1.174438
346 1.174452
347 1.174904
348 1.175358
349 1.175964
350 1.175892
351 1.175830
352 1.176582
353 1.176754
354 1.177286
355 1.177192
356 1.177156
357 1.177264
358 1.177674
359 1.177468
360 1.177090
362 1.177270
363 1.177962
364 1.178300
365 1.178208
366 1.178446
367 1.178744
368 1.179248
369 1.178372
370 1.178232
371 1.178084
372 1.177910
373 1.177856
374 1.177474
375 1.177354
376 1.177158
377 1.177018
378 1.177220
379 1.177862
380 1.177554
382 1.179078
383 1.178954
384 1.178770
385 1.178762
386 1.179152
387 1.179490
388 1.179214
389 1.178838
390 1.179380
391 1.179974
392 1.179888
393 1.179938
394 1.180128
395 1.180170
396 1.180142
397 1.179476
398 1.178814
399 1.178874
400 1.178740
402 1.179246
403 1.179116
404 1.179348
405 1.179014
406 1.178586
407 1.178760
408 1.178490
409 1.177588
410 1.177760
411 1.178018
412 1.178040
413 1.177886
414 1.178372
415 1.178290
416 1.178426
417 1.178876
418 1.178956
419 1.178738
420 1.178908
422 1.179706
423 1.179490
424 1.179334
425 1.179288
426 1.179416
427 1.179528
428 1.179580
429 1.179182
430 1.179774
431 1.179630
432 1.179664
433 1.179868
434 1.179950
435 1.180480
436 1.180518
437 1.180400
438 1.180064
439 1.180192
440 1.180046
442 1.180968
443 1.181418
444 1.181508
445 1.181058
446 1.181316
447 1.180878
448 1.180468
449 1.180660
450 1.180574
451 1.181214
452 1.181816
453 1.180742
454 1.180880
455 1.180812
456 1.180924
457 1.180794
458 1.179754
459 1.179316
460 1.179068
462 1.178860
463 1.179128
464 1.179310
465 1.179758
466 1.179838
467 1.179936
468 1.179076
469 1.179704
470 1.179986
471 1.180172
472 1.180398
473 1.180570
474 1.180800
475 1.180454
476 1.179850
477 1.180560
478 1.180550
479 1.179940
480 1.179894
482 1.180044
483 1.179804
484 1.179912
485 1.179658
486 1.179916
487 1.180080
488 1.180378
489 1.180238
490 1.180208
491 1.180448
492 1.180344
493 1.180640
494 1.180796
495 1.179726
496 1.179258
497 1.179250
498 1.179046
499 1.179516
500 1.179524
502 1.180016
503 1.180284
504 1.179932
505 1.180268
506 1.180502
507 1.180666
508 1.179990
509 1.180174
510 1.180188
511 1.180284
512 1.180546
513 1.180894
514 1.180996
515 1.179890
516 1.179958
517 1.180202
518 1.180812
519 1.180598
520 1.180620
522 1.180624
523 1.180978
524 1.181336
525 1.181162
526 1.181490
527 1.182026
528 1.182222
529 1.181990
530 1.182150
531 1.182108
532 1.182468
533 1.182796
534 1.182806
535 1.182262
536 1.182646
537 1.182090
538 1.182202
539 1.181480
540 1.181244
542 1.180968
543 1.181286
544 1.180944
545 1.181488
546 1.181822
547 1.182212
548 1.182398
549 1.182224
550 1.182996
551 1.182998
552 1.182524
553 1.182090
554 1.182592
555 1.182584
556 1.182194
557 1.182054
558 1.181782
559 1.181482
560 1.181694
562 1.181806
563 1.181722
564 1.182332
565 1.182550
566 1.182250
567 1.182190
568 1.181896
569 1.181650
570 1.181586
571 1.181556
572 1.181024
573 1.180576
574 1.180604
575 1.180486
576 1.180590
577 1.180942
578 1.181150
579 1.181430
580 1.181868
582 1.181548
583 1.181560
584 1.181748
585 1.181936
586 1.182214
587 1.182170
588 1.182386
589 1.182456
590 1.182224
591 1.182292
592 1.182548
593 1.182936
594 1.182930
595 1.183470
596 1.182876
597 1.183104
598 1.182874
599 1.182078
600 1.182414
602 1.182646
603 1.182834
604 1.182908
605 1.182718
606 1.182296
607 1.181842
608 1.181496
609 1.181078
610 1.180556
611 1.181034
612 1.180406
613 1.180812
614 1.180990
615 1.180814
616 1.180574
617 1.180724
618 1.180964
619 1.181302
620 1.181248
622 1.180458
623 1.180482
624 1.180302
625 1.180310
626 1.180646
627 1.180476
628 1.180280
629 1.180890
630 1.181826
631 1.182350
632 1.182600
633 1.182912
634 1.182878
635 1.182266
636 1.182146
637 1.181970
638 1.181502
639 1.182168
640 1.182476
642 1.182316
643 1.182082
644 1.181728
645 1.181512
646 1.181280
647 1.181244
648 1.181598
649 1.181924
650 1.181168
651 1.181378
652 1.181980
653 1.181966
654 1.181820
655 1.181298
656 1.181370
657 1.181112
658 1.181330
659 1.180652
660 1.180012
662 1.179428
663 1.179684
664 1.179236
665 1.179152
666 1.179002
667 1.179494
668 1.180058
669 1.180216
670 1.180880
671 1.180718
672 1.181302
673 1.181492
674 1.181554
675 1.181534
676 1.181484
677 1.181606
678 1.181244
679 1.180946
680 1.181152
682 1.180776
683 1.181014
684 1.181126
685 1.180884
686 1.181186
687 1.181358
688 1.180808
689 1.181004
690 1.181014
691 1.180928
692 1.180514
693 1.180110
694 1.179848
695 1.180378
696 1.180372
697 1.180374
698 1.180760
699 1.180558
700 1.180422
702 1.180706
703 1.180386
704 1.180576
705 1.180442
706 1.180584
707 1.180570
708 1.180580
709 1.180882
710 1.180430
711 1.180260
712 1.179496
713 1.180124
714 1.180768
715 1.180932
716 1.180746
717 1.180628
718 1.181240
719 1.181726
720 1.181714
722 1.181196
723 1.181340
724 1.181162
725 1.181304
726 1.182134
727 1.182262
728 1.181848
729 1.181604
730 1.181650
731 1.181624
732 1.181886
733 1.182292
734 1.182090
735 1.182280
736 1.182532
737 1.182626
738 1.182624
739 1.182906
740 1.182424
742 1.182414
743 1.181716
744 1.181424
745 1.181958
746 1.182688
747 1.182544
748 1.182664
749 1.181990
750 1.181836
751 1.181646
752 1.181134
753 1.180798
754 1.181116
755 1.181320
756 1.181556
757 1.182354
758 1.182442
759 1.182456
760 1.182324
762 1.181820
763 1.181804
764 1.181816
765 1.181954
766 1.182648
767 1.182930
768 1.182720
769 1.182386
770 1.182322
771 1.182368
772 1.182934
773 1.182968
774 1.183156
775 1.183356
776 1.182898
777 1.182856
778 1.182820
779 1.182742
780 1.182304
782 1.182394
783 1.182142
784 1.182076
785 1.182080
786 1.181556
787 1.181016
788 1.181060
789 1.180962
790 1.180158
791 1.180866
792 1.180924
793 1.180974
794 1.181748
795 1.182034
796 1.182192
797 1.182224
798 1.182752
799 1.182072
800 1.181512
802 1.181290
803 1.180378
804 1.179978
805 1.179894
806 1.180236
807 1.179738
808 1.180176
809 1.180524
810 1.180860
811 1.181078
812 1.180978
813 1.180360
814 1.180982
815 1.180996
816 1.180998
817 1.181184
818 1.181946
819 1.182450
820 1.183636
822 1.184176
823 1.183892
824 1.184062
825 1.183750
826 1.183100
827 1.182924
828 1.182464
829 1.182950
830 1.183072
831 1.183094
832 1.183472
833 1.183570
834 1.183396
835 1.182488
836 1.182638
837 1.182004
838 1.182090
839 1.182130
840 1.182956
842 1.182298
843 1.182660
844 1.182484
845 1.182598
846 1.182426
847 1.182522
848 1.182796
849 1.183022
850 1.182956
851 1.183206
852 1.183516
853 1.183370
854 1.183944
855 1.184252
856 1.183490
857 1.183738
858 1.183648
859 1.183194
860 1.183328
862 1.184014
863 1.184282
864 1.184070
865 1.183760
866 1.183774
867 1.183492
868 1.183586
869 1.183528
870 1.182990
871 1.182252
872 1.183336
873 1.183368
874 1.183494
875 1.182820
876 1.182108
877 1.182152
878 1.182294
879 1.182034
880 1.182098
882 1.182682
883 1.182712
884 1.182824
885 1.183322
886 1.182946
887 1.183010
888 1.183266
889 1.183064
890 1.183088
891 1.183450
892 1.183154
893 1.183600
894 1.183408
895 1.183682
896 1.184098
897 1.183168
898 1.182894
899 1.183346
900 1.183772
902 1.182758
903 1.183048
904 1.183008
905 1.182516
906 1.182758
907 1.182076
908 1.182026
909 1.181566
910 1.181772
911 1.181884
912 1.182048
913 1.182158
914 1.182052
915 1.182594
916 1.183230
917 1.183120
918 1.182978
919 1.183152
920 1.183102
922 1.183732
923 1.183776
924 1.183472
925 1.183966
926 1.184242
927 1.184356
928 1.184416
929 1.183764
930 1.183546
931 1.183402
932 1.183336
933 1.183612
934 1.183768
935 1.184010
936 1.184276
937 1.184368
938 1.184304
939 1.183522
940 1.182928
942 1.183110
943 1.182664
944 1.182092
945 1.182098
946 1.182246
947 1.181768
948 1.181628
949 1.181870
950 1.182346
951 1.181932
952 1.181480
953 1.181154
954 1.181360
955 1.181660
956 1.181234
957 1.180948
958 1.180992
959 1.180756
960 1.180560
962 1.179932
963 1.180028
964 1.179512
965 1.179860
966 1.180336
967 1.180094
968 1.180052
969 1.180096
970 1.180568
971 1.180608
972 1.180402
973 1.180612
974 1.180628
975 1.180750
976 1.180828
977 1.180338
978 1.179768
979 1.179924
980 1.180038
982 1.180908
983 1.180864
984 1.181416
985 1.180922
986 1.181184
987 1.181008
988 1.180974
989 1.180638
990 1.179976
991 1.179900
992 1.180306
993 1.180544
994 1.180298
995 1.180946
996 1.180988
997 1.180516
998 1.180504
999 1.180662
1000 1.180442
1002 1.180168
1003 1.179794
1004 1.179924
1005 1.179694
1006 1.179760
1007 1.179336
1008 1.179914
1009 1.180202
1010 1.180370
1011 1.180568
1012 1.180648
1013 1.180430
1014 1.180440
1015 1.180464
1016 1.180268
1017 1.180686
1018 1.180716
1019 1.181314
1020 1.181732
1022 1.181068
1023 1.180930
1024 1.180974
1025 1.181260
1026 1.181334
1027 1.181400
1028 1.181758
1029 1.182104
1030 1.181520
1031 1.181682
1032 1.182016
1033 1.181736
1034 1.181612
1035 1.181838
1036 1.181588
1037 1.181470
1038 1.181376
1039 1.181084
1040 1.181182
1042 1.180262
1043 1.180078
1044 1.180012
1045 1.179942
1046 1.180234
1047 1.180286
1048 1.180616
1049 1.180014
1050 1.179648
1051 1.179692
1052 1.180578
1053 1.180744
1054 1.181108
1055 1.180268
1056 1.180476
1057 1.180916
1058 1.180902
1059 1.181150
1060 1.181392
1062 1.181664
1063 1.181074
1064 1.181066
1065 1.180330
1066 1.180692
1067 1.180986
1068 1.180834
1069 1.180582
1070 1.180538
1071 1.181068
1072 1.181396
1073 1.181622
1074 1.181898
1075 1.181300
1076 1.180982
1077 1.181002
1078 1.180902
1079 1.180714
1080 1.180450
1082 1.179582
1083 1.180312
1084 1.180640
1085 1.180916
1086 1.180684
1087 1.179964
1088 1.180146
1089 1.179624
1090 1.178970
1091 1.179504
1092 1.179308
1093 1.180518
1094 1.180790
1095 1.181466
1096 1.181738
1097 1.181936
1098 1.182140
1099 1.182180
1100 1.182886
1102 1.182890
1103 1.183044
1104 1.182816
1105 1.182692
1106 1.182446
1107 1.182310
1108 1.182336
1109 1.182172
1110 1.181976
1111 1.182226
1112 1.182164
1113 1.182318
1114 1.182074
1115 1.182044
1116 1.182348
1117 1.182836
1118 1.183074
1119 1.182810
1120 1.182704
1122 1.182244
1123 1.182508
1124 1.182576
1125 1.182754
1126 1.182736
1127 1.182152
1128 1.182182
1129 1.181646
1130 1.181532
1131 1.181804
1132 1.181800
1133 1.181440
1134 1.181866
1135 1.182148
1136 1.181970
1137 1.181484
1138 1.181358
1139 1.181808
1140 1.181806
1142 1.181608
1143 1.180978
1144 1.181072
1145 1.181470
1146 1.181564
1147 1.181420
1148 1.181260
1149 1.181354
1150 1.181070
1151 1.181436
1152 1.180908
1153 1.180968
1154 1.181798
1155 1.181888
1156 1.181650
1157 1.181748
1158 1.181946
1159 1.181256
1160 1.180754
1162 1.180950
1163 1.181334
1164 1.181450
1165 1.181236
1166 1.181098
1167 1.181786
1168 1.182044
1169 1.181756
1170 1.182216
1171 1.182238
1172 1.182354
1173 1.182542
1174 1.182368
1175 1.182068
1176 1.182330
1177 1.182052
1178 1.181376
1179 1.181158
1180 1.180808
1182 1.179966
1183 1.180278
1184 1.180316
1185 1.179714
1186 1.180028
1187 1.179990
1188 1.179640
1189 1.179642
1190 1.180058
1191 1.179864
1192 1.180258
1193 1.179972
1194 1.179676
1195 1.180504
1196 1.180470
1197 1.180292
1198 1.180530
1199 1.180574
1200 1.180958
1202 1.181392
1203 1.181862
1204 1.181594
1205 1.181536
1206 1.181878
1207 1.181782
1208 1.181960
1209 1.181582
1210 1.181870
1211 1.181768
1212 1.182312
1213 1.182554
1214 1.183064
1215 1.183442
1216 1.182996
1217 1.182986
1218 1.182800
1219 1.183272
1220 1.184142
1222 1.184126
1223 1.184074
1224 1.183958
1225 1.183802
1226 1.183352
1227 1.184050
1228 1.183834
1229 1.182870
1230 1.182720
1231 1.182580
1232 1.182510
1233 1.181622
1234 1.182038
1235 1.182204
1236 1.182456
1237 1.182704
1238 1.182412
1239 1.181706
1240 1.181518
1242 1.182500
1243 1.182630
1244 1.183126
1245 1.183240
1246 1.182820
1247 1.182488
1248 1.182894
1249 1.182668
1250 1.182172
1251 1.181560
1252 1.181162
1253 1.181926
1254 1.181740
1255 1.181462
1256 1.181612
1257 1.181126
1258 1.181458
1259 1.182102
1260 1.182760
1262 1.183246
1263 1.183242
1264 1.183506
1265 1.183770
1266 1.184044
1267 1.183594
1268 1.183440
1269 1.183100
1270 1.183150
1271 1.182900
1272 1.182826
1273 1.183238
1274 1.183490
1275 1.183428
1276 1.183516
1277 1.183662
1278 1.183202
1279 1.183356
1280 1.183774
1282 1.183448
1283 1.183472
1284 1.183654
1285 1.183366
1286 1.182894
1287 1.183460
1288 1.183420
1289 1.183382
1290 1.183548
1291 1.183672
1292 1.182876
1293 1.182646
1294 1.182330
1295 1.182238
1296 1.182010
1297 1.181676
1298 1.181818
1299 1.182250
1300 1.181732
1302 1.181036
1303 1.181086
1304 1.181334
1305 1.181408
1306 1.181816
1307 1.182044
1308 1.182850
1309 1.183000
1310 1.183190
1311 1.183288
1312 1.182572
1313 1.182850
1314 1.182912
1315 1.182906
1316 1.183448
1317 1.183838
1318 1.183004
1319 1.183496
1320 1.184146
1322 1.184004
1323 1.184136
1324 1.183254
1325 1.183330
1326 1.183338
1327 1.183254
1328 1.183312
1329 1.182586
1330 1.182486
1331 1.182468
1332 1.181904
1333 1.182468
1334 1.182458
1335 1.182256
1336 1.182664
1337 1.184100
1338 1.183216
1339 1.182662
1340 1.183154
1342 1.183148
1343 1.183154
1344 1.182830
1345 1.182960
1346 1.183016
1347 1.182748
1348 1.183150
1349 1.182960
1350 1.183326
1351 1.183616
1352 1.183082
1353 1.182462
1354 1.181910
1355 1.182284
1356 1.181964
1357 1.181820
1358 1.181644
1359 1.181872
1360 1.182438
1362 1.182102
1363 1.182004
1364 1.181974
1365 1.181586
1366 1.181442
1367 1.180996
1368 1.180938
1369 1.181044
1370 1.181206
1371 1.181016
1372 1.180950
1373 1.180696
1374 1.181560
1375 1.181236
1376 1.181728
1377 1.181008
1378 1.181144
1379 1.180532
1380 1.180204
1382 1.179350
1383 1.179472
1384 1.180034
1385 1.179780
1386 1.179284
1387 1.178568
1388 1.178644
1389 1.179042
1390 1.178818
1391 1.178996
1392 1.178600
1393 1.179006
1394 1.179060
1395 1.179222
1396 1.179720
1397 1.180074
1398 1.180032
1399 1.179860
1400 1.180046
1402 1.179486
1403 1.178986
1404 1.178706
1405 1.178522
1406 1.178910
1407 1.179984
1408 1.179826
1409 1.180552
1410 1.180430
1411 1.181380
1412 1.181748
1413 1.181352
1414 1.181486
1415 1.181920
1416 1.181402
1417 1.180982
1418 1.180008
1419 1.179826
1420 1.180686
1422 1.181000
1423 1.181278
1424 1.181360
1425 1.181306
1426 1.181514
1427 1.180864
1428 1.181004
1429 1.181494
1430 1.181322
1431 1.181548
1432 1.181790
1433 1.181500
1434 1.182084
1435 1.181496
1436 1.181910
1437 1.181622
1438 1.181454
1439 1.181054
1440 1.181950
1442 1.181628
1443 1.181108
1444 1.181180
1445 1.181088
1446 1.180926
1447 1.180702
1448 1.181300
1449 1.181294
1450 1.181568
1451 1.181370
1452 1.180814
1453 1.180190
1454 1.180256
1455 1.180202
1456 1.180150
1457 1.180508
1458 1.180990
1459 1.180440
1460 1.180954
1462 1.181632
1463 1.181628
1464 1.182284
1465 1.182462
1466 1.182170
1467 1.182178
1468 1.182286
1469 1.182896
1470 1.183042
1471 1.183438
1472 1.183660
1473 1.183648
1474 1.183616
1475 1.183666
1476 1.183890
1477 1.184066
1478 1.183448
1479 1.182938
1480 1.183334
1482 1.182548
1483 1.182988
1484 1.183554
1485 1.183128
1486 1.182730
1487 1.182726
1488 1.182474
1489 1.182010
1490 1.181508
1491 1.181658
1492 1.182602
1493 1.182770
1494 1.182682
1495 1.182586
1496 1.182462
1497 1.182906
1498 1.183058
1499 1.183310
1500 1.183598
1502 1.183016
1503 1.183120
1504 1.182814
1505 1.183032
1506 1.183088
1507 1.183060
1508 1.183036
1509 1.183186
1510 1.183544
1511 1.183280
1512 1.183396
1513 1.183694
1514 1.183402
1515 1.183764
1516 1.183742
1517 1.184112
1518 1.183678
1519 1.183740
1520 1.183190
1522 1.184064
1523 1.184294
1524 1.184600
1525 1.184782
1526 1.185166
1527 1.185336
1528 1.185040
1529 1.185670
1530 1.185608
1531 1.185340
1532 1.185414
1533 1.185772
1534 1.185578
1535 1.185832
1536 1.186082
1537 1.185840
1538 1.185708
1539 1.184942
1540 1.183992
1542 1.183818
1543 1.183944
1544 1.184360
1545 1.184718
1546 1.185200
1547 1.185104
1548 1.184132
1549 1.184188
1550 1.184132
1551 1.183888
1552 1.183374
1553 1.183412
1554 1.182822
1555 1.183130
1556 1.182674
1557 1.182850
1558 1.182846
1559 1.183166
1560 1.182806
1562 1.182626
1563 1.182644
1564 1.182516
1565 1.182546
1566 1.182716
1567 1.183034
1568 1.182994
1569 1.182890
1570 1.182484
1571 1.182116
1572 1.181870
1573 1.181816
1574 1.182042
1575 1.182706
1576 1.183130
1577 1.183558
1578 1.183168
1579 1.183826
1580 1.184068
1582 1.183498
1583 1.183664
1584 1.183218
1585 1.183538
1586 1.183684
1587 1.184428
1588 1.184078
1589 1.184474
1590 1.184022
1591 1.184034
1592 1.184096
1593 1.183866
1594 1.183304
1595 1.183062
1596 1.183106
1597 1.183964
1598 1.183912
1599 1.183754
1600 1.184134
1602 1.184496
1603 1.184628
1604 1.184588
1605 1.183888
1606 1.184162
1607 1.183894
1608 1.184434
1609 1.184284
1610 1.184400
1611 1.184756
1612 1.184948
1613 1.184708
1614 1.184676
1615 1.184394
1616 1.184432
1617 1.184532
1618 1.184614
1619 1.184192
1620 1.184556
1622 1.184688
1623 1.184642
1624 1.184470
1625 1.184018
1626 1.183280
1627 1.183096
1628 1.182330
1629 1.182722
1630 1.182242
1631 1.182094
1632 1.181892
1633 1.182388
1634 1.182332
1635 1.183004
1636 1.182936
1637 1.183324
1638 1.183900
1639 1.184048
1640 1.184288
1642 1.183702
1643 1.183582
1644 1.183496
1645 1.184008
1646 1.183672
1647 1.183322
1648 1.182968
1649 1.182862
1650 1.182740
1651 1.182810
1652 1.182440
1653 1.182596
1654 1.182764
1655 1.183354
1656 1.182886
1657 1.182524
1658 1.182886
1659 1.182218
1660 1.181542
1662 1.181552
1663 1.181506
1664 1.181162
1665 1.181536
1666 1.181616
1667 1.181338
1668 1.181614
1669 1.181568
1670 1.181524
1671 1.181286
1672 1.181684
1673 1.181754
1674 1.182042
1675 1.181240
1676 1.181392
1677 1.180964
1678 1.180746
1679 1.180144
1680 1.180012
1682 1.181106
1683 1.180806
1684 1.180738
1685 1.180580
1686 1.180494
1687 1.180168
1688 1.179894
1689 1.179588
1690 1.179632
1691 1.180192
1692 1.179736
1693 1.179670
1694 1.178982
1695 1.178622
1696 1.179210
1697 1.179354
1698 1.178944
1699 1.178586
1700 1.178828
1702 1.180080
1703 1.179888
1704 1.180110
1705 1.180448
1706 1.180420
1707 1.180380
1708 1.179832
1709 1.179232
1710 1.180126
1711 1.180030
1712 1.179978
1713 1.180130
1714 1.180750
1715 1.180684
1716 1.180686
1717 1.180792
1718 1.181192
1719 1.181210
1720 1.181024
1722 1.180128
1723 1.179998
1724 1.179956
1725 1.179576
1726 1.179684
1727 1.179594
1728 1.179908
1729 1.180574
1730 1.180866
1731 1.181040
1732 1.180688
1733 1.181428
1734 1.181512
1735 1.181924
1736 1.182032
1737 1.182116
1738 1.182520
1739 1.181922
1740 1.182242
1742 1.182962
1743 1.182592
1744 1.182876
1745 1.182712
1746 1.183268
1747 1.183652
1748 1.183092
1749 1.183296
1750 1.183402
1751 1.183514
1752 1.183476
1753 1.183052
1754 1.183382
1755 1.183686
1756 1.184630
1757 1.184432
1758 1.184062
1759 1.183380
1760 1.183152
1762 1.183114
1763 1.183080
1764 1.183298
1765 1.183382
1766 1.183074
1767 1.183306
1768 1.183016
1769 1.183218
1770 1.183990
1771 1.183692
1772 1.184322
1773 1.184502
1774 1.184558
1775 1.185134
1776 1.185362
1777 1.184982
1778 1.184666
1779 1.184034
1780 1.184196
1782 1.183438
1783 1.184182
1784 1.183902
1785 1.183530
1786 1.183592
1787 1.184436
1788 1.184286
1789 1.184662
1790 1.184112
1791 1.184310
1792 1.184184
1793 1.184248
1794 1.183968
1795 1.184104
1796 1.184008
1797 1.183458
1798 1.182994
1799 1.183128
1800 1.183322
1802 1.183284
1803 1.182760
1804 1.182938
1805 1.182620
1806 1.182650
1807 1.182812
1808 1.182542
1809 1.182688
1810 1.182368
1811 1.181924
1812 1.182070
1813 1.181666
1814 1.181458
1815 1.180918
1816 1.180538
1817 1.180252
1818 1.180170
1819 1.180598
1820 1.180102
1822 1.181308
1823 1.180984
1824 1.181674
1825 1.182192
1826 1.182470
1827 1.183210
1828 1.183488
1829 1.182764
1830 1.182542
1831 1.182126
1832 1.182418
1833 1.182916
1834 1.183068
1835 1.183486
1836 1.183512
1837 1.183282
1838 1.182538
1839 1.182324
1840 1.181462
1842 1.181462
1843 1.181758
1844 1.181258
1845 1.181040
1846 1.180978
1847 1.180662
1848 1.180374
1849 1.180128
1850 1.179516
1851 1.180062
1852 1.180776
1853 1.180890
1854 1.180880
1855 1.180808
1856 1.181148
1857 1.181014
1858 1.180758
1859 1.180816
1860 1.180060
1862 1.180396
1863 1.180766
1864 1.181092
1865 1.180388
1866 1.180654
1867 1.180468
1868 1.180946
1869 1.180624
1870 1.180286
1871 1.180188
1872 1.180100
1873 1.180362
1874 1.180690
1875 1.180878
1876 1.181488
1877 1.182062
1878 1.182296
1879 1.182772
1880 1.182502
1882 1.182100
1883 1.181736
1884 1.181252
1885 1.181102
1886 1.181316
1887 1.181648
1888 1.181064
1889 1.180740
1890 1.179702
1891 1.180402
1892 1.180456
1893 1.179960
1894 1.179814
1895 1.179852
1896 1.180388
1897 1.180390
1898 1.180422
1899 1.180194
1900 1.180854
1902 1.180924
1903 1.181102
1904 1.181056
1905 1.181388
1906 1.181406
1907 1.181386
1908 1.181414
1909 1.181422
1910 1.182028
1911 1.182416
1912 1.182600
1913 1.182728
1914 1.182486
1915 1.182242
1916 1.182254
1917 1.182290
1918 1.182142
1919 1.181842
1920 1.181642
1922 1.182254
1923 1.182392
1924 1.181794
1925 1.181710
1926 1.182092
1927 1.182580
1928 1.182158
1929 1.182512
1930 1.182388
1931 1.182442
1932 1.181948
1933 1.182394
1934 1.182608
1935 1.182856
1936 1.182850
1937 1.182904
1938 1.182896
1939 1.183474
1940 1.183168
1942 1.183840
1943 1.184156
1944 1.184222
1945 1.183726
1946 1.183856
1947 1.183574
1948 1.183496
1949 1.183324
1950 1.182984
1951 1.183278
1952 1.183340
1953 1.183492
1954 1.183198
1955 1.183070
1956 1.183834
1957 1.183874
1958 1.183120
1959 1.183732
1960 1.184164
1962 1.184050
1963 1.184084
1964 1.183948
1965 1.183644
1966 1.184018
1967 1.183714
1968 1.183672
1969 1.183116
1970 1.183816
1971 1.183520
1972 1.183560
1973 1.183664
1974 1.183766
1975 1.183830
1976 1.183616
1977 1.183004
1978 1.182984
1979 1.182622
1980 1.183216
1982 1.184156
1983 1.183622
1984 1.183708
1985 1.183578
1986 1.183462
1987 1.183864
1988 1.183146
1989 1.182752
1990 1.182630
1991 1.182372
1992 1.181986
1993 1.182268
1994 1.181890
1995 1.181506
1996 1.180752
1997 1.180572
1998 1.180632
1999 1.180782
2000 1.180504
2002 1.181468
2003 1.180938
2004 1.181622
2005 1.181064
2006 1.181434
2007 1.181776
2008 1.181432
2009 1.181396
2010 1.181284
2011 1.181308
2012 1.181272
2013 1.180612
2014 1.180428
2015 1.180106
2016 1.180400
2017 1.180114
2018 1.180376
2019 1.180592
2020 1.180830
2022 1.180742
2023 1.181368
2024 1.182110
2025 1.182518
2026 1.182636
2027 1.182890
2028 1.182966
2029 1.182908
2030 1.182730
2031 1.183318
2032 1.183712
2033 1.183558
2034 1.183114
2035 1.183228
2036 1.182860
2037 1.182828
2038 1.183444
2039 1.183582
2040 1.183652
2042 1.184522
2043 1.184628
2044 1.184924
2045 1.184542
2046 1.184516
2047 1.184720
2048 1.185340
2049 1.185002
2050 1.184820
2051 1.184440
2052 1.184878
2053 1.184646
2054 1.185006
2055 1.184242
2056 1.184782
2057 1.184914
2058 1.185010
2059 1.184722
2060 1.184994
2062 1.184980
2063 1.184760
2064 1.184854
2065 1.184382
2066 1.183894
2067 1.183616
2068 1.183554
2069 1.183426
2070 1.183038
2071 1.182708
2072 1.182824
2073 1.181936
2074 1.182058
2075 1.181982
2076 1.182316
2077 1.182182
2078 1.182096
2079 1.182808
2080 1.182844
2082 1.182610
2083 1.182192
2084 1.181714
2085 1.181278
2086 1.180968
2087 1.181266
2088 1.181584
2089 1.181552
2090 1.181426
2091 1.181574
2092 1.181522
2093 1.182176
2094 1.182118
2095 1.181894
2096 1.181282
2097 1.181064
2098 1.181350
2099 1.181770
2100 1.182482
2102 1.183074
2103 1.183152
2104 1.183010
2105 1.182402
2106 1.181914
2107 1.181912
2108 1.182358
2109 1.181824
2110 1.181232
2111 1.181414
2112 1.181420
2113 1.180982
2114 1.180672
2115 1.180438
2116 1.180018
2117 1.180210
2118 1.180086
2119 1.180200
2120 1.180420
2122 1.180502
2123 1.181076
2124 1.181168
2125 1.181506
2126 1.181804
2127 1.181674
2128 1.182036
2129 1.182040
2130 1.182252
2131 1.182392
2132 1.182284
2133 1.182956
2134 1.182928
2135 1.183026
2136 1.183396
2137 1.183098
2138 1.183574
2139 1.184266
2140 1.183872
2142 1.183904
2143 1.183388
2144 1.183540
2145 1.183560
2146 1.183236
2147 1.183352
2148 1.183740
2149 1.183046
2150 1.183266
2151 1.182520
2152 1.182582
2153 1.182652
2154 1.182264
2155 1.182876
2156 1.182750
2157 1.182544
2158 1.182342
2159 1.181664
2160 1.181948
2162 1.181900
2163 1.182668
2164 1.182598
2165 1.182334
2166 1.182918
2167 1.182088
2168 1.181626
2169 1.181668
2170 1.181554
2171 1.182076
2172 1.180896
2173 1.180952
2174 1.181684
2175 1.181922
2176 1.182224
2177 1.182328
2178 1.182290
2179 1.181968
2180 1.182234
2182 1.182468
2183 1.182318
2184 1.182306
2185 1.182224
2186 1.182498
2187 1.182378
2188 1.182032
2189 1.182650
2190 1.183074
2191 1.183398
2192 1.183532
2193 1.182472
2194 1.181884
2195 1.182500
2196 1.182328
2197 1.183018
2198 1.182714
2199 1.182420
2200 1.182236
2202 1.181412
2203 1.181104
2204 1.181314
2205 1.181360
2206 1.181900
2207 1.182600
2208 1.182210
2209 1.181672
2210 1.181490
2211 1.181630
2212 1.181856
2213 1.181930
2214 1.181774
2215 1.182094
2216 1.182650
2217 1.183016
2218 1.182980
2219 1.183344
2220 1.183832
2222 1.182692
2223 1.183174
2224 1.183168
2225 1.182902
2226 1.183072
2227 1.182774
2228 1.183148
2229 1.182614
2230 1.183264
2231 1.183352
2232 1.183402
2233 1.183644
2234 1.183224
2235 1.183642
2236 1.183130
2237 1.182918
2238 1.183262
2239 1.182930
2240 1.183836
2242 1.184120
2243 1.184044
2244 1.184062
2245 1.184106
2246 1.183854
2247 1.183658
2248 1.184364
2249 1.183722
2250 1.183434
2251 1.183742
2252 1.183846
2253 1.183550
2254 1.183890
2255 1.183910
2256 1.183852
2257 1.184502
2258 1.184158
2259 1.184436
2260 1.184480
2262 1.184184
2263 1.184840
2264 1.184762
2265 1.184388
2266 1.183884
2267 1.183840
2268 1.183814
2269 1.183424
2270 1.184056
2271 1.184256
2272 1.184066
2273 1.183946
2274 1.184066
2275 1.184462
2276 1.183980
2277 1.183884
2278 1.183732
2279 1.184050
2280 1.184174
2282 1.184862
2283 1.185194
2284 1.185196
2285 1.185628
2286 1.185886
2287 1.186090
2288 1.185750
2289 1.185408
2290 1.184948
2291 1.185704
2292 1.186012
2293 1.186388
2294 1.186446
2295 1.186716
2296 1.186774
2297 1.186366
2298 1.186426
2299 1.186398
2300 1.185680
2302 1.185276
2303 1.184832
2304 1.184310
2305 1.184198
2306 1.184498
2307 1.184226
2308 1.184268
2309 1.184706
2310 1.185136
2311 1.185640
2312 1.185408
2313 1.185430
2314 1.186004
2315 1.186290
2316 1.186420
2317 1.186004
2318 1.185930
2319 1.185570
2320 1.185762
2322 1.186694
2323 1.186316
2324 1.186710
2325 1.186242
2326 1.186274
2327 1.186116
2328 1.185754
2329 1.185394
2330 1.184562
2331 1.184344
2332 1.184830
2333 1.184658
2334 1.184218
2335 1.184328
2336 1.184474
2337 1.184842
2338 1.184176
2339 1.184566
2340 1.184102
2342 1.183768
2343 1.183516
2344 1.182834
2345 1.182282
2346 1.182086
2347 1.182062
2348 1.181382
2349 1.180874
2350 1.181194
2351 1.180640
2352 1.181182
2353 1.181158
2354 1.180858
2355 1.181284
2356 1.181142
2357 1.180212
2358 1.179688
2359 1.180552
2360 1.180298
2362 1.180096
2363 1.180146
2364 1.179824
2365 1.180478
2366 1.180152
2367 1.180364
2368 1.180674
2369 1.181128
2370 1.181036
2371 1.181664
2372 1.181096
2373 1.181270
2374 1.181328
2375 1.181860
2376 1.182060
2377 1.181914
2378 1.182304
2379 1.181868
2380 1.181870
2382 1.181910
2383 1.181766
2384 1.181632
2385 1.181942
2386 1.181808
2387 1.180754
2388 1.181022
2389 1.181138
2390 1.181104
2391 1.180872
2392 1.180168
2393 1.180286
2394 1.180120
2395 1.180092
2396 1.180540
2397 1.180476
2398 1.181086
2399 1.181832
2400 1.181594
2402 1.181524
2403 1.181168
2404 1.181342
2405 1.181116
2406 1.181718
2407 1.182074
2408 1.181882
2409 1.182402
2410 1.181914
2411 1.181874
2412 1.181858
2413 1.182332
2414 1.182446
2415 1.182130
2416 1.181762
2417 1.182330
2418 1.183086
2419 1.183306
2420 1.182666
2422 1.182588
2423 1.182232
2424 1.182608
2425 1.182584
2426 1.182884
2427 1.183024
2428 1.183306
2429 1.183020
2430 1.183004
2431 1.182970
2432 1.182790
2433 1.183166
2434 1.182960
2435 1.183458
2436 1.182832
2437 1.183066
2438 1.183380
2439 1.183152
2440 1.183116
2442 1.182778
2443 1.182398
2444 1.182604
2445 1.182732
2446 1.182824
2447 1.182472
2448 1.182012
2449 1.181500
2450 1.181592
2451 1.180944
2452 1.179992
2453 1.179594
2454 1.179566
2455 1.179570
2456 1.179824
2457 1.180034
2458 1.181090
2459 1.180722
2460 1.180814
2462 1.182146
2463 1.182022
2464 1.182246
2465 1.182436
2466 1.182188
2467 1.182146
2468 1.182110
2469 1.181874
2470 1.181622
2471 1.181428
2472 1.181504
2473 1.181266
2474 1.181458
2475 1.180638
2476 1.180632
2477 1.180542
2478 1.180594
2479 1.180770
2480 1.181146
2482 1.181136
2483 1.181262
2484 1.180828
2485 1.181276
2486 1.181632
2487 1.181786
2488 1.181188
2489 1.180754
2490 1.180616
2491 1.180544
2492 1.180152
2493 1.180072
2494 1.180132
2495 1.180410
2496 1.180806
2497 1.181202
2498 1.181102
2499 1.180944
2500 1.181492
2502 1.181148
2503 1.180982
2504 1.181022
2505 1.181036
2506 1.181064
2507 1.181756
2508 1.181874
2509 1.182010
2510 1.181944
2511 1.181942
2512 1.181466
2513 1.181028
2514 1.181622
2515 1.181026
2516 1.181084
2517 1.181184
2518 1.181442
2519 1.181364
2520 1.181494
2522 1.181312
2523 1.181734
2524 1.182492
2525 1.182304
2526 1.182854
2527 1.182620
2528 1.182396
2529 1.182650
2530 1.182798
2531 1.182686
2532 1.182462
2533 1.181770
2534 1.181670
2535 1.181382
2536 1.181930
2537 1.182108
2538 1.182258
2539 1.182216
2540 1.181974
2542 1.181696
2543 1.181826
2544 1.182080
2545 1.182224
2546 1.182772
2547 1.182888
2548 1.183362
2549 1.183128
2550 1.183460
2551 1.183322
2552 1.183366
2553 1.183470
2554 1.183570
2555 1.183286
2556 1.184026
2557 1.184066
2558 1.184410
2559 1.184330
2560 1.184504
2562 1.184990
2563 1.184600
2564 1.184132
2565 1.183306
2566 1.183722
2567 1.183516
2568 1.183582
2569 1.183950
2570 1.183956
2571 1.184088
2572 1.183558
2573 1.183594
2574 1.183428
2575 1.183436
2576 1.183164
2577 1.183276
2578 1.182868
2579 1.182914
2580 1.182320
2582 1.181946
2583 1.181966
2584 1.182846
2585 1.182820
2586 1.182934
2587 1.183404
2588 1.183486
2589 1.183602
2590 1.183918
2591 1.183984
2592 1.184148
2593 1.185274
2594 1.184664
2595 1.184590
2596 1.184302
2597 1.184756
2598 1.184638
2599 1.184466
2600 1.184650
2602 1.184220
2603 1.184128
2604 1.184260
2605 1.184114
2606 1.184072
2607 1.184286
2608 1.184152
2609 1.184222
2610 1.183916
2611 1.184064
2612 1.183904
2613 1.183300
2614 1.183202
2615 1.183716
2616 1.184130
2617 1.183964
2618 1.183840
2619 1.183762
2620 1.183774
2622 1.184098
2623 1.184360
2624 1.184754
2625 1.185552
2626 1.185378
2627 1.185908
2628 1.185560
2629 1.185620
2630 1.185532
2631 1.185736
2632 1.185336
2633 1.185768
2634 1.185120
2635 1.185532
2636 1.185022
2637 1.184688
2638 1.185272
2639 1.185348
2640 1.185464
2642 1.185032
2643 1.184614
2644 1.184728
2645 1.184716
2646 1.185130
2647 1.184450
2648 1.184258
2649 1.183878
2650 1.184118
2651 1.183668
2652 1.183314
2653 1.183724
2654 1.183786
2655 1.183426
2656 1.183776
2657 1.184038
2658 1.184174
2659 1.184324
2660 1.184472
2662 1.184910
2663 1.184556
2664 1.185024
2665 1.184168
2666 1.183702
2667 1.184162
2668 1.183948
2669 1.183844
2670 1.184042
2671 1.183612
2672 1.183752
2673 1.183624
2674 1.183308
2675 1.183440
2676 1.183318
2677 1.183050
2678 1.182842
2679 1.182956
2680 1.183160
2682 1.183600
2683 1.184012
2684 1.184462
2685 1.184448
2686 1.184200
2687 1.184052
2688 1.184116
2689 1.183754
2690 1.183456
2691 1.183392
2692 1.183696
2693 1.183954
2694 1.183976
2695 1.184188
2696 1.184270
2697 1.184460
2698 1.184150
2699 1.184494
2700 1.184144
2702 1.184296
2703 1.184966
2704 1.184408
2705 1.184164
2706 1.183234
2707 1.183058
2708 1.182238
2709 1.182532
2710 1.182124
2711 1.181964
2712 1.181702
2713 1.181926
2714 1.182472
2715 1.182242
2716 1.182280
2717 1.182266
2718 1.182704
2719 1.182528
2720 1.183040
2722 1.182794
2723 1.183100
2724 1.182710
2725 1.182766
2726 1.183974
2727 1.184028
2728 1.183792
2729 1.183730
2730 1.183776
2731 1.183710
2732 1.183918
2733 1.183818
2734 1.183946
2735 1.183856
2736 1.183428
2737 1.183364
2738 1.184356
2739 1.184232
2740 1.183492
2742 1.183612
2743 1.183694
2744 1.183304
2745 1.183178
2746 1.183458
2747 1.183412
2748 1.183316
2749 1.183584
2750 1.183436
2751 1.184484
2752 1.184146
2753 1.183522
2754 1.183608
2755 1.183706
2756 1.182928
2757 1.183638
2758 1.183286
2759 1.183770
2760 1.183666
2762 1.183862
2763 1.183820
2764 1.183506
2765 1.183568
2766 1.183398
2767 1.183234
2768 1.183332
2769 1.183828
2770 1.183886
2771 1.183520
2772 1.183670
2773 1.183596
2774 1.184202
2775 1.185302
2776 1.185160
2777 1.185280
2778 1.185230
2779 1.186118
2780 1.185716
2782 1.184744
2783 1.185078
2784 1.185050
2785 1.184928
2786 1.184716
2787 1.184252
2788 1.184462
2789 1.184470
2790 1.184816
2791 1.185076
2792 1.185364
2793 1.184752
2794 1.185468
2795 1.184482
2796 1.184948
2797 1.184080
2798 1.184190
2799 1.184176
2800 1.184516
2802 1.183902
2803 1.184418
2804 1.184846
2805 1.183966
2806 1.183772
2807 1.183878
2808 1.184208
2809 1.184602
2810 1.184702
2811 1.184932
2812 1.185120
2813 1.185574
2814 1.185264
2815 1.184806
2816 1.185304
2817 1.185290
2818 1.184992
2819 1.185054
2820 1.184894
2822 1.184622
2823 1.184866
2824 1.184488
2825 1.184204
2826 1.184262
2827 1.184086
2828 1.184360
2829 1.184370
2830 1.184150
2831 1.183726
2832 1.182994
2833 1.182660
2834 1.182176
2835 1.183058
2836 1.183318
2837 1.183616
2838 1.183220
2839 1.183512
2840 1.184016
2842 1.183632
2843 1.183274
2844 1.183260
2845 1.182594
2846 1.182348
2847 1.181906
2848 1.181724
2849 1.182162
2850 1.182276
2851 1.181942
2852 1.183168
2853 1.183404
2854 1.184258
2855 1.184370
2856 1.184058
2857 1.184198
2858 1.183768
2859 1.183706
2860 1.183360
2862 1.182806
2863 1.182772
2864 1.182656
2865 1.182340
2866 1.181942
2867 1.181952
2868 1.182134
2869 1.183000
2870 1.183010
2871 1.182864
2872 1.183062
2873 1.183002
2874 1.183424
2875 1.183948
2876 1.184028
2877 1.183708
2878 1.183538
2879 1.183542
2880 1.183168
2882 1.182908
2883 1.182892
2884 1.182686
2885 1.182704
2886 1.182474
2887 1.182522
2888 1.182062
2889 1.182398
2890 1.182296
2891 1.182218
2892 1.182052
2893 1.182196
2894 1.182864
2895 1.183434
2896 1.183484
2897 1.183142
2898 1.183016
2899 1.183112
2900 1.182800
2902 1.183656
2903 1.183302
2904 1.182844
2905 1.182848
2906 1.182742
2907 1.183058
2908 1.182888
2909 1.182742
2910 1.182302
2911 1.182002
2912 1.181924
2913 1.181758
2914 1.182144
2915 1.181924
2916 1.182004
2917 1.180720
2918 1.180776
2919 1.181228
2920 1.181400
2922 1.182134
2923 1.181640
2924 1.181590
2925 1.181758
2926 1.181860
2927 1.183080
2928 1.183374
2929 1.182830
2930 1.182702
2931 1.182114
2932 1.182020
2933 1.181710
2934 1.182104
2935 1.181814
2936 1.181738
2937 1.181380
2938 1.181026
2939 1.180658
2940 1.180748
2942 1.181364
2943 1.181514
2944 1.181658
2945 1.182310
2946 1.182476
2947 1.182544
2948 1.183026
2949 1.183766
2950 1.184078
2951 1.183858
2952 1.183562
2953 1.183426
2954 1.183462
2955 1.183688
2956 1.183804
2957 1.183890
2958 1.183438
2959 1.184138
2960 1.184410
2962 1.184900
2963 1.184432
2964 1.183862
2965 1.184468
2966 1.183980
2967 1.184032
2968 1.183956
2969 1.184706
2970 1.184550
2971 1.184006
2972 1.183572
2973 1.183454
2974 1.184048
2975 1.184002
2976 1.184028
2977 1.183808
2978 1.184184
2979 1.184410
2980 1.184284
2982 1.183574
2983 1.183034
2984 1.182804
2985 1.183024
2986 1.183020
2987 1.182418
2988 1.183080
2989 1.182794
2990 1.182856
2991 1.183056
2992 1.183454
2993 1.183432
2994 1.183282
2995 1.183234
2996 1.183308
2997 1.183324
2998 1.183288
2999 1.183992
3000 1.184166
3002 1.184402
3003 1.184398
3004 1.184738
3005 1.184294
3006 1.183450
3007 1.184056
3008 1.183948
3009 1.184180
3010 1.183946
3011 1.183728
3012 1.183386
3013 1.183128
3014 1.182650
3015 1.182522
3016 1.182714
3017 1.182888
3018 1.183344
3019 1.183358
3020 1.183252
3022 1.183608
3023 1.183516
3024 1.183686
3025 1.183810
3026 1.184032
3027 1.184134
3028 1.184056
3029 1.184748
3030 1.184582
3031 1.184800
3032 1.184794
3033 1.184364
3034 1.185008
3035 1.184952
3036 1.185022
3037 1.185122
3038 1.185116
3039 1.184996
3040 1.185272
3042 1.185124
3043 1.184882
3044 1.184768
3045 1.184030
3046 1.183046
3047 1.182992
3048 1.182702
3049 1.182424
3050 1.182702
3051 1.183420
3052 1.182536
3053 1.183070
3054 1.183840
3055 1.183340
3056 1.183288
3057 1.183078
3058 1.182624
3059 1.183162
3060 1.183138
3062 1.183032
3063 1.182602
3064 1.182200
3065 1.182426
3066 1.182526
3067 1.182792
3068 1.182702
3069 1.182916
3070 1.182566
3071 1.182352
3072 1.182058
3073 1.182102
3074 1.181994
3075 1.182024
3076 1.181820
3077 1.181228
3078 1.181390
3079 1.181972
3080 1.181514
3082 1.181534
3083 1.181250
3084 1.181116
3085 1.181212
3086 1.181010
3087 1.181272
3088 1.180888
3089 1.180744
3090 1.181038
3091 1.181026
3092 1.181290
3093 1.180890
3094 1.180906
3095 1.181078
3096 1.181376
3097 1.181126
3098 1.181028
3099 1.181154
3100 1.180488
3102 1.180862
3103 1.180646
3104 1.180862
3105 1.180718
3106 1.180328
3107 1.180530
3108 1.180970
3109 1.181154
3110 1.180926
3111 1.181082
3112 1.181094
3113 1.180748
3114 1.180810
3115 1.180486
3116 1.180824
3117 1.180962
3118 1.180646
3119 1.180638
3120 1.180480
3122 1.180490
3123 1.180962
3124 1.181198
3125 1.180754
3126 1.180348
3127 1.179830
3128 1.179940
3129 1.179746
3130 1.180688
3131 1.180896
3132 1.181438
3133 1.180854
3134 1.181188
3135 1.181636
3136 1.181980
3137 1.182674
3138 1.182696
3139 1.183532
3140 1.183008
3142 1.182868
3143 1.182724
3144 1.182828
3145 1.182368
3146 1.181894
3147 1.181760
3148 1.181874
3149 1.182148
3150 1.181952
3151 1.181458
3152 1.182158
3153 1.181652
3154 1.181442
3155 1.181612
3156 1.181968
3157 1.181882
3158 1.181878
3159 1.182548
3160 1.183182
3162 1.182994
3163 1.183266
3164 1.183332
3165 1.183214
3166 1.182922
3167 1.183170
3168 1.183602
3169 1.183744
3170 1.183910
3171 1.184548
3172 1.184462
3173 1.184040
3174 1.184048
3175 1.183652
3176 1.183804
3177 1.184218
3178 1.184442
3179 1.184064
3180 1.183342
3182 1.182034
3183 1.181848
3184 1.181738
3185 1.181810
3186 1.182092
3187 1.182412
3188 1.182636
3189 1.182582
3190 1.183160
3191 1.183362
3192 1.183556
3193 1.184074
3194 1.183864
3195 1.183396
3196 1.183276
3197 1.182666
3198 1.182076
3199 1.181912
3200 1.181692
3202 1.180292
3203 1.179994
3204 1.179670
3205 1.180122
3206 1.180446
3207 1.180530
3208 1.180794
3209 1.180380
3210 1.180768
3211 1.180100
3212 1.180018
3213 1.179906
3214 1.180232
3215 1.180056
3216 1.180554
3217 1.180590
3218 1.180810
3219 1.180602
3220 1.181306
3222 1.180592
3223 1.180822
3224 1.181066
3225 1.181016
3226 1.181240
3227 1.181380
3228 1.181116
3229 1.181514
3230 1.181576
3231 1.181886
3232 1.181728
3233 1.181028
3234 1.181108
3235 1.181306
3236 1.181164
3237 1.181582
3238 1.181116
3239 1.181304
3240 1.181370
3242 1.181048
3243 1.181184
3244 1.181482
3245 1.181674
3246 1.181762
3247 1.181716
3248 1.181306
3249 1.181590
3250 1.182078
3251 1.181962
3252 1.181482
3253 1.181682
3254 1.181758
3255 1.182028
3256 1.182468
3257 1.182152
3258 1.182540
3259 1.182034
3260 1.181870
3262 1.183236
3263 1.183390
3264 1.183008
3265 1.183242
3266 1.182998
3267 1.183588
3268 1.182800
3269 1.183430
3270 1.183944
3271 1.184186
3272 1.183678
3273 1.183510
3274 1.183204
3275 1.183344
3276 1.183862
3277 1.184038
3278 1.183664
3279 1.183212
3280 1.183464
3282 1.183278
3283 1.183202
3284 1.182976
3285 1.182632
3286 1.181572
3287 1.182056
3288 1.182542
3289 1.182956
3290 1.183516
3291 1.183158
3292 1.183752
3293 1.184060
3294 1.184150
3295 1.183752
3296 1.183324
3297 1.183486
3298 1.183136
3299 1.182790
3300 1.182486
3302 1.182688
3303 1.182348
3304 1.182156
3305 1.182572
3306 1.182118
3307 1.182566
3308 1.182218
3309 1.182338
3310 1.182380
3311 1.182020
3312 1.182160
3313 1.182212
3314 1.182402
3315 1.182552
3316 1.182518
3317 1.183002
3318 1.182568
3319 1.181818
3320 1.181938
3322 1.182790
3323 1.182604
3324 1.182854
3325 1.182612
3326 1.182844
3327 1.182804
3328 1.182456
3329 1.182414
3330 1.182152
3331 1.182750
3332 1.181662
3333 1.182586
3334 1.182918
3335 1.182584
3336 1.183002
3337 1.183038
3338 1.183122
3339 1.182498
3340 1.183200
3342 1.183050
3343 1.183192
3344 1.182712
3345 1.182348
3346 1.182398
3347 1.182280
3348 1.182622
3349 1.183056
3350 1.182940
3351 1.183418
3352 1.184218
3353 1.183684
3354 1.183670
3355 1.183354
3356 1.182630
3357 1.182848
3358 1.182344
3359 1.181752
3360 1.181146
3362 1.181676
3363 1.181632
3364 1.182258
3365 1.182678
3366 1.182380
3367 1.182448
3368 1.182400
3369 1.182706
3370 1.182436
3371 1.182270
3372 1.182148
3373 1.182348
3374 1.182362
3375 1.181968
3376 1.181378
3377 1.181388
3378 1.181832
3379 1.182558
3380 1.182392
3382 1.182444
3383 1.182728
3384 1.182132
3385 1.181234
3386 1.181206
3387 1.181556
3388 1.181514
3389 1.181500
3390 1.181382
3391 1.181688
3392 1.181686
3393 1.182062
3394 1.182576
3395 1.183202
3396 1.182972
3397 1.182834
3398 1.183374
3399 1.183980
3400 1.183520
3402 1.182878
3403 1.183452
3404 1.183596
3405 1.183676
3406 1.183556
3407 1.183640
3408 1.183686
3409 1.183028
3410 1.182560
3411 1.182280
3412 1.182390
3413 1.182010
3414 1.182216
3415 1.182902
3416 1.182658
3417 1.182850
3418 1.183478
3419 1.182920
3420 1.183210
3422 1.182460
3423 1.182178
3424 1.183004
3425 1.182946
3426 1.182168
3427 1.181708
3428 1.182686
3429 1.183162
3430 1.182904
3431 1.182600
3432 1.182244
3433 1.181818
3434 1.181788
3435 1.181936
3436 1.181770
3437 1.181934
3438 1.181738
3439 1.182032
3440 1.182610
3442 1.183922
3443 1.183204
3444 1.182556
3445 1.182828
3446 1.182890
3447 1.182254
3448 1.182446
3449 1.182518
3450 1.182064
3451 1.181794
3452 1.180938
3453 1.181030
3454 1.180686
3455 1.181052
3456 1.181736
3457 1.181924
3458 1.181986
3459 1.181862
3460 1.181580
3462 1.181866
3463 1.182700
3464 1.182896
3465 1.182902
3466 1.183040
3467 1.183888
3468 1.184752
3469 1.184752
3470 1.183790
3471 1.184626
3472 1.185086
3473 1.186120
3474 1.186064
3475 1.186120
3476 1.185296
3477 1.185182
3478 1.185056
3479 1.184674
3480 1.184528
3482 1.183388
3483 1.183430
3484 1.183362
3485 1.183532
3486 1.183212
3487 1.182810
3488 1.182896
3489 1.182482
3490 1.182716
3491 1.182826
3492 1.182466
3493 1.182648
3494 1.182250
3495 1.182176
3496 1.182186
3497 1.182566
3498 1.182456
3499 1.182930
3500 1.183278
3502 1.183532
3503 1.183566
3504 1.183750
3505 1.184282
3506 1.184194
3507 1.184412
3508 1.183956
3509 1.184218
3510 1.184114
3511 1.184374
3512 1.184274
3513 1.183944
3514 1.183322
3515 1.182902
3516 1.182636
3517 1.182840
3518 1.183326
3519 1.183072
3520 1.183762
3522 1.183770
3523 1.183342
3524 1.183694
3525 1.183776
3526 1.183524
3527 1.183552
3528 1.183384
3529 1.183466
3530 1.183594
3531 1.183512
3532 1.183858
3533 1.183536
3534 1.183614
3535 1.183658
3536 1.183138
3537 1.182718
3538 1.182726
3539 1.182358
3540 1.182850
3542 1.183014
3543 1.183252
3544 1.182816
3545 1.182730
3546 1.182992
3547 1.182760
3548 1.182594
3549 1.182584
3550 1.182738
3551 1.182708
3552 1.182770
3553 1.182810
3554 1.181938
3555 1.181778
3556 1.181878
3557 1.182750
3558 1.182120
3559 1.181420
3560 1.181392
3562 1.182014
3563 1.182148
3564 1.181940
3565 1.182048
3566 1.182158
3567 1.182396
3568 1.181604
3569 1.181916
3570 1.182202
3571 1.182118
3572 1.182346
3573 1.182412
3574 1.182580
3575 1.183098
3576 1.183286
3577 1.183238
3578 1.183466
3579 1.183216
3580 1.183138
3582 1.182796
3583 1.182824
3584 1.182968
3585 1.182792
3586 1.183004
3587 1.182646
3588 1.183366
3589 1.183592
3590 1.183778
3591 1.183670
3592 1.184130
3593 1.184010
3594 1.184146
3595 1.183284
3596 1.183872
3597 1.183908
3598 1.183896
3599 1.184754
3600 1.184904
3602 1.185206
3603 1.185070
3604 1.184470
3605 1.184422
3606 1.184528
3607 1.184268
3608 1.184388
3609 1.184672
3610 1.184158
3611 1.184076
3612 1.184200
3613 1.184296
3614 1.184378
3615 1.184500
3616 1.184846
3617 1.185378
3618 1.185332
3619 1.185544
3620 1.185506
3622 1.184614
3623 1.184534
3624 1.184700
3625 1.184052
3626 1.184056
3627 1.184040
3628 1.183902
3629 1.183026
3630 1.182608
3631 1.182450
3632 1.182344
3633 1.183196
3634 1.183778
3635 1.184014
3636 1.184032
3637 1.184354
3638 1.184376
3639 1.184630
3640 1.184676
3642 1.183948
3643 1.182894
3644 1.183406
3645 1.183580
3646 1.184322
3647 1.184420
3648 1.184012
3649 1.183986
3650 1.183438
3651 1.183450
3652 1.183706
3653 1.183608
3654 1.183894
3655 1.183998
3656 1.183832
3657 1.184132
3658 1.184512
3659 1.184008
3660 1.183204
3662 1.183468
3663 1.183860
3664 1.184026
3665 1.184458
3666 1.184258
3667 1.184516
3668 1.184568
3669 1.184258
3670 1.183220
3671 1.183132
3672 1.183392
3673 1.182652
3674 1.183038
3675 1.184152
3676 1.183886
3677 1.184430
3678 1.184322
3679 1.184702
3680 1.184636
3682 1.184728
3683 1.184674
3684 1.184156
3685 1.183980
3686 1.184430
3687 1.184432
3688 1.184410
3689 1.183618
3690 1.183994
3691 1.183612
3692 1.183752
3693 1.183670
3694 1.183538
3695 1.184158
3696 1.184278
3697 1.184802
3698 1.184812
3699 1.184472
3700 1.184452


Active cycles: 2200
k_mean: 1.182868
k_stddev(cycle): 0.001411
k_stderr(mean): 0.000030
