1 0.989512
2 0.984450
3 0.982944
4 0.983334
5 0.983794
6 0.983492
7 0.983150
8 0.982474
9 0.981426
10 0.980048
11 0.979006
12 0.977852
13 0.976736
14 0.975650
15 0.974686
16 0.973786
17 0.972304
18 0.971796
19 0.972196
20 0.971968
21 0.972110
22 0.972482
23 0.972464
24 0.973088
25 0.973822
26 0.974936
27 0.975770
28 0.976990
29 0.978260
30 0.978976
31 0.980080
32 0.980264
33 0.981896
34 0.982482
35 0.983522
36 0.984788
37 0.986294
38 0.987628
39 0.989276
40 0.991600
41 0.993272
42 0.994110
43 0.995202
44 0.996892
45 0.998498
46 0.999902
47 1.001280
48 1.002740
49 1.004690
50 1.006030
51 1.007774
52 1.009718
53 1.011628
54 1.013144
55 1.014706
56 1.016668
57 1.019262
58 1.021618
59 1.023770
60 1.025700
61 1.027636
62 1.029540
63 1.031006
64 1.032918
65 1.034584
66 1.035880
67 1.036768
68 1.038928
69 1.040648
70 1.042690
71 1.045084
72 1.046862
73 1.048726
74 1.050306
75 1.052592
76 1.054264
77 1.056258
78 1.058264
79 1.060034
80 1.061248
81 1.062396
82 1.063712
83 1.064982
84 1.066516
85 1.067978
86 1.069584
87 1.071204
88 1.072348
89 1.073164
90 1.074788
91 1.075934
92 1.077492
93 1.079466
94 1.081384
95 1.082924
96 1.084870
97 1.085970
98 1.087244
99 1.087996
100 1.089136
101 1.090896
102 1.092590
103 1.094544
104 1.095994
105 1.097486
106 1.099176
107 1.100350
108 1.101180
109 1.102800
110 1.103522
111 1.104448
112 1.105682
113 1.106970
114 1.107930
115 1.109222
116 1.109870
117 1.111338
118 1.113046
119 1.113608
120 1.114754
121 1.115302
122 1.116638
123 1.117246
124 1.117798
125 1.118532
126 1.119602
127 1.121508
128 1.122482
129 1.123104
130 1.124238
131 1.124466
132 1.125110
133 1.125490
134 1.125974
135 1.127116
136 1.127926
137 1.129138
138 1.129850
139 1.130626
140 1.131500
141 1.132546
142 1.133218
143 1.133410
144 1.134052
145 1.134406
146 1.135414
147 1.136284
148 1.137278
149 1.137732
150 1.137932
151 1.138146
152 1.138586
153 1.139696
154 1.140214
155 1.140868
156 1.141784
157 1.141890
158 1.142548
159 1.142326
160 1.142460
161 1.142666
162 1.143166
163 1.143744
164 1.143376
165 1.143586
166 1.144058
167 1.144534
168 1.145134
169 1.145734
170 1.146180
171 1.145662
172 1.147034
173 1.147478
174 1.148494
175 1.148594
176 1.149012
177 1.149558
178 1.150324
179 1.149926
180 1.150626
181 1.151096
182 1.151466
183 1.151394
184 1.151430
185 1.152124
186 1.152508
187 1.152688
188 1.153140
189 1.153584
190 1.153612
191 1.154332
192 1.154450
193 1.154706
194 1.154688
195 1.154710
196 1.155430
197 1.155882
198 1.156392
199 1.157098
200 1.157282
201 1.157192
202 1.157172
203 1.157690
204 1.157590
205 1.158044
206 1.158444
207 1.158648
208 1.159060
209 1.159488
210 1.159460
211 1.159818
212 1.160016
213 1.160550
214 1.161050
215 1.161022
216 1.161546
217 1.161092
218 1.161530
219 1.161674
220 1.161278
221 1.161512
222 1.161154
223 1.160960
224 1.161822
225 1.161958
226 1.161792
227 1.162480
228 1.163628
229 1.163768
230 1.164378
231 1.164040
232 1.164022
233 1.164992
234 1.165424
235 1.165576
236 1.165564
237 1.166608
238 1.166808
239 1.167364
240 1.167050
241 1.167002
242 1.166524
243 1.166788
244 1.166462
245 1.166354
246 1.167302
247 1.167568
248 1.167368
249 1.167958
250 1.167904
251 1.167990
252 1.167946
253 1.168300
254 1.168728
255 1.168770
256 1.169240
257 1.168960
258 1.169162
259 1.168962
260 1.169200
261 1.169116
262 1.168930
263 1.169306
264 1.170390
265 1.170526
266 1.170642
267 1.171376
268 1.171244
269 1.171682
270 1.171414
271 1.171122
272 1.170848
273 1.170618
274 1.171322
275 1.171378
276 1.171598
277 1.171938
278 1.171560
279 1.171896
280 1.171854
281 1.171656
282 1.171504
283 1.172156
284 1.172158
285 1.172260
286 1.173016
287 1.173554
288 1.173410
289 1.173872
290 1.174282
291 1.174142
292 1.173372
293 1.172970
294 1.172836
295 1.172786
296 1.172714
297 1.172866
298 1.172766
299 1.172794
300 1.172752
301 1.172388
302 1.172766
303 1.173546
304 1.173754
305 1.173256
306 1.173074
307 1.172868
308 1.173012
309 1.173342
310 1.173698
311 1.173486
312 1.174006
313 1.173628
314 1.173750
315 1.172980
316 1.172566
317 1.173108
318 1.173398
319 1.173970
320 1.173932
321 1.174112
322 1.174272
323 1.174058
324 1.174484
325 1.174678
326 1.174958
327 1.174888
328 1.174414
329 1.174426
330 1.174076
331 1.174414
332 1.174584
333 1.174484
334 1.174576
335 1.174480
336 1.174320
337 1.174980
338 1.174980
339 1.175002
340 1.175536
341 1.175334
342 1.175572
343 1.176178
344 1.175946
345 1.176632
346 1.176922
347 1.176202
348 1.176708
349 1.177088
350 1.177374
351 1.176952
352 1.177000
353 1.176368
354 1.176364
355 1.177132
356 1.176502
357 1.176774
358 1.176652
359 1.176870
360 1.177054
361 1.177490
362 1.177722
363 1.177690
364 1.177344
365 1.177916
366 1.177316
367 1.177520
368 1.177008
369 1.177106
370 1.176982
371 1.177452
372 1.176822
373 1.177324
374 1.177234
375 1.177756
376 1.177632
377 1.177460
378 1.177664
379 1.177600
380 1.178070
381 1.177802
382 1.177458
383 1.177878
384 1.178048
385 1.178382
386 1.178958
387 1.178948
388 1.178598
389 1.178632
390 1.178390
391 1.178230
392 1.178136
393 1.178252
394 1.178294
395 1.178588
396 1.178280
397 1.178308
398 1.178746
399 1.179116
400 1.179894
401 1.180112
402 1.179792
403 1.179524
404 1.179396
405 1.180062
406 1.180052
407 1.179778
408 1.179794
409 1.179202
410 1.179314
411 1.179490
412 1.179476
413 1.178684
414 1.177902
415 1.178138
416 1.178362
417 1.178310
418 1.177936
419 1.177974
420 1.178336
421 1.178438
422 1.178518
423 1.178390
424 1.178576
425 1.178990
426 1.178600
427 1.178454
428 1.178852
429 1.179298
430 1.178778
431 1.178820
432 1.179076
433 1.178606
434 1.178712
435 1.178964
436 1.178898
437 1.179418
438 1.179272
439 1.179304
440 1.179468
441 1.179458
442 1.179148
443 1.179254
444 1.179634
445 1.180096
446 1.179972
447 1.180044
448 1.180286
449 1.179510
450 1.179438
451 1.179992
452 1.179828
453 1.180080
454 1.179900
455 1.180166
456 1.180854
457 1.180412
458 1.180318
459 1.180188
460 1.180346
461 1.179812
462 1.179306
463 1.178800
464 1.179112
465 1.178912
466 1.178848
467 1.178762
468 1.178786
469 1.179498
470 1.179356
471 1.178760
472 1.179100
473 1.179218
474 1.179092
475 1.178916
476 1.178240
477 1.178278
478 1.178048
479 1.177866
480 1.178076
481 1.178524
482 1.177998
483 1.178506
484 1.178026
485 1.177982
486 1.178372
487 1.177880
488 1.178164
489 1.178280
490 1.177988
491 1.178142
492 1.178466
493 1.179188
494 1.179338
495 1.179256
496 1.179304
497 1.179340
498 1.179356
499 1.178930
500 1.178822
501 1.178906
502 1.179278
503 1.179272
504 1.179532
505 1.179472
506 1.178840
507 1.179034
508 1.179300
509 1.179170
510 1.179176
511 1.179508
512 1.179418
513 1.179084
514 1.179074
515 1.179360
516 1.179806
517 1.180028
518 1.179480
519 1.179130
520 1.179476
521 1.178772
522 1.179250
523 1.179440
524 1.179604
525 1.179452
526 1.179242
527 1.178916
528 1.178970
529 1.178872
530 1.179334
531 1.179634
532 1.179696
533 1.180198
534 1.179986
535 1.179972
536 1.180098
537 1.179828
538 1.179942
539 1.179928
540 1.179766
541 1.179194
542 1.179244
543 1.179172
544 1.178612
545 1.178418
546 1.178992
547 1.178596
548 1.179012
549 1.178934
550 1.178512
551 1.179000
552 1.179076
553 1.179676
554 1.179484
555 1.179172
556 1.179374
557 1.179756
558 1.179758
559 1.179664
560 1.180264
561 1.180212
562 1.179966
563 1.179534
564 1.179108
565 1.178620
566 1.178266
567 1.178970
568 1.179238
569 1.179798
570 1.179532
571 1.180004
572 1.180062
573 1.179990
574 1.179758
575 1.179956
576 1.179834
577 1.180092
578 1.179800
579 1.179244
580 1.178708
581 1.178688
582 1.179064
583 1.178288
584 1.177650
585 1.177854
586 1.177684
587 1.177766
588 1.177998
589 1.178518
590 1.178796
591 1.178594
592 1.178782
593 1.178844
594 1.179206
595 1.179070
596 1.179898
597 1.179980
598 1.180158
599 1.180426
600 1.181100
601 1.180856
602 1.180554
603 1.180692
604 1.181280
605 1.181392
606 1.181046
607 1.181264
608 1.181544
609 1.181396
610 1.180838
611 1.180968
612 1.181556
613 1.181512
614 1.181212
615 1.181590
616 1.181334
617 1.181400
618 1.181526
619 1.181502
620 1.181736
621 1.182000
622 1.182618
623 1.182244
624 1.182610
625 1.181690
626 1.181948
627 1.181156
628 1.181340
629 1.181398
630 1.181540
631 1.181266
632 1.181442
633 1.181348
634 1.181132
635 1.180934
636 1.180418
637 1.180392
638 1.181158
639 1.181340
640 1.181224
641 1.181136
642 1.181444
643 1.181356
644 1.181778
645 1.181944
646 1.182010
647 1.182202
648 1.182094
649 1.182096
650 1.182004
651 1.181822
652 1.181608
653 1.181690
654 1.181664
655 1.181566
656 1.181534
657 1.180958
658 1.180424
659 1.180100
660 1.180090
661 1.180038
662 1.180978
663 1.181116
664 1.180504
665 1.181624
666 1.181402
667 1.181744
668 1.181836
669 1.181826
670 1.182374
671 1.182222
672 1.182408
673 1.182832
674 1.182938
675 1.183524
676 1.183354
677 1.182736
678 1.183172
679 1.183530
680 1.183602
681 1.183368
682 1.183300
683 1.182468
684 1.182108
685 1.180982
686 1.180706
687 1.180666
688 1.180114
689 1.180840
690 1.180796
691 1.181686
692 1.181648
693 1.181888
694 1.182078
695 1.181950
696 1.182168
697 1.182472
698 1.182570
699 1.182614
700 1.182358
701 1.183004
702 1.182544
703 1.182350
704 1.182334
705 1.181848
706 1.181562
707 1.181370
708 1.181792
709 1.181704
710 1.182370
711 1.182308
712 1.182100
713 1.181754
714 1.181838
715 1.181734
716 1.182060
717 1.182454
718 1.183000
719 1.183012
720 1.182426
721 1.183166
722 1.182994
723 1.182616
724 1.181968
725 1.181744
726 1.181744
727 1.181744
728 1.181872
729 1.182398
730 1.182678
731 1.182648
732 1.182620
733 1.182268
734 1.182198
735 1.182130
736 1.181952
737 1.181816
738 1.181416
739 1.181920
740 1.182104
741 1.181662
742 1.181814
743 1.181788
744 1.181654
745 1.181072
746 1.181266
747 1.181740
748 1.181276
749 1.181604
750 1.181120
751 1.180938
752 1.181572
753 1.181614
754 1.182128
755 1.182172
756 1.181886
757 1.182068
758 1.182014
759 1.181494
760 1.181904
761 1.182066
762 1.181720
763 1.181902
764 1.182536
765 1.182982
766 1.182800
767 1.182974
768 1.182818
769 1.182974
770 1.182414
771 1.182004
772 1.182008
773 1.181498
774 1.181804
775 1.181906
776 1.182134
777 1.181570
778 1.181552
779 1.182222
780 1.182124
781 1.182088
782 1.182388
783 1.182854
784 1.182816
785 1.182702
786 1.182262
787 1.182666
788 1.182888
789 1.181878
790 1.181694
791 1.181306
792 1.181438
793 1.181258
794 1.180704
795 1.180946
796 1.181230
797 1.181582
798 1.181346
799 1.181342
800 1.181640
801 1.181364
802 1.181578
803 1.181618
804 1.181346
805 1.181730
806 1.181678
807 1.181678
808 1.181664
809 1.181636
810 1.181484
811 1.181436
812 1.182218
813 1.182708
814 1.182634
815 1.182598
816 1.182400
817 1.181956
818 1.181744
819 1.181882
820 1.181544
821 1.181368
822 1.181132
823 1.181294
824 1.181390
825 1.181280
826 1.180648
827 1.181000
828 1.181366
829 1.181216
830 1.181112
831 1.181174
832 1.181798
833 1.181216
834 1.180996
835 1.181744
836 1.181350
837 1.181378
838 1.181358
839 1.181138
840 1.180532
841 1.181452
842 1.181120
843 1.180870
844 1.180340
845 1.180480
846 1.180266
847 1.180190
848 1.179848
849 1.180032
850 1.180050
851 1.180366
852 1.181082
853 1.180566
854 1.180524
855 1.180938
856 1.181228
857 1.181696
858 1.181674
859 1.182234
860 1.181944
861 1.181518
862 1.181784
863 1.181680
864 1.181662
865 1.181458
866 1.180778
867 1.181204
868 1.181636
869 1.182044
870 1.181822
871 1.182222
872 1.181510
873 1.181294
874 1.180878
875 1.180978
876 1.181636
877 1.181736
878 1.182102
879 1.181856
880 1.181548
881 1.181500
882 1.180858
883 1.180728
884 1.180560
885 1.180502
886 1.180158
887 1.180076
888 1.180242
889 1.180828
890 1.181070
891 1.180730
892 1.181126
893 1.180980
894 1.181128
895 1.181458
896 1.181214
897 1.181216
898 1.181046
899 1.180888
900 1.180658
901 1.180464
902 1.180476
903 1.180618
904 1.180482
905 1.180350
906 1.180010
907 1.179406
908 1.179480
909 1.179906
910 1.179850
911 1.180206
912 1.180244
913 1.180466
914 1.180410
915 1.181082
916 1.181064
917 1.181304
918 1.181544
919 1.181824
920 1.181678
921 1.181452
922 1.181266
923 1.181470
924 1.181576
925 1.181336
926 1.181456
927 1.182338
928 1.182654
929 1.182672
930 1.182922
931 1.183444
932 1.183828
933 1.183944
934 1.184288
935 1.184222
936 1.184356
937 1.183904
938 1.183916
939 1.183488
940 1.183268
941 1.183368
942 1.182828
943 1.183272
944 1.183682
945 1.184118
946 1.184428
947 1.184196
948 1.184050
949 1.183728
950 1.184154
951 1.184038
952 1.184238
953 1.183866
954 1.183354
955 1.183174
956 1.182872
957 1.183148
958 1.182878
959 1.183162
960 1.183042
961 1.183014
962 1.182330
963 1.182332
964 1.182758
965 1.182456
966 1.182394
967 1.182018
968 1.181904
969 1.182140
970 1.181980
971 1.182546
972 1.182690
973 1.183398
974 1.183266
975 1.182596
976 1.182512
977 1.182406
978 1.182432
979 1.182698
980 1.182880
981 1.182686
982 1.182302
983 1.182420
984 1.182380
985 1.182250
986 1.182190
987 1.181646
988 1.181768
989 1.181082
990 1.181150
991 1.181504
992 1.181824
993 1.181210
994 1.181064
995 1.180832
996 1.180506
997 1.179792
998 1.179502
999 1.179942
1000 1.180100
1001 1.180996
1002 1.181388
1003 1.181378
1004 1.182008
1005 1.181842
1006 1.181548
1007 1.181406
1008 1.182400
1009 1.181786
1010 1.181478
1011 1.181578
1012 1.182018
1013 1.182372
1014 1.183116
1015 1.183100
1016 1.182998
1017 1.182938
1018 1.182696
1019 1.183084
1020 1.183398
1021 1.182974
1022 1.183270
1023 1.184048
1024 1.184264
1025 1.184130
1026 1.183218
1027 1.182840
1028 1.182804
1029 1.182548
1030 1.182238
1031 1.182692
1032 1.182304
1033 1.181980
1034 1.182396
1035 1.182544
1036 1.182150
1037 1.181426
1038 1.181386
1039 1.181212
1040 1.180964
1041 1.181144
1042 1.181268
1043 1.182096
1044 1.182172
1045 1.181818
1046 1.182202
1047 1.182192
1048 1.182300
1049 1.182418
1050 1.182010
1051 1.181130
1052 1.181688
1053 1.181512
1054 1.181616
1055 1.181074
1056 1.181116
1057 1.180662
1058 1.180772
1059 1.180902
1060 1.181142
1061 1.180844
1062 1.180818
1063 1.180588
1064 1.180556
1065 1.181318
1066 1.180782
1067 1.180850
1068 1.181244
1069 1.181058
1070 1.181416
1071 1.180736
1072 1.180620
1073 1.180832
1074 1.180690
1075 1.180260
1076 1.180584
1077 1.181014
1078 1.181660
1079 1.181490
1080 1.181136
1081 1.180974
1082 1.181516
1083 1.181744
1084 1.181848
1085 1.182260
1086 1.181990
1087 1.182098
1088 1.181860
1089 1.181778
1090 1.181812
1091 1.182016
1092 1.182388
1093 1.181918
1094 1.182898
1095 1.183048
1096 1.183314
1097 1.183572
1098 1.183326
1099 1.183422
1100 1.183008
1101 1.183154
1102 1.182940
1103 1.183020
1104 1.183802
1105 1.183556
1106 1.183570
1107 1.183248
1108 1.182978
1109 1.182086
1110 1.182016
1111 1.182342
1112 1.183098
1113 1.183224
1114 1.183324
1115 1.183740
1116 1.183472
1117 1.183800
1118 1.184212
1119 1.184172
1120 1.184024
1121 1.184340
1122 1.184332
1123 1.184200
1124 1.184562
1125 1.184586
1126 1.184470
1127 1.184202
1128 1.184528
1129 1.184836
1130 1.184486
1131 1.184334
1132 1.184584
1133 1.184180
1134 1.183846
1135 1.183750
1136 1.183580
1137 1.183626
1138 1.183652
1139 1.183300
1140 1.183222
1141 1.182938
1142 1.182860
1143 1.183038
1144 1.182648
1145 1.182806
1146 1.182968
1147 1.183084
1148 1.183602
1149 1.183292
1150 1.183580
1151 1.183638
1152 1.182966
1153 1.182522
1154 1.182298
1155 1.182308
1156 1.182680
1157 1.182694
1158 1.182782
1159 1.182614
1160 1.182008
1161 1.182132
1162 1.182128
1163 1.182864
1164 1.182314
1165 1.182172
1166 1.182094
1167 1.182118
1168 1.182076
1169 1.182660
1170 1.183188
1171 1.183528
1172 1.183428
1173 1.183344
1174 1.183586
1175 1.184030
1176 1.184272
1177 1.183592
1178 1.183806
1179 1.184084
1180 1.184598
1181 1.184870
1182 1.185264
1183 1.185060
1184 1.184928
1185 1.184852
1186 1.184426
1187 1.183980
1188 1.184530
1189 1.184430
1190 1.184164
1191 1.184326
1192 1.183730
1193 1.183720
1194 1.183524
1195 1.183190
1196 1.183304
1197 1.183448
1198 1.183910
1199 1.183888
1200 1.183446
1201 1.183790
1202 1.183772
1203 1.184472
1204 1.184408
1205 1.183768
1206 1.183514
1207 1.183128
1208 1.182926
1209 1.182898
1210 1.183224
1211 1.183088
1212 1.183250
1213 1.182732
1214 1.182114
1215 1.180820
1216 1.180664
1217 1.180936
1218 1.180946
1219 1.181982
1220 1.181740
1221 1.182162
1222 1.182060
1223 1.181998
1224 1.182382
1225 1.182594
1226 1.182378
1227 1.182570
1228 1.182864
1229 1.182804
1230 1.182352
1231 1.182198
1232 1.182442
1233 1.181960
1234 1.182040
1235 1.182102
1236 1.182018
1237 1.181702
1238 1.181584
1239 1.181290
1240 1.181324
1241 1.181166
1242 1.181126
1243 1.180942
1244 1.180926
1245 1.181370
1246 1.181138
1247 1.181446
1248 1.180976
1249 1.181530
1250 1.181786
1251 1.182510
1252 1.181820
1253 1.182150
1254 1.183310
1255 1.183530
1256 1.183128
1257 1.183346
1258 1.183986
1259 1.183940
1260 1.183654
1261 1.182906
1262 1.182632
1263 1.182556
1264 1.182502
1265 1.182002
1266 1.181660
1267 1.181816
1268 1.182066
1269 1.182084
1270 1.182326
1271 1.183146
1272 1.183226
1273 1.182864
1274 1.182262
1275 1.182930
1276 1.182950
1277 1.182324
1278 1.182518
1279 1.181642
1280 1.181534
1281 1.180878
1282 1.180888
1283 1.180716
1284 1.180816
1285 1.181174
1286 1.181644
1287 1.181910
1288 1.181264
1289 1.181776
1290 1.182264
1291 1.182592
1292 1.182226
1293 1.182838
1294 1.181790
1295 1.181672
1296 1.182212
1297 1.181982
1298 1.182694
1299 1.182570
1300 1.182818
1301 1.182986
1302 1.183800
1303 1.183696
1304 1.183718
1305 1.183464
1306 1.183754
1307 1.183936
1308 1.183762
1309 1.183408
1310 1.183408
1311 1.183784
1312 1.183666
1313 1.183250
1314 1.183446
1315 1.183476
1316 1.184388
1317 1.183854
1318 1.183376
1319 1.183468
1320 1.183734
1321 1.183562
1322 1.183256
1323 1.183482
1324 1.183456
1325 1.183332
1326 1.183732
1327 1.183506
1328 1.183946
1329 1.184408
1330 1.183682
1331 1.183712
1332 1.183860
1333 1.184168
1334 1.183750
1335 1.183230
1336 1.182954
1337 1.183428
1338 1.182942
1339 1.183252
1340 1.182394
1341 1.182764
1342 1.182706
1343 1.181610
1344 1.182048
1345 1.182828
1346 1.183232
1347 1.182972
1348 1.182756
1349 1.182558
1350 1.182338
1351 1.182456
1352 1.182128
1353 1.181908
1354 1.182176
1355 1.182026
1356 1.181594
1357 1.181710
1358 1.181822
1359 1.182504
1360 1.182150
1361 1.181908
1362 1.182070
1363 1.182206
1364 1.182028
1365 1.181656
1366 1.181840
1367 1.181134
1368 1.181982
1369 1.181516
1370 1.181936
1371 1.182220
1372 1.181318
1373 1.181468
1374 1.181444
1375 1.181580
1376 1.181338
1377 1.181348
1378 1.181158
1379 1.181106
1380 1.180866
1381 1.180582
1382 1.180976
1383 1.181018
1384 1.180972
1385 1.181116
1386 1.181390
1387 1.181658
1388 1.181544
1389 1.182036
1390 1.182464
1391 1.182968
1392 1.183222
1393 1.183396
1394 1.183782
1395 1.183448
1396 1.182988
1397 1.182856
1398 1.183286
1399 1.182832
1400 1.182918
1401 1.182986
1402 1.182958
1403 1.183042
1404 1.183314
1405 1.183480
1406 1.183496
1407 1.183348
1408 1.183564
1409 1.183368
1410 1.183590
1411 1.183072
1412 1.183092
1413 1.183498
1414 1.182908
1415 1.182978
1416 1.183226
1417 1.183358
1418 1.184110
1419 1.183456
1420 1.184032
1421 1.183158
1422 1.182962
1423 1.182652
1424 1.183020
1425 1.182820
1426 1.182200
1427 1.182120
1428 1.182600
1429 1.182696
1430 1.182600
1431 1.182712
1432 1.182654
1433 1.183054
1434 1.183476
1435 1.183098
1436 1.183534
1437 1.183458
1438 1.183766
1439 1.183436
1440 1.183698
1441 1.184058
1442 1.183380
1443 1.183696
1444 1.183268
1445 1.183732
1446 1.183720
1447 1.184502
1448 1.185266
1449 1.185170
1450 1.184728
1451 1.184632
1452 1.184816
1453 1.184168
1454 1.183736
1455 1.183480
1456 1.184160
1457 1.184236
1458 1.184496
1459 1.183872
1460 1.183382
1461 1.183740
1462 1.184554
1463 1.184298
1464 1.183902
1465 1.184094
1466 1.184300
1467 1.184206
1468 1.184652
1469 1.184716
1470 1.185374
1471 1.185078
1472 1.184670
1473 1.184688
1474 1.184588
1475 1.184068
1476 1.183938
1477 1.183766
1478 1.183416
1479 1.183250
1480 1.183388
1481 1.183820
1482 1.183536
1483 1.182734
1484 1.182782
1485 1.183042
1486 1.182896
1487 1.182478
1488 1.182476
1489 1.182390
1490 1.182586
1491 1.182608
1492 1.182466
1493 1.182078
1494 1.183066
1495 1.183246
1496 1.182796
1497 1.182972
1498 1.182854
1499 1.182870
1500 1.182474
1501 1.182274
1502 1.182564
1503 1.182714
1504 1.182512
1505 1.182082
1506 1.182374
1507 1.182416
1508 1.182082
1509 1.181934
1510 1.182072
1511 1.182226
1512 1.181878
1513 1.181532
1514 1.181130
1515 1.181032
1516 1.180614
1517 1.180798
1518 1.180330
1519 1.180636
1520 1.180652
1521 1.181760
1522 1.182338
1523 1.182368
1524 1.182514
1525 1.182456
1526 1.182724
1527 1.182954
1528 1.182854
1529 1.182934
1530 1.183116
1531 1.183012
1532 1.182670
1533 1.183214
1534 1.183196
1535 1.182964
1536 1.182868
1537 1.183262
1538 1.183292
1539 1.183426
1540 1.183976
1541 1.183880
1542 1.184292
1543 1.184714
1544 1.183472
1545 1.183456
1546 1.184068
1547 1.184222
1548 1.183806
1549 1.183436
1550 1.184010
1551 1.184164
1552 1.184614
1553 1.184130
1554 1.183928
1555 1.183240
1556 1.183606
1557 1.183996
1558 1.184390
1559 1.184370
1560 1.183712
1561 1.183684
1562 1.183630
1563 1.183454
1564 1.184324
1565 1.184120
1566 1.184098
1567 1.183968
1568 1.183752
1569 1.183632
1570 1.183152
1571 1.183236
1572 1.183412
1573 1.183300
1574 1.182808
1575 1.183022
1576 1.182734
1577 1.183490
1578 1.183972
1579 1.184038
1580 1.184308
1581 1.183706
1582 1.184166
1583 1.184192
1584 1.184496
1585 1.184634
1586 1.184644
1587 1.184366
1588 1.183760
1589 1.183498
1590 1.183346
1591 1.183342
1592 1.183436
1593 1.183528
1594 1.183858
1595 1.183176
1596 1.183666
1597 1.183850
1598 1.183938
1599 1.183912
1600 1.184062
1601 1.183520
1602 1.183080
1603 1.182700
1604 1.182416
1605 1.182620
1606 1.183028
1607 1.183442
1608 1.183766
1609 1.183678
1610 1.183652
1611 1.183372
1612 1.182416
1613 1.182540
1614 1.182754
1615 1.182590
1616 1.182306
1617 1.182404
1618 1.182056
1619 1.182090
1620 1.182032
1621 1.182024
1622 1.182150
1623 1.181880
1624 1.182110
1625 1.181724
1626 1.181292
1627 1.181590
1628 1.181622
1629 1.182642
1630 1.182948
1631 1.183050
1632 1.183498
1633 1.183488
1634 1.183122
1635 1.183202
1636 1.182888
1637 1.182798
1638 1.182878
1639 1.183036
1640 1.183502
1641 1.183266
1642 1.183514
1643 1.183722
1644 1.184242
1645 1.184774
1646 1.185170
1647 1.184080
1648 1.184742
1649 1.185594
1650 1.185102
1651 1.184692
1652 1.184268
1653 1.184182
1654 1.183560
1655 1.183704
1656 1.183232
1657 1.183404
1658 1.183774
1659 1.183900
1660 1.184022
1661 1.184640
1662 1.184392
1663 1.184650
1664 1.184928
1665 1.184734
1666 1.183918
1667 1.183826
1668 1.184058
1669 1.183632
1670 1.183894
1671 1.184266
1672 1.183854
1673 1.184242
1674 1.184034
1675 1.183710
1676 1.183598
1677 1.183532
1678 1.183398
1679 1.183566
1680 1.183682
1681 1.183554
1682 1.183386
1683 1.182908
1684 1.183254
1685 1.183196
1686 1.183120
1687 1.183498
1688 1.183434
1689 1.184000
1690 1.184130
1691 1.183450
1692 1.183142
1693 1.183210
1694 1.182360
1695 1.182748
1696 1.183388
1697 1.183638
1698 1.183886
1699 1.183774
1700 1.183298
1701 1.183282
1702 1.182686
1703 1.182646
1704 1.182496
1705 1.182748
1706 1.182366
1707 1.181580
1708 1.181656
1709 1.181912
1710 1.181642
1711 1.181600
1712 1.181450
1713 1.181740
1714 1.181854
1715 1.181808
1716 1.181216
1717 1.181564
1718 1.181428
1719 1.181896
1720 1.180948
1721 1.181474
1722 1.181182
1723 1.180942
1724 1.180646
1725 1.180934
1726 1.181066
1727 1.180572
1728 1.180936
1729 1.180872
1730 1.180998
1731 1.180914
1732 1.180352
1733 1.180744
1734 1.180292
1735 1.180082
1736 1.180000
1737 1.179744
1738 1.180134
1739 1.179894
1740 1.180350
1741 1.180632
1742 1.181090
1743 1.181148
1744 1.180802
1745 1.181302
1746 1.180938
1747 1.180450
1748 1.180676
1749 1.180908
1750 1.180948
1751 1.181470
1752 1.180674
1753 1.180710
1754 1.180574
1755 1.180728
1756 1.181280
1757 1.181244
1758 1.180890
1759 1.180900
1760 1.180432
1761 1.180684
1762 1.180978
1763 1.180728
1764 1.182086
1765 1.182394
1766 1.182432
1767 1.181906
1768 1.180926
1769 1.180920
1770 1.180946
1771 1.181128
1772 1.181458
1773 1.181448
1774 1.181642
1775 1.182042
1776 1.182258
1777 1.182650
1778 1.182804
1779 1.182672
1780 1.182196
1781 1.182670
1782 1.182262
1783 1.182320
1784 1.182286
1785 1.182110
1786 1.182526
1787 1.183148
1788 1.183692
1789 1.183808
1790 1.183500
1791 1.183464
1792 1.183438
1793 1.183642
1794 1.183440
1795 1.183216
1796 1.183090
1797 1.183126
1798 1.183332
1799 1.183166
1800 1.182290
1801 1.182152
1802 1.182270
1803 1.182728
1804 1.182758
1805 1.182940
1806 1.183000
1807 1.183132
1808 1.183348
1809 1.183684
1810 1.183332
1811 1.182968
1812 1.182578
1813 1.182294
1814 1.181918
1815 1.181448
1816 1.181344
1817 1.181430
1818 1.181354
1819 1.181016
1820 1.180710
1821 1.181158
1822 1.181202
1823 1.181384
1824 1.181900
1825 1.181848
1826 1.181934
1827 1.183134
1828 1.183340
1829 1.183134
1830 1.182954
1831 1.182522
1832 1.182410
1833 1.182638
1834 1.182636
1835 1.182660
1836 1.183420
1837 1.183724
1838 1.184024
1839 1.184060
1840 1.183694
1841 1.183684
1842 1.183546
1843 1.183458
1844 1.183000
1845 1.182960
1846 1.182850
1847 1.182732
1848 1.182610
1849 1.182202
1850 1.182394
1851 1.182326
1852 1.182508
1853 1.182358
1854 1.181916
1855 1.181684
1856 1.181572
1857 1.181326
1858 1.181756
1859 1.181490
1860 1.181528
1861 1.181712
1862 1.181072
1863 1.181496
1864 1.181380
1865 1.181604
1866 1.182254
1867 1.182406
1868 1.182720
1869 1.183022
1870 1.182416
1871 1.182768
1872 1.182436
1873 1.182994
1874 1.183176
1875 1.182938
1876 1.182920
1877 1.183198
1878 1.182794
1879 1.183286
1880 1.183698
1881 1.183928
1882 1.183960
1883 1.183750
1884 1.183850
1885 1.183674
1886 1.183412
1887 1.182922
1888 1.182570
1889 1.182764
1890 1.183204
1891 1.182926
1892 1.182990
1893 1.183256
1894 1.184000
1895 1.184144
1896 1.183882
1897 1.183418
1898 1.183568
1899 1.183312
1900 1.183890
1901 1.183432
1902 1.183698
1903 1.183654
1904 1.183428
1905 1.184042
1906 1.183836
1907 1.183370
1908 1.183484
1909 1.183728
1910 1.183330
1911 1.183706
1912 1.184140
1913 1.184204
1914 1.184480
1915 1.184038
1916 1.184118
1917 1.184162
1918 1.183924
1919 1.183804
1920 1.183990
1921 1.184084
1922 1.184120
1923 1.183776
1924 1.183596
1925 1.183064
1926 1.182506
1927 1.182558
1928 1.182680
1929 1.183424
1930 1.183678
1931 1.183718
1932 1.183830
1933 1.184222
1934 1.184180
1935 1.184456
1936 1.184362
1937 1.184406
1938 1.184200
1939 1.184354
1940 1.183998
1941 1.183664
1942 1.183076
1943 1.183322
1944 1.183280
1945 1.183022
1946 1.182516
1947 1.182204
1948 1.182014
1949 1.181808
1950 1.181940
1951 1.181776
1952 1.181544
1953 1.181424
1954 1.181270
1955 1.181166
1956 1.181330
1957 1.181452
1958 1.181116
1959 1.181758
1960 1.181194
1961 1.181610
1962 1.181306
1963 1.181712
1964 1.182100
1965 1.181928
1966 1.181536
1967 1.181538
1968 1.181842
1969 1.181324
1970 1.180996
1971 1.180700
1972 1.180874
1973 1.181038
1974 1.181560
1975 1.181568
1976 1.181636
1977 1.181358
1978 1.181692
1979 1.180642
1980 1.180916
1981 1.181152
1982 1.181256
1983 1.181228
1984 1.181772
1985 1.181764
1986 1.181652
1987 1.181500
1988 1.181344
1989 1.182084
1990 1.181474
1991 1.181502
1992 1.182180
1993 1.182106
1994 1.182514
1995 1.182056
1996 1.182212
1997 1.182198
1998 1.181548
1999 1.181138
2000 1.181430
2001 1.181568
2002 1.181748
2003 1.181970
2004 1.181654
2005 1.181422
2006 1.181536
2007 1.181182
2008 1.181506
2009 1.181418
2010 1.181510
2011 1.181454
2012 1.181870
2013 1.181562
2014 1.181722
2015 1.181750
2016 1.182196
2017 1.182776
2018 1.182928
2019 1.182960
2020 1.182690
2021 1.182456
2022 1.182576
2023 1.182394
2024 1.182108
2025 1.182024
2026 1.182530
2027 1.182452
2028 1.182356
2029 1.181982
2030 1.182368
2031 1.182174
2032 1.181472
2033 1.182316
2034 1.182762
2035 1.182652
2036 1.183074
2037 1.183142
2038 1.183434
2039 1.183598
2040 1.183192
2041 1.182958
2042 1.182372
2043 1.183184
2044 1.182922
2045 1.183256
2046 1.182968
2047 1.183074
2048 1.183162
2049 1.183276
2050 1.183088
2051 1.182758
2052 1.183154
2053 1.182798
2054 1.182494
2055 1.183034
2056 1.182746
2057 1.182038
2058 1.182376
2059 1.182318
2060 1.182566
2061 1.182756
2062 1.182182
2063 1.182258
2064 1.182084
2065 1.181732
2066 1.181282
2067 1.181124
2068 1.181132
2069 1.180868
2070 1.181470
2071 1.181334
2072 1.180920
2073 1.181822
2074 1.181736
2075 1.182412
2076 1.182294
2077 1.182668
2078 1.182378
2079 1.181726
2080 1.181250
2081 1.180558
2082 1.180434
2083 1.179874
2084 1.180014
2085 1.180304
2086 1.180366
2087 1.180548
2088 1.180632
2089 1.180734
2090 1.180406
2091 1.181138
2092 1.181518
2093 1.181366
2094 1.180870
2095 1.180782
2096 1.180558
2097 1.180400
2098 1.180332
2099 1.180482
2100 1.180136
2101 1.179890
2102 1.179654
2103 1.179998
2104 1.180430
2105 1.180126
2106 1.180210
2107 1.180584
2108 1.180290
2109 1.180656
2110 1.181054
2111 1.181446
2112 1.180360
2113 1.180532
2114 1.180190
2115 1.180660
2116 1.180398
2117 1.180808
2118 1.180912
2119 1.181324
2120 1.181808
2121 1.181444
2122 1.180848
2123 1.180572
2124 1.180754
2125 1.180392
2126 1.180866
2127 1.180532
2128 1.180144
2129 1.180346
2130 1.180788
2131 1.180772
2132 1.181120
2133 1.181310
2134 1.181490
2135 1.181866
2136 1.181866
2137 1.181900
2138 1.182316
2139 1.181774
2140 1.182396
2141 1.182374
2142 1.181950
2143 1.182156
2144 1.182080
2145 1.181878
2146 1.181782
2147 1.181974
2148 1.182558
2149 1.182334
2150 1.182082
2151 1.181776
2152 1.182452
2153 1.182480
2154 1.182524
2155 1.182810
2156 1.182628
2157 1.182302
2158 1.182110
2159 1.182308
2160 1.182140
2161 1.181412
2162 1.181686
2163 1.182092
2164 1.182160
2165 1.182006
2166 1.182390
2167 1.182666
2168 1.182636
2169 1.182514
2170 1.182426
2171 1.182452
2172 1.182396
2173 1.182834
2174 1.183076
2175 1.183656
2176 1.183246
2177 1.183282
2178 1.183010
2179 1.183146
2180 1.182696
2181 1.182722
2182 1.182442
2183 1.181874
2184 1.182130
2185 1.182464
2186 1.182410
2187 1.182892
2188 1.183486
2189 1.183382
2190 1.183758
2191 1.183962
2192 1.183414
2193 1.183688
2194 1.183410
2195 1.183060
2196 1.183358
2197 1.182942
2198 1.183198
2199 1.183076
2200 1.182918
2201 1.182624
2202 1.182704
2203 1.182360
2204 1.182396
2205 1.182010
2206 1.181788
2207 1.182402
2208 1.181658
2209 1.182038
2210 1.182210
2211 1.182672
2212 1.182452
2213 1.183140
2214 1.182642
2215 1.182656
2216 1.183248
2217 1.183616
2218 1.183634
2219 1.183678
2220 1.183632
2221 1.183594
2222 1.183802
2223 1.183930
2224 1.184478
2225 1.184274
2226 1.184214
2227 1.184408
2228 1.184054
2229 1.184426
2230 1.183974
2231 1.183072
2232 1.182608
2233 1.183228
2234 1.183706
2235 1.183566
2236 1.183434
2237 1.183960
2238 1.183286
2239 1.183132
2240 1.183222
2241 1.183380
2242 1.182736
2243 1.183282
2244 1.183860
2245 1.184206
2246 1.184266
2247 1.184054
2248 1.183788
2249 1.183714
2250 1.183798
2251 1.184444
2252 1.183968
2253 1.184000
2254 1.184134
2255 1.183840
2256 1.184040
2257 1.183984
2258 1.184340
2259 1.183808
2260 1.183848
2261 1.184208
2262 1.184590
2263 1.184512
2264 1.184458
2265 1.184462
2266 1.183638
2267 1.184192
2268 1.184042
2269 1.183474
2270 1.183680
2271 1.183522
2272 1.182724
2273 1.182612
2274 1.183402
2275 1.182980
2276 1.182376
2277 1.182946
2278 1.182956
2279 1.182840
2280 1.183696
2281 1.183568
2282 1.183426
2283 1.183476
2284 1.183712
2285 1.183282
2286 1.183340
2287 1.183726
2288 1.183684
2289 1.183026
2290 1.182390
2291 1.182774
2292 1.182208
2293 1.181556
2294 1.181456
2295 1.181318
2296 1.181422
2297 1.181640
2298 1.181612
2299 1.181522
2300 1.181592
2301 1.181580
2302 1.182122
2303 1.181954
2304 1.182462
2305 1.182374
2306 1.182276
2307 1.182170
2308 1.182032
2309 1.182196
2310 1.181974
2311 1.182306
2312 1.182478
2313 1.183236
2314 1.182814
2315 1.182814
2316 1.182598
2317 1.183440
2318 1.183728
2319 1.183546
2320 1.183712
2321 1.183234
2322 1.183612
2323 1.183954
2324 1.183318
2325 1.183904
2326 1.184046
2327 1.183796
2328 1.184040
2329 1.183186
2330 1.183030
2331 1.183014
2332 1.183578
2333 1.183068
2334 1.182620
2335 1.182672
2336 1.183506
2337 1.183756
2338 1.184250
2339 1.184030
2340 1.184258
2341 1.184232
2342 1.183988
2343 1.183478
2344 1.182500
2345 1.182092
2346 1.181646
2347 1.181462
2348 1.181300
2349 1.181850
2350 1.181634
2351 1.181164
2352 1.181458
2353 1.181478
2354 1.181752
2355 1.181292
2356 1.181970
2357 1.182670
2358 1.183026
2359 1.183662
2360 1.183762
2361 1.183246
2362 1.182826
2363 1.183576
2364 1.182982
2365 1.183016
2366 1.182834
2367 1.182750
2368 1.183574
2369 1.183072
2370 1.183440
2371 1.183314
2372 1.183170
2373 1.183196
2374 1.183226
2375 1.183176
2376 1.183202
2377 1.183450
2378 1.183042
2379 1.183054
2380 1.182758
2381 1.183258
2382 1.183582
2383 1.184606
2384 1.185036
2385 1.184980
2386 1.184632
2387 1.184150
2388 1.184584
2389 1.183718
2390 1.184070
2391 1.183818
2392 1.183798
2393 1.183914
2394 1.183910
2395 1.183760
2396 1.183728
2397 1.183970
2398 1.183958
2399 1.183684
2400 1.183506
2401 1.183816
2402 1.183932
2403 1.183846
2404 1.184424
2405 1.184300
2406 1.184288
2407 1.184312
2408 1.184192
2409 1.184134
2410 1.184112
2411 1.184182
2412 1.183690
2413 1.184450
2414 1.184142
2415 1.183554
2416 1.184278
2417 1.184368
2418 1.184334
2419 1.184282
2420 1.184368
2421 1.183806
2422 1.183672
2423 1.183648
2424 1.183778
2425 1.183232
2426 1.183290
2427 1.183570
2428 1.183254
2429 1.183058
2430 1.183148
2431 1.183350
2432 1.183772
2433 1.183914
2434 1.184152
2435 1.183774
2436 1.184432
2437 1.183894
2438 1.183642
2439 1.183624
2440 1.183536
2441 1.182918
2442 1.183424
2443 1.183274
2444 1.182794
2445 1.182364
2446 1.182022
2447 1.181920
2448 1.182012
2449 1.181834
2450 1.181412
2451 1.181490
2452 1.181560
2453 1.182028
2454 1.181690
2455 1.181654
2456 1.181894
2457 1.181756
2458 1.181802
2459 1.182122
2460 1.181938
2461 1.182590
2462 1.182582
2463 1.182580
2464 1.182692
2465 1.182930
2466 1.182532
2467 1.182208
2468 1.182486
2469 1.181978
2470 1.181930
2471 1.181678
2472 1.181278
2473 1.181382
2474 1.181756
2475 1.182156
2476 1.182756
2477 1.182946
2478 1.182816
2479 1.182422
2480 1.182182
2481 1.182044
2482 1.181976
2483 1.181920
2484 1.181730
2485 1.181462
2486 1.181422
2487 1.181094
2488 1.181682
2489 1.181834
2490 1.181192
2491 1.180652
2492 1.181256
2493 1.181278
2494 1.181026
2495 1.181248
2496 1.181634
2497 1.181878
2498 1.181940
2499 1.182788
2500 1.181996
2501 1.182240
2502 1.182692
2503 1.183100
2504 1.182432
2505 1.182816
2506 1.182762
2507 1.182762
2508 1.182098
2509 1.181174
2510 1.181124
2511 1.181228
2512 1.181080
2513 1.181208
2514 1.180978
2515 1.180760
2516 1.180782
2517 1.180854
2518 1.181334
2519 1.180956
2520 1.180978
2521 1.180392
2522 1.180638
2523 1.181256
2524 1.180844
2525 1.181398
2526 1.181686
2527 1.182170
2528 1.181954
2529 1.182652
2530 1.182342
2531 1.182348
2532 1.181988
2533 1.181884
2534 1.182490
2535 1.182758
2536 1.182802
2537 1.183162
2538 1.183104
2539 1.183488
2540 1.183678
2541 1.183410
2542 1.183900
2543 1.183786
2544 1.184224
2545 1.183888
2546 1.183804
2547 1.184296
2548 1.183928
2549 1.183364
2550 1.183720
2551 1.183382
2552 1.182766
2553 1.183004
2554 1.183158
2555 1.183698
2556 1.183524
2557 1.183428
2558 1.183646
2559 1.183558
2560 1.183558
2561 1.183552
2562 1.183118
2563 1.183698
2564 1.183618
2565 1.182800
2566 1.182498
2567 1.182422
2568 1.182498
2569 1.181994
2570 1.181444
2571 1.180880
2572 1.180850
2573 1.180404
2574 1.179926
2575 1.180382
2576 1.180632
2577 1.180722
2578 1.180736
2579 1.180830
2580 1.180274
2581 1.180604
2582 1.180364
2583 1.180248
2584 1.180498
2585 1.180858
2586 1.180566
2587 1.181538
2588 1.182024
2589 1.182448
2590 1.183128
2591 1.183082
2592 1.182922
2593 1.183220
2594 1.183286
2595 1.183530
2596 1.183680
2597 1.182934
2598 1.183102
2599 1.183578
2600 1.183250
2601 1.183166
2602 1.183694
2603 1.183332
2604 1.183162
2605 1.182532
2606 1.183134
2607 1.183548
2608 1.183660
2609 1.183668
2610 1.183608
2611 1.183812
2612 1.183692
2613 1.183364
2614 1.184582
2615 1.184564
2616 1.184080
2617 1.184560
2618 1.184968
2619 1.185580
2620 1.185188
2621 1.184332
2622 1.184008
2623 1.184230
2624 1.184462
2625 1.184358
2626 1.184764
2627 1.184814
2628 1.184626
2629 1.184276
2630 1.184830
2631 1.184706
2632 1.184644
2633 1.184688
2634 1.184342
2635 1.184624
2636 1.185008
2637 1.185108
2638 1.185022
2639 1.184968
2640 1.184354
2641 1.184096
2642 1.183046
2643 1.182582
2644 1.182402
2645 1.182262
2646 1.182378
2647 1.182742
2648 1.182720
2649 1.183274
2650 1.182468
2651 1.181822
2652 1.181682
2653 1.182190
2654 1.182524
2655 1.182768
2656 1.182144
2657 1.182054
2658 1.181974
2659 1.181968
2660 1.182212
2661 1.182438
2662 1.182146
2663 1.182368
2664 1.181546
2665 1.181342
2666 1.181786
2667 1.181910
2668 1.182010
2669 1.181872
2670 1.181922
2671 1.182228
2672 1.181796
2673 1.182222
2674 1.181814
2675 1.181630
2676 1.181228
2677 1.181166
2678 1.181212
2679 1.182016
2680 1.182352
2681 1.182912
2682 1.182124
2683 1.181898
2684 1.182084
2685 1.182156
2686 1.181962
2687 1.182358
2688 1.183372
2689 1.183730
2690 1.184112
2691 1.184200
2692 1.183818
2693 1.183512
2694 1.183242
2695 1.182780
2696 1.182762
2697 1.182508
2698 1.182332
2699 1.182082
2700 1.182122
2701 1.182166
2702 1.182002
2703 1.181902
2704 1.181600
2705 1.181956
2706 1.181286
2707 1.181708
2708 1.182188
2709 1.182532
2710 1.182622
2711 1.182636
2712 1.182982
2713 1.182558
2714 1.182130
2715 1.182808
2716 1.183296
2717 1.183756
2718 1.184142
2719 1.183788
2720 1.183566
2721 1.183138
2722 1.183514
2723 1.183024
2724 1.183022
2725 1.182594
2726 1.182536
2727 1.182178
2728 1.182534
2729 1.182306
2730 1.182506
2731 1.182436
2732 1.182930
2733 1.183014
2734 1.182346
2735 1.182380
2736 1.182490
2737 1.182388
2738 1.182118
2739 1.181952
2740 1.181472
2741 1.181156
2742 1.181328
2743 1.181592
2744 1.181638
2745 1.180900
2746 1.180532
2747 1.180932
2748 1.181172
2749 1.181998
2750 1.182248
2751 1.181786
2752 1.181650
2753 1.181386
2754 1.181364
2755 1.180348
2756 1.180178
2757 1.180156
2758 1.180340
2759 1.180970
2760 1.180844
2761 1.180412
2762 1.180886
2763 1.180914
2764 1.180704
2765 1.180648
2766 1.180962
2767 1.181394
2768 1.181162
2769 1.181172
2770 1.181328
2771 1.181056
2772 1.180754
2773 1.181026
2774 1.180590
2775 1.180902
2776 1.180326
2777 1.180226
2778 1.180230
2779 1.180194
2780 1.181028
2781 1.181014
2782 1.181102
2783 1.181220
2784 1.181456
2785 1.181714
2786 1.181668
2787 1.181554
2788 1.181798
2789 1.182004
2790 1.182248
2791 1.182638
2792 1.182782
2793 1.182362
2794 1.181946
2795 1.181760
2796 1.181310
2797 1.181726
2798 1.181906
2799 1.181986
2800 1.182324
2801 1.182594
2802 1.182296
2803 1.181546
2804 1.181178
2805 1.180662
2806 1.180514
2807 1.180284
2808 1.180118
2809 1.179998
2810 1.180566
2811 1.180296
2812 1.180480
2813 1.180464
2814 1.181216
2815 1.181374
2816 1.181398
2817 1.181758
2818 1.182084
2819 1.182160
2820 1.182734
2821 1.183056
2822 1.183320
2823 1.183668
2824 1.183712
2825 1.183958
2826 1.183134
2827 1.183282
2828 1.182746
2829 1.182478
2830 1.182844
2831 1.183008
2832 1.183078
2833 1.183636
2834 1.183824
2835 1.183710
2836 1.183406
2837 1.183530
2838 1.183758
2839 1.183942
2840 1.184154
2841 1.184270
2842 1.184102
2843 1.184088
2844 1.184280
2845 1.184480
2846 1.184472
2847 1.184036
2848 1.183284
2849 1.183176
2850 1.183032
2851 1.183118
2852 1.183158
2853 1.183246
2854 1.182872
2855 1.181224
2856 1.181380
2857 1.181258
2858 1.181170
2859 1.180986
2860 1.180872
2861 1.181554
2862 1.180974
2863 1.181508
2864 1.181250
2865 1.181732
2866 1.182306
2867 1.181764
2868 1.182002
2869 1.182326
2870 1.182056
2871 1.181622
2872 1.182016
2873 1.181796
2874 1.181436
2875 1.182068
2876 1.182504
2877 1.182212
2878 1.182440
2879 1.182434
2880 1.182160
2881 1.181830
2882 1.181664
2883 1.181968
2884 1.182084
2885 1.182454
2886 1.182790
2887 1.183234
2888 1.183324
2889 1.183094
2890 1.182534
2891 1.183666
2892 1.183946
2893 1.183052
2894 1.183164
2895 1.183080
2896 1.183016
2897 1.182998
2898 1.183002
2899 1.182750
2900 1.182794
2901 1.182990
2902 1.183320
2903 1.183634
2904 1.183196
2905 1.182728
2906 1.182490
2907 1.182284
2908 1.182136
2909 1.181864
2910 1.181682
2911 1.181984
2912 1.182462
2913 1.182308
2914 1.182472
2915 1.182122
2916 1.182152
2917 1.182338
2918 1.182758
2919 1.183270
2920 1.182850
2921 1.183116
2922 1.182694
2923 1.182776
2924 1.182196
2925 1.182540
2926 1.182952
2927 1.182380
2928 1.182602
2929 1.182438
2930 1.182294
2931 1.181548
2932 1.181232
2933 1.181386
2934 1.180908
2935 1.180912
2936 1.181070
2937 1.181166
2938 1.181456
2939 1.181872
2940 1.181322
2941 1.181452
2942 1.182322
2943 1.181844
2944 1.182070
2945 1.182222
2946 1.183182
2947 1.182788
2948 1.182424
2949 1.182816
2950 1.182434
2951 1.182116
2952 1.182204
2953 1.182746
2954 1.182468
2955 1.182484
2956 1.182104
2957 1.181632
2958 1.182098
2959 1.181978
2960 1.181864
2961 1.181892
2962 1.182654
2963 1.182700
2964 1.182620
2965 1.182492
2966 1.182686
2967 1.182868
2968 1.182214
2969 1.181778
2970 1.181872
2971 1.181952
2972 1.182038
2973 1.182672
2974 1.182482
2975 1.182816
2976 1.183270
2977 1.183654
2978 1.183898
2979 1.182628
2980 1.182534
2981 1.182394
2982 1.182574
2983 1.182626
2984 1.182720
2985 1.183134
2986 1.182598
2987 1.182262
2988 1.182220
2989 1.182712
2990 1.183024
2991 1.183136
2992 1.183228
2993 1.183146
2994 1.183258
2995 1.183150
2996 1.182814
2997 1.182816
2998 1.182760
2999 1.183402
3000 1.183744
3001 1.183730
3002 1.183616
3003 1.183512
3004 1.183302
3005 1.183380
3006 1.184140
3007 1.183872
3008 1.183056
3009 1.183544
3010 1.184026
3011 1.184478
3012 1.183800
3013 1.183992
3014 1.184094
3015 1.184246
3016 1.184938
3017 1.185034
3018 1.184584
3019 1.184678
3020 1.184778
3021 1.184890
3022 1.184928
3023 1.184354
3024 1.184170
3025 1.183878
3026 1.183568
3027 1.183768
3028 1.183958
3029 1.184036
3030 1.184348
3031 1.184590
3032 1.185086
3033 1.184376
3034 1.184678
3035 1.185054
3036 1.185504
3037 1.185850
3038 1.185994
3039 1.185832
3040 1.184858
3041 1.184574
3042 1.184396
3043 1.184192
3044 1.183662
3045 1.183848
3046 1.183684
3047 1.183818
3048 1.184068
3049 1.183910
3050 1.183794
3051 1.183594
3052 1.183364
3053 1.183186
3054 1.183406
3055 1.183230
3056 1.182978
3057 1.183362
3058 1.182524
3059 1.183036
3060 1.183632
3061 1.183512
3062 1.183890
3063 1.184220
3064 1.183764
3065 1.184122
3066 1.184240
3067 1.185134
3068 1.184796
3069 1.184590
3070 1.185020
3071 1.185106
3072 1.185134
3073 1.184470
3074 1.184258
3075 1.183850
3076 1.183610
3077 1.183540
3078 1.184016
3079 1.183884
3080 1.184218
3081 1.184232
3082 1.183188
3083 1.183306
3084 1.183810
3085 1.183334
3086 1.182954
3087 1.183264
3088 1.183120
3089 1.182880
3090 1.183166
3091 1.183164
3092 1.182784
3093 1.182366
3094 1.182568
3095 1.183144
3096 1.182934
3097 1.183156
3098 1.183550
3099 1.183674
3100 1.183160
3101 1.182682
3102 1.182916
3103 1.182894
3104 1.183430
3105 1.183360
3106 1.183648
3107 1.183546
3108 1.184258
3109 1.185148
3110 1.184684
3111 1.184374
3112 1.184076
3113 1.183680
3114 1.184202
3115 1.184786
3116 1.184972
3117 1.185028
3118 1.184436
3119 1.183738
3120 1.183060
3121 1.183838
3122 1.183800
3123 1.184276
3124 1.184976
3125 1.185052
3126 1.184762
3127 1.184500
3128 1.184600
3129 1.184254
3130 1.184794
3131 1.185160
3132 1.184320
3133 1.184084
3134 1.184040
3135 1.183520
3136 1.184040
3137 1.184124
3138 1.183928
3139 1.184108
3140 1.184244
3141 1.183792
3142 1.182960
3143 1.182456
3144 1.182712
3145 1.182274
3146 1.182454
3147 1.182680
3148 1.182882
3149 1.183070
3150 1.183172
3151 1.183756
3152 1.184110
3153 1.184360
3154 1.183732
3155 1.183778
3156 1.183268
3157 1.183706
3158 1.183638
3159 1.183752
3160 1.184168
3161 1.183718
3162 1.183708
3163 1.184214
3164 1.183936
3165 1.183790
3166 1.184608
3167 1.184650
3168 1.184604
3169 1.184962
3170 1.185410
3171 1.185484
3172 1.185430
3173 1.185194
3174 1.184824
3175 1.184554
3176 1.184364
3177 1.184204
3178 1.184118
3179 1.183702
3180 1.183830
3181 1.183686
3182 1.182992
3183 1.183278
3184 1.183472
3185 1.183180
3186 1.183336
3187 1.183304
3188 1.183284
3189 1.183594
3190 1.183502
3191 1.183660
3192 1.183260
3193 1.182804
3194 1.182914
3195 1.182662
3196 1.182130
3197 1.182358
3198 1.181782
3199 1.181662
3200 1.182002
3201 1.181600
3202 1.181770
3203 1.182552
3204 1.182760
3205 1.183228
3206 1.183704
3207 1.183682
3208 1.183584
3209 1.183742
3210 1.183886
3211 1.184180
3212 1.184118
3213 1.183834
3214 1.183320
3215 1.183346
3216 1.183222
3217 1.182874
3218 1.182424
3219 1.183142
3220 1.183744
3221 1.183668
3222 1.184382
3223 1.184566
3224 1.184516
3225 1.184556
3226 1.184816
3227 1.185252
3228 1.184120
3229 1.183862
3230 1.183892
3231 1.183872
3232 1.184258
3233 1.183556
3234 1.183650
3235 1.183680
3236 1.183686
3237 1.184128
3238 1.185014
3239 1.184726
3240 1.185216
3241 1.185070
3242 1.184958
3243 1.184848
3244 1.184826
3245 1.184906
3246 1.184954
3247 1.184924
3248 1.184600
3249 1.183610
3250 1.183852
3251 1.183780
3252 1.183698
3253 1.184036
3254 1.183790
3255 1.183470
3256 1.183896
3257 1.183444
3258 1.183928
3259 1.184736
3260 1.184806
3261 1.184770
3262 1.184080
3263 1.184316
3264 1.184200
3265 1.184314
3266 1.184602
3267 1.184024
3268 1.183730
3269 1.183770
3270 1.183460
3271 1.183722
3272 1.183800
3273 1.183548
3274 1.182840
3275 1.182390
3276 1.181500
3277 1.181654
3278 1.181594
3279 1.182188
3280 1.182092
3281 1.181890
3282 1.181944
3283 1.181506
3284 1.181086
3285 1.181370
3286 1.181558
3287 1.182482
3288 1.182162
3289 1.182366
3290 1.182880
3291 1.182420
3292 1.182868
3293 1.183172
3294 1.183158
3295 1.183656
3296 1.183682
3297 1.183816
3298 1.183886
3299 1.184352
3300 1.184758
3301 1.184552
3302 1.185206
3303 1.184996
3304 1.185060
3305 1.184724
3306 1.184310
3307 1.184646
3308 1.184272
3309 1.184134
3310 1.183612
3311 1.183894
3312 1.183600
3313 1.182730
3314 1.182786
3315 1.183050
3316 1.183306
3317 1.183576
3318 1.183786
3319 1.183910
3320 1.184058
3321 1.183630
3322 1.183056
3323 1.182874
3324 1.182878
3325 1.183330
3326 1.183596
3327 1.183586
3328 1.184010
3329 1.183166
3330 1.182900
3331 1.182614
3332 1.182292
3333 1.182782
3334 1.182260
3335 1.182452
3336 1.181882
3337 1.181940
3338 1.182150
3339 1.182298
3340 1.182596
3341 1.182698
3342 1.183214
3343 1.183112
3344 1.183326
3345 1.183102
3346 1.182180
3347 1.182612
3348 1.182378
3349 1.182152
3350 1.181886
3351 1.182188
3352 1.182646
3353 1.183206
3354 1.183182
3355 1.183236
3356 1.184182
3357 1.184568
3358 1.184096
3359 1.183980
3360 1.184414
3361 1.184434
3362 1.184548
3363 1.184188
3364 1.184310
3365 1.184232
3366 1.183708
3367 1.183758
3368 1.183296
3369 1.182288
3370 1.182390
3371 1.182190
3372 1.182026
3373 1.182590
3374 1.182756
3375 1.183290
3376 1.183914
3377 1.184488
3378 1.184288
3379 1.183714
3380 1.183864
3381 1.184336
3382 1.184388
3383 1.184458
3384 1.184038
3385 1.183914
3386 1.184438
3387 1.183864
3388 1.183564
3389 1.183780
3390 1.184152
3391 1.184118
3392 1.184246
3393 1.184050
3394 1.184004
3395 1.184074
3396 1.183364
3397 1.183232
3398 1.182864
3399 1.183054
3400 1.183328
3401 1.183370
3402 1.183442
3403 1.183794
3404 1.184104
3405 1.183956
3406 1.184272
3407 1.184334
3408 1.184142
3409 1.183890
3410 1.183578
3411 1.183392
3412 1.183128
3413 1.182656
3414 1.182716
3415 1.182378
3416 1.182244
3417 1.182416
3418 1.182554
3419 1.182454
3420 1.182664
3421 1.183546
3422 1.183328
3423 1.183162
3424 1.183534
3425 1.183416
3426 1.183440
3427 1.184022
3428 1.183668
3429 1.183076
3430 1.183466
3431 1.183310
3432 1.182998
3433 1.182464
3434 1.182672
3435 1.182554
3436 1.182476
3437 1.182438
3438 1.182794
3439 1.183110
3440 1.183072
3441 1.182868
3442 1.182424
3443 1.182564
3444 1.182106
3445 1.182040
3446 1.182122
3447 1.182626
3448 1.182584
3449 1.182510
3450 1.182886
3451 1.182402
3452 1.182326
3453 1.182118
3454 1.181628
3455 1.181204
3456 1.181110
3457 1.181122
3458 1.181212
3459 1.181606
3460 1.181748
3461 1.182198
3462 1.182558
3463 1.182836
3464 1.182624
3465 1.182740
3466 1.182796
3467 1.182820
3468 1.182950
3469 1.182802
3470 1.182500
3471 1.182520
3472 1.182980
3473 1.183054
3474 1.183180
3475 1.182648
3476 1.182572
3477 1.182762
3478 1.182928
3479 1.183180
3480 1.183064
3481 1.183930
3482 1.184250
3483 1.183636
3484 1.183484
3485 1.183854
3486 1.183944
3487 1.184028
3488 1.183842
3489 1.184506
3490 1.184278
3491 1.184828
3492 1.185592
3493 1.185292
3494 1.184988
3495 1.184882
3496 1.184664
3497 1.184924
3498 1.184324
3499 1.183506
3500 1.183892
3501 1.184140
3502 1.184102
3503 1.184236
3504 1.183766
3505 1.183486
3506 1.183912
3507 1.184104
3508 1.184604
3509 1.184350
3510 1.184416
3511 1.184514
3512 1.185092
3513 1.184600
3514 1.184826
3515 1.184138
3516 1.183276
3517 1.183140
3518 1.183072
3519 1.182818
3520 1.182798
3521 1.182830
3522 1.182374
3523 1.182930
3524 1.182784
3525 1.182852
3526 1.183066
3527 1.183154
3528 1.183344
3529 1.183746
3530 1.183820
3531 1.183784
3532 1.183672
3533 1.183610
3534 1.184384
3535 1.184348
3536 1.184020
3537 1.183916
3538 1.184268
3539 1.184652
3540 1.184406
3541 1.184808
3542 1.185012
3543 1.184576
3544 1.184282
3545 1.184382
3546 1.183900
3547 1.184004
3548 1.183818
3549 1.183504
3550 1.183788
3551 1.183746
3552 1.183842
3553 1.184232
3554 1.184278
3555 1.184122
3556 1.183614
3557 1.183672
3558 1.184148
3559 1.183610
3560 1.183386
3561 1.183422
3562 1.183052
3563 1.182704
3564 1.183228
3565 1.183174
3566 1.184100
3567 1.184420
3568 1.184384
3569 1.184224
3570 1.184256
3571 1.184200
3572 1.184318
3573 1.184120
3574 1.183946
3575 1.183508
3576 1.183718
3577 1.183578
3578 1.183792
3579 1.183182
3580 1.183168
3581 1.183274
3582 1.183084
3583 1.183226
3584 1.182786
3585 1.183202
3586 1.183226
3587 1.183672
3588 1.183174
3589 1.183454
3590 1.183240
3591 1.182862
3592 1.182686
3593 1.182896
3594 1.182856
3595 1.182966
3596 1.183290
3597 1.183232
3598 1.183380
3599 1.183724
3600 1.183940
3601 1.183264
3602 1.183122
3603 1.182978
3604 1.183180
3605 1.183518
3606 1.183808
3607 1.183808
3608 1.183864
3609 1.183676
3610 1.183236
3611 1.183222
3612 1.182752
3613 1.182974
3614 1.182346
3615 1.183234
3616 1.183370
3617 1.182840
3618 1.182824
3619 1.182996
3620 1.182360
3621 1.183114
3622 1.182668
3623 1.182666
3624 1.183298
3625 1.182698
3626 1.182212
3627 1.182504
3628 1.182712
3629 1.182808
3630 1.182960
3631 1.182936
3632 1.182580
3633 1.182858
3634 1.183180
3635 1.183316
3636 1.182786
3637 1.183126
3638 1.183028
3639 1.183114
3640 1.182832
3641 1.182556
3642 1.182876
3643 1.183214
3644 1.184520
3645 1.183786
3646 1.183948
3647 1.184010
3648 1.183700
3649 1.183590
3650 1.183362
3651 1.183014
3652 1.183402
3653 1.182804
3654 1.182898
3655 1.182522
3656 1.182046
3657 1.181660
3658 1.181288
3659 1.181332
3660 1.180796
3661 1.180706
3662 1.180616
3663 1.180900
3664 1.180886
3665 1.181156
3666 1.180654
3667 1.180652
3668 1.180856
3669 1.181520
3670 1.182108
3671 1.181974
3672 1.182464
3673 1.181630
3674 1.181670
3675 1.182334
3676 1.182100
3677 1.181784
3678 1.181916
3679 1.181676
3680 1.182054
3681 1.181986
3682 1.182372
3683 1.182592
3684 1.183010
3685 1.182666
3686 1.182338
3687 1.182622
3688 1.182270
3689 1.182380
3690 1.182528
3691 1.182588
3692 1.182810
3693 1.182644
3694 1.182200
3695 1.181978
3696 1.181966
3697 1.182116
3698 1.182240
3699 1.181972
3700 1.182374
3701 1.181852


Active cycles: 2200
k_mean: 1.182849
k_stddev(cycle): 0.001153
k_stderr(mean): 0.000025
