1 0.590002
2 1.078378
3 1.110948
4 1.128399
5 1.142076
6 1.148631
7 1.157347
8 1.162857
9 1.166691
10 1.170294
11 1.172180
12 1.172373
13 1.174189
14 1.178257
15 1.176360
16 1.177149
17 1.179473
18 1.177874
19 1.178493
20 1.179871
21 1.178908
22 1.182109
23 1.180999
24 1.180306
25 1.178640
26 1.179496
27 1.180462
28 1.181734
29 1.181511
30 1.181641
31 1.182233
32 1.181476
33 1.181656
34 1.182205
35 1.182107
36 1.182512
37 1.180977
38 1.181540
39 1.181251
40 1.181083
41 1.181756
42 1.181750
43 1.180182
44 1.183689
45 1.181606
46 1.179213
47 1.181143
48 1.181766
49 1.181157
50 1.181596
51 1.182846
52 1.182338
53 1.182072
54 1.183819
55 1.183153
56 1.181065
57 1.181019
58 1.183107
59 1.181977
60 1.181710
61 1.181409
62 1.182355
63 1.182855
64 1.181250
65 1.180520
66 1.181049
67 1.182609
68 1.182997
69 1.182836
70 1.182270
71 1.182889
72 1.182794
73 1.181886
74 1.184518
75 1.180640
76 1.182510
77 1.182385
78 1.182168
79 1.182968
80 1.182934
81 1.180316
82 1.182135
83 1.182340
84 1.182495
85 1.183333
86 1.182457
87 1.182774
88 1.181166
89 1.182161
90 1.179992
91 1.183876
92 1.182645
93 1.183273
94 1.182776
95 1.183619
96 1.183216
97 1.182817
98 1.182307
99 1.182222
100 1.183737
101 1.183836
102 1.183490
103 1.182406
104 1.183729
105 1.182006
106 1.183088
107 1.182702
108 1.184676
109 1.183892
110 1.182521
111 1.183839
112 1.181793
113 1.183195
114 1.183062
115 1.182120
116 1.182617
117 1.182891
118 1.181341
119 1.184403
120 1.180939
121 1.183231
122 1.181605
123 1.184574
124 1.182979
125 1.181863
126 1.182182
127 1.182821
128 1.183256
129 1.183160
130 1.183253
131 1.183470
132 1.180985
133 1.182606
134 1.182980
135 1.182801
136 1.183618
137 1.180226
138 1.183705
139 1.181732
140 1.183863
141 1.184723
142 1.183599
143 1.183231
144 1.183733
145 1.182621
146 1.183057
147 1.182547
148 1.182808
149 1.182687
150 1.181764
151 1.182744
152 1.182453
153 1.182749
154 1.182236
155 1.181687
156 1.183121
157 1.182438
158 1.181745
159 1.182153
160 1.182805
161 1.184021
162 1.184449
163 1.182183
164 1.182891
165 1.182192
166 1.183845
167 1.183002
168 1.181526
169 1.183379
170 1.183020
171 1.181108
172 1.182934
173 1.183056
174 1.180836
175 1.183612
176 1.181824
177 1.182293
178 1.181412
179 1.182629
180 1.182848
181 1.182407
182 1.182515
183 1.181781
184 1.183488
185 1.182602
186 1.183003
187 1.182337
188 1.183605
189 1.183465
190 1.182934
191 1.182747
192 1.183965
193 1.182767
194 1.184393
195 1.183579
196 1.183375
197 1.180887
198 1.181651
199 1.183051
200 1.183873
201 1.182200
202 1.184170
203 1.183001
204 1.183224
205 1.181929
206 1.184775
207 1.184420
208 1.183219
209 1.184458
210 1.182642
211 1.183400
212 1.183800
213 1.183838
214 1.184249
215 1.184291
216 1.184132
217 1.181631
218 1.183954
219 1.183122
220 1.183002
221 1.184089
222 1.184570
223 1.182822
224 1.183091
225 1.182208
226 1.183191
227 1.182608
228 1.186127
229 1.183428
230 1.182631
231 1.183962
232 1.182600
233 1.183151
234 1.182783
235 1.184276
236 1.183657
237 1.183644
238 1.182230
239 1.184346
240 1.182584
241 1.183836
242 1.182448
243 1.183197
244 1.183824
245 1.183834
246 1.184109
247 1.183193
248 1.181278
249 1.183947
250 1.181220
251 1.182813
252 1.182988
253 1.181740
254 1.183658
255 1.182493
256 1.184240
257 1.182238
258 1.184014
259 1.182840
260 1.183547
261 1.184086
262 1.182402
263 1.182736
264 1.182748
265 1.180155
266 1.181422
267 1.183671
268 1.184318
269 1.183463
270 1.183039
271 1.183191
272 1.182117
273 1.182309
274 1.183318
275 1.182203
276 1.184258
277 1.182284
278 1.182078
279 1.184275
280 1.183031
281 1.184380
282 1.184554
283 1.184659
284 1.183366
285 1.182006
286 1.183144
287 1.185274
288 1.182861
289 1.184218
290 1.183323
291 1.183418
292 1.183048
293 1.184297
294 1.181304
295 1.182678
296 1.182986
297 1.183773
298 1.182566
299 1.184464
300 1.182993
301 1.184704
302 1.182281
303 1.183915
304 1.183901
305 1.181518
306 1.182387
307 1.183214
308 1.183306
309 1.182364
310 1.182715
311 1.181781
312 1.182820
313 1.183988
314 1.184447
315 1.183722
316 1.181152
317 1.182300
318 1.182836
319 1.182794
320 1.184147
321 1.182898
322 1.183591
323 1.181416
324 1.182446
325 1.182859
326 1.184529
327 1.183945
328 1.181787
329 1.182933
330 1.184152
331 1.182759
332 1.185183
333 1.184866
334 1.183240
335 1.185749
336 1.183490
337 1.183701
338 1.183245
339 1.182891
340 1.182452
341 1.182198
342 1.184625
343 1.184063
344 1.183782
345 1.184182
346 1.183636
347 1.182518
348 1.183709
349 1.183381
350 1.181125
351 1.183237
352 1.183674
353 1.181644
354 1.180990
355 1.182145
356 1.182751
357 1.182719
358 1.183500
359 1.182423
360 1.183523
361 1.182108
362 1.181493
363 1.184016
364 1.183011
365 1.184116
366 1.183025
367 1.185467
368 1.183321
369 1.183653
370 1.182272
371 1.183001
372 1.180961
373 1.181985
374 1.183071
375 1.184881
376 1.184404
377 1.182359
378 1.184128
379 1.181613
380 1.183169
381 1.182419
382 1.182413
383 1.183341
384 1.182246
385 1.182804
386 1.183507
387 1.183478
388 1.182974
389 1.182489
390 1.185119
391 1.185027
392 1.182689
393 1.182818
394 1.182934
395 1.182550
396 1.182571
397 1.182953
398 1.181561
399 1.181793
400 1.182326
401 1.182087
402 1.181219
403 1.183964
404 1.183397
405 1.181612
406 1.181849
407 1.183993
408 1.182756
409 1.182411
410 1.182667
411 1.184976
412 1.183694
413 1.182233
414 1.183804
415 1.183180
416 1.182979
417 1.182384
418 1.181813
419 1.183857
420 1.183478
421 1.183674
422 1.184995
423 1.184864
424 1.183069
425 1.184277
426 1.182345
427 1.182649
428 1.183067
429 1.180675
430 1.183208
431 1.183643
432 1.183573
433 1.183126
434 1.183270
435 1.184508
436 1.184027
437 1.182186
438 1.181070
439 1.182509
440 1.183623
441 1.184680
442 1.182793
443 1.183180
444 1.182009
445 1.181951
446 1.183471
447 1.183844
448 1.184315
449 1.182193
450 1.184283
451 1.184144
452 1.183542
453 1.182600
454 1.183629
455 1.182994
456 1.182406
457 1.182829
458 1.183410
459 1.184008
460 1.183852
461 1.182617
462 1.182579
463 1.183388
464 1.182809
465 1.181750
466 1.182216
467 1.183906
468 1.182955
469 1.182744
470 1.183457
471 1.183716
472 1.185671
473 1.184098
474 1.182477
475 1.182091
476 1.182398
477 1.183563
478 1.181528
479 1.181592
480 1.182607
481 1.182561
482 1.183110
483 1.184271
484 1.182206
485 1.183050
486 1.182980
487 1.182261
488 1.183957
489 1.182725
490 1.183063
491 1.182759
492 1.182792
493 1.182854
494 1.183905
495 1.184650
496 1.181975
497 1.182627
498 1.181932
499 1.183717
500 1.183261
501 1.182845
502 1.182035
503 1.182179
504 1.183043
505 1.185022
506 1.182962
507 1.183272
508 1.182683
509 1.183451
510 1.183736
511 1.183671
512 1.183821
513 1.183338
514 1.183518
515 1.185190
516 1.184298
517 1.183236
518 1.183668
519 1.183877
520 1.183281
521 1.183368
522 1.184621
523 1.183612
524 1.184531
525 1.182214
526 1.183651
527 1.183772
528 1.181648
529 1.183194
530 1.183020
531 1.182169
532 1.183887
533 1.184948
534 1.183747
535 1.183740
536 1.183559
537 1.182241
538 1.183739
539 1.183953
540 1.183834
541 1.182875
542 1.183397
543 1.183352
544 1.182114
545 1.183571
546 1.182209
547 1.184382
548 1.182721
549 1.183908
550 1.183043
551 1.182766
552 1.184369
553 1.182516
554 1.182991
555 1.183073
556 1.182525
557 1.183336
558 1.182691
559 1.181907
560 1.183455
561 1.183924
562 1.182668
563 1.182878
564 1.182083
565 1.182881
566 1.183613
567 1.183100
568 1.182341
569 1.183315
570 1.182231
571 1.183597
572 1.183306
573 1.182877
574 1.183154
575 1.182156
576 1.182804
577 1.183156
578 1.181868
579 1.183084
580 1.182740
581 1.181518
582 1.183743
583 1.184008
584 1.183167
585 1.183438
586 1.183853
587 1.181649
588 1.184066
589 1.183305
590 1.183799
591 1.182847
592 1.182125
593 1.180938
594 1.182704
595 1.182552
596 1.182325
597 1.183221
598 1.184091
599 1.182870
600 1.180948
601 1.184677


Active cycles: 300
k_mean: 1.183102
k_stddev(cycle): 0.000930
k_stderr(mean): 0.000054
Difference with the reference K: -0.000708, Per cent error: -0.059787
Reactivity(rho): 0.154765, pcm difference: -50.534153
Total Time: 503.226452seconds. Average: 0.837315 seconds per cycle.
