1 0.989512
2 0.984620
3 0.982956
4 0.983280
5 0.983876
6 0.983568
7 0.983070
8 0.982070
9 0.981130
10 0.980010
11 0.978954
12 0.977866
13 0.976336
14 0.975494
15 0.974922
16 0.974160
17 0.973184
18 0.972760
19 0.972732
20 0.973386
21 0.972814
22 0.973506
23 0.973286
24 0.974324
25 0.974890
26 0.975406
27 0.975978
28 0.977132
29 0.977596
30 0.978306
31 0.979840
32 0.980766
33 0.982282
34 0.983594
35 0.984646
36 0.986494
37 0.987758
38 0.989142
39 0.990544
40 0.992028
41 0.994004
42 0.995896
43 0.998294
44 1.000308
45 1.001514
46 1.003178
47 1.004748
48 1.006176
49 1.007630
50 1.009590
51 1.011778
52 1.014432
53 1.015844
54 1.017714
55 1.020076
56 1.021684
57 1.023808
58 1.025580
59 1.027048
60 1.028482
61 1.030454
62 1.031616
63 1.033606
64 1.036110
65 1.038374
66 1.039946
67 1.041502
68 1.042674
69 1.044398
70 1.046364
71 1.047688
72 1.049108
73 1.050470
74 1.052126
75 1.054148
76 1.055308
77 1.056500
78 1.058092
79 1.059886
80 1.061846
81 1.063514
82 1.065644
83 1.066756
84 1.068630
85 1.070510
86 1.071810
87 1.073438
88 1.075164
89 1.076474
90 1.077674
91 1.078930
92 1.079804
93 1.080758
94 1.081692
95 1.082306
96 1.083930
97 1.084752
98 1.086536
99 1.088440
100 1.090494
101 1.091660
102 1.092482
103 1.093382
104 1.094482
105 1.095982
106 1.097194
107 1.098486
108 1.099528
109 1.100334
110 1.101818
111 1.103852
112 1.105046
113 1.105776
114 1.106916
115 1.107272
116 1.108982
117 1.109714
118 1.110650
119 1.112192
120 1.113050
121 1.114174
122 1.115270
123 1.116230
124 1.117700
125 1.118562
126 1.119606
127 1.119904
128 1.120938
129 1.121700
130 1.122806
131 1.124006
132 1.124220
133 1.124744
134 1.124722
135 1.126068
136 1.127522
137 1.127730
138 1.128176
139 1.129084
140 1.130144
141 1.131202
142 1.132090
143 1.132660
144 1.133350
145 1.133454
146 1.134418
147 1.134722
148 1.135406
149 1.136556
150 1.137674
151 1.138692
152 1.139778
153 1.140332
154 1.141108
155 1.141196
156 1.141042
157 1.141134
158 1.142294
159 1.142832
160 1.142732
161 1.143650
162 1.143638
163 1.144588
164 1.144496
165 1.145982
166 1.146304
167 1.145956
168 1.145764
169 1.146256
170 1.146634
171 1.147088
172 1.147412
173 1.147700
174 1.148174
175 1.148028
176 1.147966
177 1.148696
178 1.149306
179 1.149858
180 1.150284
181 1.150290
182 1.150574
183 1.151036
184 1.150898
185 1.151382
186 1.151928
187 1.152572
188 1.152938
189 1.153868
190 1.154476
191 1.154384
192 1.154462
193 1.154642
194 1.154918
195 1.155064
196 1.154992
197 1.155014
198 1.155282
199 1.156036
200 1.156676
201 1.157436
202 1.157582
203 1.158138
204 1.157978
205 1.157894
206 1.158008
207 1.158064
208 1.158476
209 1.158718
210 1.158754
211 1.158436
212 1.159086
213 1.158982
214 1.159158
215 1.159790
216 1.159872
217 1.160246
218 1.160364
219 1.160422
220 1.159984
221 1.159996
222 1.160508
223 1.161834
224 1.162344
225 1.161980
226 1.162282
227 1.162414
228 1.162374
229 1.162324
230 1.161820
231 1.162070
232 1.162620
233 1.163080
234 1.163456
235 1.163770
236 1.164440
237 1.164640
238 1.164646
239 1.165452
240 1.166376
241 1.166786
242 1.166902
243 1.166912
244 1.166904
245 1.167106
246 1.167628
247 1.168422
248 1.168588
249 1.168648
250 1.168480
251 1.168668
252 1.168948
253 1.168720
254 1.168222
255 1.168452
256 1.168184
257 1.168294
258 1.168410
259 1.168510
260 1.169126
261 1.169398
262 1.169768
263 1.169472
264 1.169078
265 1.169110
266 1.170148
267 1.170368
268 1.170576
269 1.170732
270 1.170382
271 1.170518
272 1.169848
273 1.170268
274 1.169870
275 1.170096
276 1.169856
277 1.169770
278 1.169802
279 1.169684
280 1.170086
281 1.170470
282 1.171260
283 1.171090
284 1.171598
285 1.171594
286 1.171396
287 1.171758
288 1.172004
289 1.172160
290 1.172116
291 1.171782
292 1.172140
293 1.172318
294 1.171924
295 1.172208
296 1.172148
297 1.172178
298 1.172274
299 1.172700
300 1.172888
301 1.172532
302 1.172750
303 1.173088
304 1.173292
305 1.173430
306 1.173868
307 1.174142
308 1.174150
309 1.174116
310 1.174670
311 1.174648
312 1.174974
313 1.175118
314 1.175128
315 1.174840
316 1.174642
317 1.174186
318 1.173452
319 1.172874
320 1.172676
321 1.172984
322 1.172562
323 1.172914
324 1.173254
325 1.173360
326 1.174126
327 1.174318
328 1.175206
329 1.174784
330 1.175028
331 1.175306
332 1.175478
333 1.175642
334 1.176164
335 1.175768
336 1.175972
337 1.176536
338 1.176186
339 1.176476
340 1.176624
341 1.176570
342 1.176322
343 1.175976
344 1.176248
345 1.176186
346 1.176226
347 1.176430
348 1.176412
349 1.175774
350 1.176032
351 1.176814
352 1.176622
353 1.177146
354 1.177208
355 1.176456
356 1.176442
357 1.177052
358 1.177178
359 1.177044
360 1.177034
361 1.177128
362 1.177328
363 1.177250
364 1.177282
365 1.176828
366 1.175976
367 1.176286
368 1.177154
369 1.177572
370 1.177850
371 1.178022
372 1.178576
373 1.179138
374 1.179086
375 1.179426
376 1.179054
377 1.178580
378 1.178306
379 1.178544
380 1.178682
381 1.178026
382 1.178062
383 1.177962
384 1.178080
385 1.177986
386 1.178206
387 1.178004
388 1.177782
389 1.177826
390 1.178608
391 1.178846
392 1.178804
393 1.179290
394 1.178976
395 1.178988
396 1.179296
397 1.179122
398 1.179112
399 1.179304
400 1.179550
401 1.179748
402 1.180164
403 1.180414
404 1.180514
405 1.180826
406 1.180690
407 1.180792
408 1.180564
409 1.180418
410 1.180554
411 1.180886
412 1.180676
413 1.180518
414 1.180496
415 1.180764
416 1.180678
417 1.180384
418 1.180232
419 1.180076
420 1.180130
421 1.180134
422 1.180026
423 1.179880
424 1.179494
425 1.179548
426 1.179506
427 1.179366
428 1.180130
429 1.180560
430 1.180244
431 1.179906
432 1.180592
433 1.180416
434 1.180664
435 1.180614
436 1.180296
437 1.179620
438 1.179146
439 1.179036
440 1.178774
441 1.179066
442 1.178534
443 1.178554
444 1.179284
445 1.179528
446 1.179762
447 1.179528
448 1.179668
449 1.179540
450 1.179910
451 1.180240
452 1.180232
453 1.180484
454 1.180016
455 1.179934
456 1.179924
457 1.179542
458 1.179722
459 1.179124
460 1.179382
461 1.179688
462 1.180266
463 1.179544
464 1.179780
465 1.179350
466 1.179206
467 1.179982
468 1.180142
469 1.180324
470 1.180528
471 1.179714
472 1.179280
473 1.179248
474 1.179366
475 1.179524
476 1.179608
477 1.179490
478 1.179182
479 1.179232
480 1.178832
481 1.179196
482 1.179066
483 1.180048
484 1.179932
485 1.180154
486 1.180184
487 1.180620
488 1.180402
489 1.179466
490 1.179916
491 1.180028
492 1.179274
493 1.178982
494 1.179224
495 1.178866
496 1.178864
497 1.178668
498 1.178928
499 1.179426
500 1.179136
501 1.179548
502 1.179378
503 1.179270
504 1.179650
505 1.179410
506 1.179458
507 1.179632
508 1.180184
509 1.180298
510 1.180412
511 1.180638
512 1.179614
513 1.179750
514 1.179630
515 1.179026
516 1.178810
517 1.178658
518 1.178848
519 1.178644
520 1.179024
521 1.179074
522 1.179140
523 1.179362
524 1.179638
525 1.179806
526 1.179816
527 1.180058
528 1.180144
529 1.179880
530 1.180310
531 1.180484
532 1.180964
533 1.181160
534 1.181254
535 1.181388
536 1.181088
537 1.180970
538 1.180376
539 1.180038
540 1.180056
541 1.180182
542 1.180246
543 1.179814
544 1.180274
545 1.179908
546 1.179878
547 1.179106
548 1.178988
549 1.179166
550 1.179350
551 1.179556
552 1.179718
553 1.179584
554 1.179660
555 1.180136
556 1.180236
557 1.180234
558 1.180658
559 1.180796
560 1.181002
561 1.180732
562 1.180666
563 1.180410
564 1.179880
565 1.179634
566 1.179860
567 1.179772
568 1.180284
569 1.180796
570 1.180530
571 1.179508
572 1.179018
573 1.179078
574 1.179154
575 1.178026
576 1.178272
577 1.178132
578 1.178906
579 1.178606
580 1.179388
581 1.179390
582 1.179218
583 1.178768
584 1.179234
585 1.178946
586 1.178630
587 1.178472
588 1.178168
589 1.178570
590 1.178802
591 1.178522
592 1.178452
593 1.178448
594 1.178192
595 1.178018
596 1.177902
597 1.178474
598 1.178912
599 1.178436
600 1.179000
601 1.178712
602 1.178906
603 1.178418
604 1.178772
605 1.179050
606 1.179014
607 1.179630
608 1.179282
609 1.179658
610 1.180136
611 1.180684
612 1.180550
613 1.180120
614 1.179778
615 1.180020
616 1.179856
617 1.180176
618 1.181460
619 1.181496
620 1.181812
621 1.181916
622 1.180722
623 1.180594
624 1.180938
625 1.181390
626 1.181744
627 1.181726
628 1.182130
629 1.182416
630 1.182218
631 1.182854
632 1.182594
633 1.182712
634 1.182128
635 1.182678
636 1.182638
637 1.182336
638 1.182112
639 1.182144
640 1.181286
641 1.181244
642 1.181102
643 1.180996
644 1.180794
645 1.180392
646 1.181012
647 1.181144
648 1.180952
649 1.181054
650 1.181594
651 1.181568
652 1.181470
653 1.181772
654 1.181244
655 1.180992
656 1.180684
657 1.180776
658 1.180386
659 1.180650
660 1.180250
661 1.180498
662 1.180256
663 1.180338
664 1.179984
665 1.180098
666 1.179782
667 1.179386
668 1.179502
669 1.179878
670 1.180192
671 1.180516
672 1.181230
673 1.181074
674 1.179906
675 1.179398
676 1.179170
677 1.179108
678 1.179334
679 1.179626
680 1.179458
681 1.179164
682 1.178894
683 1.178724
684 1.178248
685 1.177856
686 1.177934
687 1.178324
688 1.178058
689 1.177828
690 1.177546
691 1.178294
692 1.178694
693 1.179064
694 1.179244
695 1.179132
696 1.179194
697 1.179300
698 1.179642
699 1.180090
700 1.180254
701 1.180266
702 1.180046
703 1.180120
704 1.180388
705 1.179982
706 1.179458
707 1.178842
708 1.178888
709 1.178982
710 1.178604
711 1.178690
712 1.179694
713 1.180154
714 1.180540
715 1.181164
716 1.180734
717 1.180898
718 1.181016
719 1.180720
720 1.180500
721 1.180442
722 1.180214
723 1.180356
724 1.180528
725 1.180398
726 1.180866
727 1.181604
728 1.182122
729 1.181762
730 1.181760
731 1.181522
732 1.181626
733 1.181400
734 1.180808
735 1.181022
736 1.180962
737 1.181756
738 1.182174
739 1.181848
740 1.181576
741 1.181882
742 1.181788
743 1.181738
744 1.181830
745 1.181712
746 1.181838
747 1.182492
748 1.182364
749 1.182046
750 1.181370
751 1.181750
752 1.181516
753 1.181288
754 1.181126
755 1.181468
756 1.181576
757 1.181186
758 1.181326
759 1.180800
760 1.180884
761 1.180708
762 1.180414
763 1.180330
764 1.180766
765 1.180608
766 1.180310
767 1.180330
768 1.180098
769 1.180260
770 1.180398
771 1.180508
772 1.180604
773 1.180628
774 1.180928
775 1.181106
776 1.181312
777 1.181676
778 1.181970
779 1.182234
780 1.182504
781 1.182338
782 1.182048
783 1.182220
784 1.182144
785 1.181872
786 1.181550
787 1.181586
788 1.181478
789 1.181774
790 1.181534
791 1.181768
792 1.181452
793 1.181246
794 1.181514
795 1.182114
796 1.181696
797 1.181600
798 1.181688
799 1.181866
800 1.181410
801 1.182244
802 1.182396
803 1.182776
804 1.182942
805 1.182496
806 1.181800
807 1.181872
808 1.182136
809 1.182810
810 1.182718
811 1.182774
812 1.182778
813 1.182982
814 1.182768
815 1.182448
816 1.182212
817 1.181900
818 1.182034
819 1.182186
820 1.182414
821 1.182368
822 1.182488
823 1.182358
824 1.182394
825 1.182124
826 1.181648
827 1.181340
828 1.181496
829 1.181010
830 1.180166
831 1.180000
832 1.179274
833 1.179342
834 1.179408
835 1.179492
836 1.179976
837 1.179960
838 1.179924
839 1.179968
840 1.179612
841 1.179080
842 1.179240
843 1.179346
844 1.179490
845 1.179210
846 1.179264
847 1.179884
848 1.180194
849 1.179628
850 1.179646
851 1.180114
852 1.180050
853 1.180316
854 1.180542
855 1.181228
856 1.180766
857 1.180926
858 1.180584
859 1.180534
860 1.180768
861 1.180512
862 1.180778
863 1.181184
864 1.181078
865 1.181224
866 1.181646
867 1.181542
868 1.180786
869 1.180916
870 1.180014
871 1.179656
872 1.179732
873 1.179144
874 1.179180
875 1.179788
876 1.179522
877 1.179478
878 1.179222
879 1.179278
880 1.179374
881 1.179548
882 1.180308
883 1.180560
884 1.180904
885 1.181340
886 1.182060
887 1.181492
888 1.181458
889 1.180844
890 1.181484
891 1.181810
892 1.181594
893 1.181578
894 1.181438
895 1.181138
896 1.181180
897 1.181142
898 1.181254
899 1.181360
900 1.180772
901 1.180688
902 1.180564
903 1.179710
904 1.180002
905 1.180280
906 1.180140
907 1.180288
908 1.180086
909 1.180504
910 1.180364
911 1.180820
912 1.180704
913 1.181148
914 1.180864
915 1.180836
916 1.180510
917 1.181018
918 1.180564
919 1.180840
920 1.180142
921 1.179906
922 1.180216
923 1.180158
924 1.180168
925 1.179968
926 1.179830
927 1.179922
928 1.180400
929 1.180236
930 1.180160
931 1.179644
932 1.179210
933 1.180048
934 1.180542
935 1.180606
936 1.181150
937 1.181554
938 1.182114
939 1.182392
940 1.182220
941 1.181620
942 1.181082
943 1.181530
944 1.181728
945 1.181666
946 1.182160
947 1.182534
948 1.182874
949 1.183174
950 1.183004
951 1.182262
952 1.181962
953 1.182330
954 1.182984
955 1.183352
956 1.183528
957 1.183774
958 1.183888
959 1.184010
960 1.184220
961 1.184576
962 1.184500
963 1.183904
964 1.182914
965 1.182672
966 1.182600
967 1.182612
968 1.182854
969 1.182784
970 1.182662
971 1.182780
972 1.183068
973 1.183232
974 1.183074
975 1.182686
976 1.182676
977 1.181120
978 1.181272
979 1.180994
980 1.181388
981 1.181688
982 1.181444
983 1.181228
984 1.181608
985 1.181610
986 1.181718
987 1.181576
988 1.181832
989 1.181708
990 1.181414
991 1.182446
992 1.182098
993 1.181806
994 1.182140
995 1.181860
996 1.181774
997 1.181510
998 1.180826
999 1.181720
1000 1.182184
1001 1.182244
1002 1.182268
1003 1.182102
1004 1.181912
1005 1.182174
1006 1.181496
1007 1.182260
1008 1.181678
1009 1.181928
1010 1.182428
1011 1.182530
1012 1.182618
1013 1.183174
1014 1.182568
1015 1.182380
1016 1.182208
1017 1.182316
1018 1.182382
1019 1.182140
1020 1.182264
1021 1.182430
1022 1.182600
1023 1.182702
1024 1.182304
1025 1.181554
1026 1.181262
1027 1.181314
1028 1.180798
1029 1.180980
1030 1.181196
1031 1.181974
1032 1.182070
1033 1.182286
1034 1.182464
1035 1.181804
1036 1.181982
1037 1.182186
1038 1.182572
1039 1.182882
1040 1.183060
1041 1.183810
1042 1.183950
1043 1.184002
1044 1.183568
1045 1.183232
1046 1.183112
1047 1.183128
1048 1.183444
1049 1.183062
1050 1.182372
1051 1.182168
1052 1.182104
1053 1.182382
1054 1.182762
1055 1.183360
1056 1.183354
1057 1.183820
1058 1.183914
1059 1.183242
1060 1.183104
1061 1.183106
1062 1.182550
1063 1.182660
1064 1.183012
1065 1.183084
1066 1.182890
1067 1.182830
1068 1.183008
1069 1.182846
1070 1.183036
1071 1.183200
1072 1.182904
1073 1.183022
1074 1.182262
1075 1.182636
1076 1.182584
1077 1.182568
1078 1.182466
1079 1.182114
1080 1.181938
1081 1.181886
1082 1.181948
1083 1.182128
1084 1.182036
1085 1.181758
1086 1.182130
1087 1.181642
1088 1.181944
1089 1.182052
1090 1.181630
1091 1.182138
1092 1.182200
1093 1.182684
1094 1.182730
1095 1.182674
1096 1.182564
1097 1.182730
1098 1.182988
1099 1.183828
1100 1.183874
1101 1.183608
1102 1.183338
1103 1.182934
1104 1.182060
1105 1.182736
1106 1.182636
1107 1.182818
1108 1.182896
1109 1.182972
1110 1.182792
1111 1.182892
1112 1.182588
1113 1.182494
1114 1.182140
1115 1.181756
1116 1.181358
1117 1.181452
1118 1.181562
1119 1.181028
1120 1.181708
1121 1.182572
1122 1.182968
1123 1.183342
1124 1.183340
1125 1.183144
1126 1.183698
1127 1.183822
1128 1.183450
1129 1.183954
1130 1.183486
1131 1.183626
1132 1.183966
1133 1.183506
1134 1.183284
1135 1.183606
1136 1.183314
1137 1.183732
1138 1.183956
1139 1.184120
1140 1.183974
1141 1.183678
1142 1.183262
1143 1.183168
1144 1.182478
1145 1.182628
1146 1.183074
1147 1.183254
1148 1.183390
1149 1.183164
1150 1.183530
1151 1.184080
1152 1.183956
1153 1.184538
1154 1.184354
1155 1.183900
1156 1.183794
1157 1.183074
1158 1.183026
1159 1.183012
1160 1.183070
1161 1.182940
1162 1.182484
1163 1.182250
1164 1.182058
1165 1.182260
1166 1.182564
1167 1.182054
1168 1.181980
1169 1.182018
1170 1.182246
1171 1.182474
1172 1.182354
1173 1.181858
1174 1.182530
1175 1.182846
1176 1.182796
1177 1.183138
1178 1.183810
1179 1.183922
1180 1.184282
1181 1.183736
1182 1.183828
1183 1.184182
1184 1.184088
1185 1.183878
1186 1.183626
1187 1.183612
1188 1.183944
1189 1.183854
1190 1.183440
1191 1.183630
1192 1.182838
1193 1.182756
1194 1.182664
1195 1.182774
1196 1.182798
1197 1.182630
1198 1.182892
1199 1.182666
1200 1.182788
1201 1.182832
1202 1.183390
1203 1.183268
1204 1.182808
1205 1.182530
1206 1.181702
1207 1.181976
1208 1.181786
1209 1.183024
1210 1.182488
1211 1.183010
1212 1.182582
1213 1.182486
1214 1.182428
1215 1.182634
1216 1.182734
1217 1.182582
1218 1.182428
1219 1.182444
1220 1.181818
1221 1.182072
1222 1.181962
1223 1.182146
1224 1.182194
1225 1.182254
1226 1.182644
1227 1.183264
1228 1.183490
1229 1.183132
1230 1.183526
1231 1.182858
1232 1.183096
1233 1.182952
1234 1.182560
1235 1.182670
1236 1.182472
1237 1.183100
1238 1.183268
1239 1.182888
1240 1.182880
1241 1.182338
1242 1.182248
1243 1.182716
1244 1.183096
1245 1.182862
1246 1.183266
1247 1.182900
1248 1.183466
1249 1.183236
1250 1.183584
1251 1.183122
1252 1.183414
1253 1.183520
1254 1.183706
1255 1.183942
1256 1.183942
1257 1.184724
1258 1.185112
1259 1.185032
1260 1.184864
1261 1.184518
1262 1.184448
1263 1.184806
1264 1.184784
1265 1.184200
1266 1.184420
1267 1.184382
1268 1.183970
1269 1.184442
1270 1.184806
1271 1.183986
1272 1.184002
1273 1.184192
1274 1.184108
1275 1.183976
1276 1.183500
1277 1.183326
1278 1.183586
1279 1.183972
1280 1.183798
1281 1.183592
1282 1.183174
1283 1.183482
1284 1.183684
1285 1.183682
1286 1.184096
1287 1.183950
1288 1.183658
1289 1.182936
1290 1.183364
1291 1.183870
1292 1.183716
1293 1.183770
1294 1.183590
1295 1.183446
1296 1.183506
1297 1.183494
1298 1.183022
1299 1.183628
1300 1.183700
1301 1.183498
1302 1.183582
1303 1.184034
1304 1.184246
1305 1.183812
1306 1.183744
1307 1.183434
1308 1.183082
1309 1.183326
1310 1.183780
1311 1.183480
1312 1.182670
1313 1.182874
1314 1.182600
1315 1.182068
1316 1.182608
1317 1.182602
1318 1.182034
1319 1.181862
1320 1.181718
1321 1.181858
1322 1.182214
1323 1.182682
1324 1.181938
1325 1.182038
1326 1.182510
1327 1.182300
1328 1.182868
1329 1.183258
1330 1.183296
1331 1.183326
1332 1.183272
1333 1.183200
1334 1.182916
1335 1.183002
1336 1.182830
1337 1.182868
1338 1.183048
1339 1.183024
1340 1.183012
1341 1.182884
1342 1.182360
1343 1.182438
1344 1.182362
1345 1.182492
1346 1.183292
1347 1.182524
1348 1.182676
1349 1.183150
1350 1.182914
1351 1.183484
1352 1.183212
1353 1.183528
1354 1.183114
1355 1.183122
1356 1.183384
1357 1.183776
1358 1.183692
1359 1.183004
1360 1.183138
1361 1.183430
1362 1.182920
1363 1.183070
1364 1.182932
1365 1.182004
1366 1.181854
1367 1.181814
1368 1.181736
1369 1.181676
1370 1.181920
1371 1.181790
1372 1.182548
1373 1.182540
1374 1.182274
1375 1.182934
1376 1.182658
1377 1.182572
1378 1.182246
1379 1.181686
1380 1.181978
1381 1.181616
1382 1.181896
1383 1.181334
1384 1.181558
1385 1.181492
1386 1.181056
1387 1.180940
1388 1.181674
1389 1.181640
1390 1.182132
1391 1.182410
1392 1.183282
1393 1.183636
1394 1.183664
1395 1.183470
1396 1.182966
1397 1.182690
1398 1.183082
1399 1.183184
1400 1.183690
1401 1.183704
1402 1.183246
1403 1.182630
1404 1.182790
1405 1.183414
1406 1.183208
1407 1.183234
1408 1.183284
1409 1.183930
1410 1.183720
1411 1.183516
1412 1.183428
1413 1.183570
1414 1.183120
1415 1.183468
1416 1.183324
1417 1.182868
1418 1.182550
1419 1.182966
1420 1.183078
1421 1.183472
1422 1.183832
1423 1.183904
1424 1.184230
1425 1.183978
1426 1.184632
1427 1.184262
1428 1.184004
1429 1.184032
1430 1.183834
1431 1.184044
1432 1.183952
1433 1.183450
1434 1.183346
1435 1.183224
1436 1.182692
1437 1.182344
1438 1.182294
1439 1.182256
1440 1.182386
1441 1.182560
1442 1.182118
1443 1.182054
1444 1.182324
1445 1.182114
1446 1.182394
1447 1.182174
1448 1.182152
1449 1.182034
1450 1.182206
1451 1.182190
1452 1.181722
1453 1.181346
1454 1.181240
1455 1.180722
1456 1.181148
1457 1.181550
1458 1.181412
1459 1.181404
1460 1.181426
1461 1.181986
1462 1.181766
1463 1.182058
1464 1.182398
1465 1.182730
1466 1.182304
1467 1.182002
1468 1.181718
1469 1.181530
1470 1.181610
1471 1.181698
1472 1.181630
1473 1.181858
1474 1.182210
1475 1.181808
1476 1.181896
1477 1.182280
1478 1.182098
1479 1.182312
1480 1.181762
1481 1.181730
1482 1.182144
1483 1.181900
1484 1.182024
1485 1.182126
1486 1.182608
1487 1.182072
1488 1.182618
1489 1.182750
1490 1.182904
1491 1.182900
1492 1.183254
1493 1.183036
1494 1.182554
1495 1.182748
1496 1.182032
1497 1.181952
1498 1.182252
1499 1.181502
1500 1.181954
1501 1.181676
1502 1.181128
1503 1.181092
1504 1.180794
1505 1.180824
1506 1.180426
1507 1.181112
1508 1.181612
1509 1.181774
1510 1.181776
1511 1.181526
1512 1.181568
1513 1.181270
1514 1.181314
1515 1.181536
1516 1.182384
1517 1.182634
1518 1.182750
1519 1.183360
1520 1.183430
1521 1.182980
1522 1.182650
1523 1.182408
1524 1.182208
1525 1.182326
1526 1.182936
1527 1.183148
1528 1.183884
1529 1.183816
1530 1.183956
1531 1.184042
1532 1.183768
1533 1.183472
1534 1.183586
1535 1.183136
1536 1.183078
1537 1.183326
1538 1.183106
1539 1.182716
1540 1.182528
1541 1.182330
1542 1.181920
1543 1.181816
1544 1.181448
1545 1.181426
1546 1.181500
1547 1.181724
1548 1.181780
1549 1.181516
1550 1.182050
1551 1.181750
1552 1.181742
1553 1.181468
1554 1.181896
1555 1.181912
1556 1.181782
1557 1.182556
1558 1.181766
1559 1.181694
1560 1.182292
1561 1.182656
1562 1.182348
1563 1.182126
1564 1.182332
1565 1.182662
1566 1.182816
1567 1.182954
1568 1.182796
1569 1.182548
1570 1.182744
1571 1.182234
1572 1.182310
1573 1.182134
1574 1.182490
1575 1.182314
1576 1.182202
1577 1.181902
1578 1.181746
1579 1.181196
1580 1.181388
1581 1.180976
1582 1.180994
1583 1.180660
1584 1.180262
1585 1.180064
1586 1.180654
1587 1.180682
1588 1.180644
1589 1.180704
1590 1.180808
1591 1.180674
1592 1.181070
1593 1.181702
1594 1.181306
1595 1.181478
1596 1.181080
1597 1.180620
1598 1.180996
1599 1.181212
1600 1.181312
1601 1.181542
1602 1.182080
1603 1.181408
1604 1.181106
1605 1.180880
1606 1.181428
1607 1.182164
1608 1.182106
1609 1.181274
1610 1.180892
1611 1.180938
1612 1.181522
1613 1.181532
1614 1.181674
1615 1.180828
1616 1.181482
1617 1.181270
1618 1.181192
1619 1.181660
1620 1.181880
1621 1.181450
1622 1.181706
1623 1.182476
1624 1.182460
1625 1.182224
1626 1.182382
1627 1.182002
1628 1.181548
1629 1.180764
1630 1.180708
1631 1.181160
1632 1.181482
1633 1.181856
1634 1.182138
1635 1.182246
1636 1.182204
1637 1.182348
1638 1.182510
1639 1.182152
1640 1.182300
1641 1.182366
1642 1.182038
1643 1.181668
1644 1.180584
1645 1.181298
1646 1.180574
1647 1.180512
1648 1.179900
1649 1.180012
1650 1.179798
1651 1.179356
1652 1.179440
1653 1.178998
1654 1.179210
1655 1.179564
1656 1.179670
1657 1.179894
1658 1.178938
1659 1.179228
1660 1.179230
1661 1.180060
1662 1.180312
1663 1.180142
1664 1.180112
1665 1.180200
1666 1.179928
1667 1.179824
1668 1.180182
1669 1.180072
1670 1.180398
1671 1.179516
1672 1.179620
1673 1.180570
1674 1.180588
1675 1.180872
1676 1.181186
1677 1.182000
1678 1.182084
1679 1.182250
1680 1.181964
1681 1.181630
1682 1.181926
1683 1.181764
1684 1.181784
1685 1.181714
1686 1.181432
1687 1.181602
1688 1.181534
1689 1.181554
1690 1.181950
1691 1.182062
1692 1.182258
1693 1.182290
1694 1.182494
1695 1.182688
1696 1.183138
1697 1.182790
1698 1.183000
1699 1.182752
1700 1.182480
1701 1.182792
1702 1.183400
1703 1.182904
1704 1.183020
1705 1.183272
1706 1.183140
1707 1.183048
1708 1.183172
1709 1.183346
1710 1.182992
1711 1.182896
1712 1.182532
1713 1.183218
1714 1.183298
1715 1.183274
1716 1.183106
1717 1.183276
1718 1.183770
1719 1.183488
1720 1.183574
1721 1.183784
1722 1.182972
1723 1.183180
1724 1.183204
1725 1.183328
1726 1.183394
1727 1.183230
1728 1.183358
1729 1.183188
1730 1.183310
1731 1.183712
1732 1.183634
1733 1.184258
1734 1.184190
1735 1.184358
1736 1.183806
1737 1.183242
1738 1.183036
1739 1.182534
1740 1.182182
1741 1.181968
1742 1.182084
1743 1.181798
1744 1.181798
1745 1.182114
1746 1.181958
1747 1.182582
1748 1.183024
1749 1.183294
1750 1.182842
1751 1.182898
1752 1.182352
1753 1.182346
1754 1.182078
1755 1.182434
1756 1.182036
1757 1.182262
1758 1.182288
1759 1.182908
1760 1.182430
1761 1.182456
1762 1.182360
1763 1.182624
1764 1.182148
1765 1.182468
1766 1.182330
1767 1.182102
1768 1.182434
1769 1.182114
1770 1.181470
1771 1.182164
1772 1.181674
1773 1.181890
1774 1.181946
1775 1.181670
1776 1.182294
1777 1.181670
1778 1.181916
1779 1.181668
1780 1.181568
1781 1.181468
1782 1.181826
1783 1.182004
1784 1.182056
1785 1.182480
1786 1.182844
1787 1.181652
1788 1.181836
1789 1.182124
1790 1.181974
1791 1.181912
1792 1.182544
1793 1.182122
1794 1.181972
1795 1.182090
1796 1.182274
1797 1.181636
1798 1.181974
1799 1.181660
1800 1.181888
1801 1.181622
1802 1.182044
1803 1.182328
1804 1.182388
1805 1.182308
1806 1.182636
1807 1.182354
1808 1.182908
1809 1.182916
1810 1.183068
1811 1.183542
1812 1.183480
1813 1.184224
1814 1.183636
1815 1.183488
1816 1.183228
1817 1.183594
1818 1.183830
1819 1.184172
1820 1.183946
1821 1.183156
1822 1.183544
1823 1.183658
1824 1.183838
1825 1.184206
1826 1.184396
1827 1.184656
1828 1.184412
1829 1.184368
1830 1.184034
1831 1.184176
1832 1.184276
1833 1.183652
1834 1.183888
1835 1.183664
1836 1.183142
1837 1.183020
1838 1.183200
1839 1.183066
1840 1.183830
1841 1.183656
1842 1.183820
1843 1.184084
1844 1.184632
1845 1.184290
1846 1.183290
1847 1.182166
1848 1.181846
1849 1.182138
1850 1.181958
1851 1.182184
1852 1.182098
1853 1.182150
1854 1.181978
1855 1.182284
1856 1.181940
1857 1.181910
1858 1.182174
1859 1.182086
1860 1.182168
1861 1.182490
1862 1.181970
1863 1.181978
1864 1.182188
1865 1.181988
1866 1.182094
1867 1.182674
1868 1.182412
1869 1.182064
1870 1.181824
1871 1.181874
1872 1.181802
1873 1.182264
1874 1.182092
1875 1.182334
1876 1.182472
1877 1.182472
1878 1.182734
1879 1.182534
1880 1.182466
1881 1.182162
1882 1.182458
1883 1.182890
1884 1.182944
1885 1.183330
1886 1.183292
1887 1.183080
1888 1.183354
1889 1.182652
1890 1.182850
1891 1.182870
1892 1.183340
1893 1.183606
1894 1.183704
1895 1.183700
1896 1.183738
1897 1.183752
1898 1.183610
1899 1.183620
1900 1.184614
1901 1.184682
1902 1.184598
1903 1.184034
1904 1.183796
1905 1.183730
1906 1.183516
1907 1.183440
1908 1.183024
1909 1.182562
1910 1.182662
1911 1.182154
1912 1.182256
1913 1.182256
1914 1.182918
1915 1.183398
1916 1.183700
1917 1.183212
1918 1.183282
1919 1.183250
1920 1.183184
1921 1.183454
1922 1.183322
1923 1.183258
1924 1.183144
1925 1.183484
1926 1.183406
1927 1.183568
1928 1.183660
1929 1.183856
1930 1.183930
1931 1.183616
1932 1.183848
1933 1.183936
1934 1.184012
1935 1.183936
1936 1.183840
1937 1.184372
1938 1.184022
1939 1.183978
1940 1.184730
1941 1.184306
1942 1.184116
1943 1.183770
1944 1.183760
1945 1.183956
1946 1.184166
1947 1.184222
1948 1.183418
1949 1.183432
1950 1.182746
1951 1.182380
1952 1.182014
1953 1.181842
1954 1.182092
1955 1.181732
1956 1.182194
1957 1.181354
1958 1.181098
1959 1.180468
1960 1.180006
1961 1.179760
1962 1.179416
1963 1.179882
1964 1.179646
1965 1.179958
1966 1.180240
1967 1.181070
1968 1.181304
1969 1.181358
1970 1.181446
1971 1.181204
1972 1.181272
1973 1.181128
1974 1.181406
1975 1.181852
1976 1.182490
1977 1.182176
1978 1.182130
1979 1.181906
1980 1.181720
1981 1.180830
1982 1.180480
1983 1.180454
1984 1.180942
1985 1.181446
1986 1.181524
1987 1.181530
1988 1.181362
1989 1.181804
1990 1.182268
1991 1.182310
1992 1.182538
1993 1.182324
1994 1.182490
1995 1.182792
1996 1.182410
1997 1.182866
1998 1.182446
1999 1.182240
2000 1.181814
2001 1.181712
2002 1.181814
2003 1.181866
2004 1.181730
2005 1.182612
2006 1.182406
2007 1.181942
2008 1.181968
2009 1.182250
2010 1.182250
2011 1.181974
2012 1.182166
2013 1.182616
2014 1.181744
2015 1.182030
2016 1.182200
2017 1.181716
2018 1.181446
2019 1.181852
2020 1.181762
2021 1.182092
2022 1.181602
2023 1.182042
2024 1.182074
2025 1.181950
2026 1.182014
2027 1.181498
2028 1.181750
2029 1.181334
2030 1.180956
2031 1.180640
2032 1.180060
2033 1.180078
2034 1.180188
2035 1.180444
2036 1.180208
2037 1.180160
2038 1.180990
2039 1.180832
2040 1.180822
2041 1.180730
2042 1.181246
2043 1.180810
2044 1.181314
2045 1.180874
2046 1.181348
2047 1.181060
2048 1.181356
2049 1.180714
2050 1.180370
2051 1.180638
2052 1.181056
2053 1.181266
2054 1.181782
2055 1.182064
2056 1.182476
2057 1.182662
2058 1.182890
2059 1.183398
2060 1.183274
2061 1.183090
2062 1.182826
2063 1.182842
2064 1.182778
2065 1.182846
2066 1.182462
2067 1.182212
2068 1.182752
2069 1.182770
2070 1.182632
2071 1.182854
2072 1.183096
2073 1.183604
2074 1.183654
2075 1.183372
2076 1.183274
2077 1.183366
2078 1.182486
2079 1.183038
2080 1.182826
2081 1.182772
2082 1.182932
2083 1.182350
2084 1.182938
2085 1.182698
2086 1.183274
2087 1.182946
2088 1.183022
2089 1.183380
2090 1.183700
2091 1.183658
2092 1.183606
2093 1.184014
2094 1.184018
2095 1.183890
2096 1.184204
2097 1.183986
2098 1.184022
2099 1.183570
2100 1.183476
2101 1.183426
2102 1.182864
2103 1.183422
2104 1.183226
2105 1.182680
2106 1.182542
2107 1.182458
2108 1.182574
2109 1.182786
2110 1.182944
2111 1.183108
2112 1.183138
2113 1.184296
2114 1.184052
2115 1.184196
2116 1.183766
2117 1.183612
2118 1.183918
2119 1.184210
2120 1.183866
2121 1.183838
2122 1.183622
2123 1.183714
2124 1.184034
2125 1.183816
2126 1.183698
2127 1.183534
2128 1.183904
2129 1.182962
2130 1.182952
2131 1.183228
2132 1.183390
2133 1.183510
2134 1.183756
2135 1.183504
2136 1.183430
2137 1.183090
2138 1.182788
2139 1.182520
2140 1.182646
2141 1.182306
2142 1.181940
2143 1.182134
2144 1.182092
2145 1.182118
2146 1.182534
2147 1.182144
2148 1.182872
2149 1.182638
2150 1.182996
2151 1.182684
2152 1.181954
2153 1.182192
2154 1.182428
2155 1.182110
2156 1.182270
2157 1.182060
2158 1.182566
2159 1.182964
2160 1.183300
2161 1.183686
2162 1.183904
2163 1.183650
2164 1.183580
2165 1.183744
2166 1.183164
2167 1.182476
2168 1.182256
2169 1.182712
2170 1.182172
2171 1.182656
2172 1.182042
2173 1.182262
2174 1.182550
2175 1.182526
2176 1.182744
2177 1.182060
2178 1.182710
2179 1.183150
2180 1.182842
2181 1.182264
2182 1.182800
2183 1.182900
2184 1.182718
2185 1.182824
2186 1.182398
2187 1.182814
2188 1.182780
2189 1.182932
2190 1.183030
2191 1.182818
2192 1.182802
2193 1.182512
2194 1.182350
2195 1.181512
2196 1.181486
2197 1.181740
2198 1.182332
2199 1.182470
2200 1.182702
2201 1.182636
2202 1.182706
2203 1.182746
2204 1.182150
2205 1.181820
2206 1.181770
2207 1.181482
2208 1.181152
2209 1.181636
2210 1.182072
2211 1.182750
2212 1.182570
2213 1.182100
2214 1.182142
2215 1.182000
2216 1.182082
2217 1.181560
2218 1.181486
2219 1.181664
2220 1.181456
2221 1.181928
2222 1.181706
2223 1.181602
2224 1.181458
2225 1.181484
2226 1.182380
2227 1.181756
2228 1.182262
2229 1.182556
2230 1.182220
2231 1.181934
2232 1.182690
2233 1.182288
2234 1.181642
2235 1.181740
2236 1.181700
2237 1.181810
2238 1.181012
2239 1.180580
2240 1.180598
2241 1.180634
2242 1.180648
2243 1.180684
2244 1.180916
2245 1.181046
2246 1.180632
2247 1.181062
2248 1.181466
2249 1.181878
2250 1.181258
2251 1.181358
2252 1.180926
2253 1.181888
2254 1.181656
2255 1.181718
2256 1.181914
2257 1.181988
2258 1.182304
2259 1.182530
2260 1.182546
2261 1.182378
2262 1.181676
2263 1.181106
2264 1.181430
2265 1.181326
2266 1.181220
2267 1.180932
2268 1.180774
2269 1.180908
2270 1.180780
2271 1.180598
2272 1.179892
2273 1.180122
2274 1.180982
2275 1.180792
2276 1.180604
2277 1.180578
2278 1.181064
2279 1.181018
2280 1.180368
2281 1.180340
2282 1.180562
2283 1.180868
2284 1.181050
2285 1.180990
2286 1.181156
2287 1.180792
2288 1.180880
2289 1.180372
2290 1.180570
2291 1.180900
2292 1.180536
2293 1.180808
2294 1.181288
2295 1.181324
2296 1.181316
2297 1.181340
2298 1.181994
2299 1.181856
2300 1.181574
2301 1.181504
2302 1.181496
2303 1.181748
2304 1.182120
2305 1.181894
2306 1.181656
2307 1.181604
2308 1.181524
2309 1.181720
2310 1.181786
2311 1.182096
2312 1.182100
2313 1.182432
2314 1.182554
2315 1.182442
2316 1.182404
2317 1.183002
2318 1.182686
2319 1.182586
2320 1.182550
2321 1.182680
2322 1.183488
2323 1.183624
2324 1.183604
2325 1.184346
2326 1.184448
2327 1.184152
2328 1.183846
2329 1.183694
2330 1.183650
2331 1.182854
2332 1.182700
2333 1.182674
2334 1.182248
2335 1.182298
2336 1.182498
2337 1.182294
2338 1.182716
2339 1.182398
2340 1.182432
2341 1.182446
2342 1.182754
2343 1.182944
2344 1.183246
2345 1.183082
2346 1.183074
2347 1.182328
2348 1.182392
2349 1.183116
2350 1.184280
2351 1.185138
2352 1.185246
2353 1.185758
2354 1.185970
2355 1.185662
2356 1.185024
2357 1.184764
2358 1.185206
2359 1.185012
2360 1.185004
2361 1.185054
2362 1.185518
2363 1.185940
2364 1.185874
2365 1.185652
2366 1.185490
2367 1.185020
2368 1.185534
2369 1.185834
2370 1.185274
2371 1.184860
2372 1.184598
2373 1.184316
2374 1.184670
2375 1.184038
2376 1.184938
2377 1.184860
2378 1.185318
2379 1.185718
2380 1.185272
2381 1.184918
2382 1.185266
2383 1.185754
2384 1.186084
2385 1.185806
2386 1.185764
2387 1.185822
2388 1.185458
2389 1.185054
2390 1.184986
2391 1.184608
2392 1.184628
2393 1.184476
2394 1.184386
2395 1.184388
2396 1.184382
2397 1.184594
2398 1.184404
2399 1.183850
2400 1.184046
2401 1.184652
2402 1.184984
2403 1.184760
2404 1.185170
2405 1.185340
2406 1.185472
2407 1.185918
2408 1.186534
2409 1.186036
2410 1.186464
2411 1.186000
2412 1.185458
2413 1.185904
2414 1.186204
2415 1.185760
2416 1.185200
2417 1.184882
2418 1.184762
2419 1.184442
2420 1.184750
2421 1.185202
2422 1.185152
2423 1.185376
2424 1.185798
2425 1.186274
2426 1.186530
2427 1.186752
2428 1.186484
2429 1.185660
2430 1.184774
2431 1.184722
2432 1.184208
2433 1.184412
2434 1.184376
2435 1.183972
2436 1.184438
2437 1.185072
2438 1.184990
2439 1.184842
2440 1.184600
2441 1.184760
2442 1.185254
2443 1.185070
2444 1.185604
2445 1.185534
2446 1.185842
2447 1.186018
2448 1.185626
2449 1.185056
2450 1.184854
2451 1.184508
2452 1.184402
2453 1.183986
2454 1.183998
2455 1.183626
2456 1.183726
2457 1.183366
2458 1.182924
2459 1.182946
2460 1.182974
2461 1.183332
2462 1.182756
2463 1.182414
2464 1.181944
2465 1.181786
2466 1.181680
2467 1.181812
2468 1.182038
2469 1.182450
2470 1.182778
2471 1.182440
2472 1.182210
2473 1.182632
2474 1.182426
2475 1.182944
2476 1.182922
2477 1.182718
2478 1.181804
2479 1.182296
2480 1.182354
2481 1.182530
2482 1.182560
2483 1.182698
2484 1.182740
2485 1.182728
2486 1.181916
2487 1.182276
2488 1.182496
2489 1.182966
2490 1.182940
2491 1.183086
2492 1.183754
2493 1.183444
2494 1.183510
2495 1.183522
2496 1.183292
2497 1.183102
2498 1.183342
2499 1.182920
2500 1.183786
2501 1.183798


Active cycles: 1000
k_mean: 1.182590
k_stddev(cycle): 0.001362
k_stderr(mean): 0.000043
