1 0.989608
2 0.984406
3 0.982508
4 0.982446
5 0.982840
6 0.982630
7 0.982072
8 0.981916
9 0.981240
10 0.980116
11 0.979172
12 0.977796
13 0.976824
14 0.975648
15 0.975310
16 0.974720
17 0.974162
18 0.974290
19 0.974110
20 0.974000
21 0.974072
22 0.974716
23 0.975182
24 0.975266
25 0.976168
26 0.977342
27 0.978780
28 0.979442
29 0.980654
30 0.981440
31 0.982888
32 0.984368
33 0.985374
34 0.986196
35 0.987562
36 0.988912
37 0.989674
38 0.991180
39 0.992554
40 0.994512
41 0.996132
42 0.997542
43 0.999926
44 1.001778
45 1.003752
46 1.005040
47 1.006774
48 1.008906
49 1.011598
50 1.013038
51 1.015182
52 1.017194
53 1.019100
54 1.020526
55 1.022670
56 1.024774
57 1.026534
58 1.028134
59 1.031002
60 1.033246
61 1.035456
62 1.037448
63 1.038860
64 1.040342
65 1.042432
66 1.043966
67 1.046232
68 1.048046
69 1.050034
70 1.051988
71 1.053882
72 1.056234
73 1.057770
74 1.059656
75 1.061248
76 1.062454
77 1.064804
78 1.066570
79 1.068452
80 1.070154
81 1.071914
82 1.074208
83 1.075792
84 1.077474
85 1.078802
86 1.081840
87 1.083184
88 1.085162
89 1.086518
90 1.087888
91 1.088982
92 1.090430
93 1.091826
94 1.093910
95 1.095368
96 1.097030
97 1.098656
98 1.100164
99 1.101440
100 1.102340
101 1.103052
102 1.103922
103 1.105230
104 1.106152
105 1.107668
106 1.109026
107 1.110434
108 1.111898
109 1.113332
110 1.114572
111 1.115214
112 1.116794
113 1.117996
114 1.119016
115 1.119976
116 1.121006
117 1.121802
118 1.123270
119 1.124918
120 1.125684
121 1.126574
122 1.127478
123 1.128202
124 1.129372
125 1.130806
126 1.131934
127 1.132484
128 1.133514
129 1.134116
130 1.135122
131 1.135200
132 1.135238
133 1.136368
134 1.136892
135 1.137750
136 1.138722
137 1.140014
138 1.140934
139 1.142004
140 1.143090
141 1.144304
142 1.144734
143 1.145404
144 1.145982
145 1.146686
146 1.147466
147 1.148386
148 1.148682
149 1.149346
150 1.150216
151 1.150732
152 1.151824
153 1.152480
154 1.153204
155 1.153628
156 1.153532
157 1.154212
158 1.155182
159 1.155730
160 1.156750
161 1.157136
162 1.157892
163 1.158558
164 1.158858
165 1.159072
166 1.159198
167 1.159642
168 1.160068
169 1.161070
170 1.161408
171 1.162014
172 1.162166
173 1.162222
174 1.163084
175 1.163330
176 1.164090
177 1.164994
178 1.164554
179 1.165350
180 1.165536
181 1.166352
182 1.166442
183 1.167366
184 1.168146
185 1.168652
186 1.168776
187 1.169316
188 1.169788
189 1.170486
190 1.170848
191 1.170524
192 1.170640
193 1.170924
194 1.171086
195 1.171288
196 1.171888
197 1.172274
198 1.172416
199 1.172068
200 1.172334
201 1.172968
202 1.173396
203 1.173944
204 1.174628
205 1.175244
206 1.174896
207 1.174900
208 1.174972
209 1.175650
210 1.175652
211 1.175076
212 1.175690
213 1.175938
214 1.176760
215 1.176386
216 1.176530
217 1.176410
218 1.176410
219 1.176322
220 1.177198
221 1.177974
222 1.178586
223 1.179420
224 1.179442
225 1.179774
226 1.179792
227 1.180226
228 1.180892
229 1.180984
230 1.181332
231 1.181440
232 1.181758
233 1.182128
234 1.182638
235 1.182908
236 1.183770
237 1.183676
238 1.183946
239 1.184054
240 1.184256
241 1.184670
242 1.184572
243 1.184262
244 1.184396
245 1.184260
246 1.184382
247 1.184912
248 1.185252
249 1.185460
250 1.186046
251 1.185510
252 1.185498
253 1.186202
254 1.186652
255 1.186764
256 1.187560
257 1.188074
258 1.188046
259 1.187870
260 1.187112
261 1.187570
262 1.187514
263 1.187908
264 1.187934
265 1.188262
266 1.188730
267 1.188620
268 1.188364
269 1.188410
270 1.188382
271 1.188404
272 1.187538
273 1.187856
274 1.187676
275 1.188060
276 1.188056
277 1.187856
278 1.188640
279 1.188060
280 1.188276
281 1.188340
282 1.189036
283 1.189700
284 1.189212
285 1.188678
286 1.189120
287 1.189654
288 1.189872
289 1.190580
290 1.191374
291 1.191330
292 1.191822
293 1.192192
294 1.192284
295 1.192046
296 1.192032
297 1.191856
298 1.191658
299 1.191802
300 1.191576
301 1.191866
302 1.191980
303 1.192040
304 1.192806
305 1.192774
306 1.192936
307 1.192802
308 1.192936
309 1.193062
310 1.193230
311 1.192982
312 1.193002
313 1.192692
314 1.192910
315 1.192322
316 1.192280
317 1.192274
318 1.192770
319 1.193302
320 1.193030
321 1.193804
322 1.194052
323 1.194290
324 1