1 1.349543
2 0.923372
3 0.923372
4 1.278515
5 0.923372
6 1.136458
7 1.018077
8 1.231162
9 0.947048
10 0.923372
11 0.639257
12 0.804991
13 1.018077
14 0.520876
15 1.349543
16 0.094705
17 9.328423
18 0.307791
19 0.852343
20 1.278515
21 1.278515
22 1.207486
23 1.183810
24 1.207486
25 1.231162
26 1.041753
27 1.231162
28 1.065429
29 1.065429
30 1.183810
31 1.491601
32 0.142057
33 4.261716
34 0.757638
35 1.254839
36 1.183810
37 1.231162
38 1.018077
39 1.136458
40 0.994400
41 1.231162
42 1.467924
43 0.118381
44 6.605660
45 0.402495
46 1.420572
47 0.355143
48 1.681010
49 0.355143
50 1.799391
51 0.236762
52 0.426172
53 3.906573
54 0.804991
55 1.515277
56 1.065429
57 1.373220
58 1.160134
59 1.207486
60 1.207486
61 1.160134
62 1.089105
63 1.065429
64 1.041753
65 1.396896
66 1.112781
67 1.065429
68 1.041753
69 1.018077
70 0.947048
71 1.420572
72 1.302191
73 0.094705
74 11.198843
75 0.260438
76 1.562629
77 0.118381
78 2.012477
79 1.254839
80 1.112781
81 0.994400
82 1.018077
83 0.899696
84 1.183810
85 0.923372
86 1.349543
87 1.041753
88 1.278515
89 1.089105
90 1.302191
91 1.231162
92 1.207486
93 1.207486
94 1.207486
95 1.112781
96 1.373220
97 1.231162
98 1.041753
99 1.136458
100 1.325867
101 1.065429
102 1.207486
103 1.065429
104 1.444248
105 1.183810
106 1.231162
107 0.899696
108 1.207486
109 1.231162
110 1.112781
111 1.231162


Active cycles: 10
k_mean: 1.181442
k_stddev(cycle): 0.139603
k_stderr(mean): 0.044146
Reactivity(rho): 0.153577, Per Cent error compared to reference: 0.169285
Total Time: 18.586257seconds. Average: 0.167444 seconds per cycle.
