1 1.183810
2 19.683954
3 37.811690
4 55.832236
5 73.764755
6 91.677670
7 109.595544
8 127.595726
9 145.635505
10 163.608350
11 181.584048
12 199.602571
13 217.647728
14 235.644815
15 253.692312
16 271.778420
17 289.879063
18 307.900468
19 325.987928
20 342.221662
21 360.240343
22 378.199269
23 396.210171
24 414.262613
25 432.181767
26 450.111970
27 467.903790
28 485.692600
29 503.446684
30 521.211442
31 538.933476
32 556.668106
33 574.421492
34 592.241678
35 610.156606
36 628.114979
37 646.093637
38 664.023431
39 681.942862
40 699.859150
41 717.766725
42 735.685411
43 753.590637
44 771.503113
45 789.415170
46 807.346342
47 825.246618
48 843.104289
49 860.993680
50 878.906334
51 896.831271
52 914.776678
53 932.702135
54 950.631542
55 968.552800
56 986.476308
57 1004.396763
58 1022.313130
59 1040.230061
60 1058.138207
61 1076.061102
62 1093.995317
63 1111.899031
64 1129.769998
65 1147.636838
66 1165.475864
67 1183.255840
68 1201.059406
69 1218.878979
70 1236.738367
71 1254.594455
72 1272.410219
73 1290.202876
74 1307.984856
75 1325.764714
76 1343.564128
77 1361.337660
78 1379.104918
79 1396.886023
80 1414.645772
81 1432.376011
82 1450.102105
83 1467.841333
84 1485.574865
85 1503.304296
86 1521.037517
87 1538.789883
88 1556.560394
89 1574.309742
90 1592.086125
91 1609.121912
92 1626.941614
93 1644.794894
94 1662.649949
95 1680.516182
96 1698.395553
97 1716.290312
98 1734.216784
99 1752.157439
100 1770.109542
101 1788.065287
102 1805.992726
103 1823.971427
104 1841.920507
105 1859.850653
106 1876.981025
107 1894.932662
108 1912.947559
109 1931.064146
110 1949.199169
111 1967.330195


Active cycles: 10
k_mean: 1886.419007
k_stddev(cycle): 54.160831
k_stderr(mean): 17.127159
Reactivity(rho): 0.999470, Per Cent error compared to reference: -84.420005
Total Time: 0.563123seconds. Average: 0.005073 seconds per cycle.
