2 0.984538
3 0.983040
4 0.983342
5 0.983892
6 0.983822
7 0.983506
8 0.982752
9 0.981934
10 0.980614
11 0.979322
12 0.978330
13 0.977084
14 0.975728
15 0.975300
16 0.974326
17 0.973802
18 0.972798
19 0.972982
20 0.973012
22 0.973158
23 0.973702
24 0.974508
25 0.975502
26 0.976428
27 0.977112
28 0.977228
29 0.978386
30 0.978898
31 0.979944
32 0.981032
33 0.981958
34 0.983558
35 0.984274
36 0.985306
37 0.986222
38 0.987492
39 0.988692
40 0.989662
42 0.992350
43 0.994172
44 0.996268
45 0.998108
46 0.999760
47 1.001852
48 1.003822
49 1.004642
50 1.006966
51 1.008852
52 1.010722
53 1.011972
54 1.014278
55 1.016030
56 1.017532
57 1.019666
58 1.021764
59 1.023480
60 1.025040
62 1.029846
63 1.031530
64 1.033506
65 1.034842
66 1.036322
67 1.038078
68 1.040264
69 1.041600
70 1.043334
71 1.045358
72 1.047186
73 1.049108
74 1.051358
75 1.052778
76 1.055338
77 1.056240
78 1.057672
79 1.060008
80 1.061610
82 1.064924
83 1.066126
84 1.067694
85 1.069510
86 1.071028
87 1.072428
88 1.073810
89 1.076068
90 1.077508
91 1.078938
92 1.080132
93 1.081820
94 1.083040
95 1.084068
96 1.085700
97 1.086872
98 1.087926
99 1.089892
100 1.091054
102 1.093524
103 1.094460
104 1.095336
105 1.096848
106 1.098344
107 1.099768
108 1.100716
109 1.102156
110 1.103642
111 1.104784
112 1.105148
113 1.106444
114 1.107038
115 1.108694
116 1.109760
117 1.110940
118 1.112080
119 1.113220
120 1.113826
122 1.115090
123 1.116634
124 1.117772
125 1.118228
126 1.119534
127 1.120528
128 1.121072
129 1.121258
130 1.121488
131 1.122410
132 1.123406
133 1.124078
134 1.124440
135 1.126022
136 1.126308
137 1.127356
138 1.128798
139 1.128936
140 1.129648
142 1.131470
143 1.132202
144 1.132800
145 1.133846
146 1.134488
147 1.135410
148 1.136012
149 1.136826
150 1.137038
151 1.137084
152 1.137696
153 1.138310
154 1.138432
155 1.139354
156 1.140024
157 1.141328
158 1.141564
159 1.142282
160 1.143514
162 1.144574
163 1.145246
164 1.145658
165 1.146148
166 1.146198
167 1.146062
168 1.146178
169 1.146040
170 1.145948
171 1.146748
172 1.147174
173 1.147498
174 1.147492
175 1.148126
176 1.148434
177 1.148786
178 1.148764
179 1.149060
180 1.149546
182 1.150356
183 1.150484
184 1.150370
185 1.150460
186 1.151820
187 1.152552
188 1.153148
189 1.153730
190 1.153580
191 1.153820
192 1.153802
193 1.153758
194 1.154172
195 1.154942
196 1.155084
197 1.155512
198 1.155660
199 1.155788
200 1.155614
202 1.157074
203 1.157222
204 1.157974
205 1.157796
206 1.158198
207 1.158694
208 1.158860
209 1.159002
210 1.158678
211 1.158998
212 1.159938
213 1.160054
214 1.160446
215 1.160344
216 1.160496
217 1.160996
218 1.161066
219 1.161254
220 1.161090
222 1.161786
223 1.162134
224 1.162952
225 1.162830
226 1.162304
227 1.162892
228 1.163224
229 1.163084
230 1.164272
231 1.164466
232 1.164796
233 1.164518
234 1.164680
235 1.164764
236 1.164298
237 1.164682
238 1.164200
239 1.163904
240 1.164710
242 1.164892
243 1.164792
244 1.164820
245 1.164810
246 1.165138
247 1.165118
248 1.165726
249 1.165418
250 1.165462
251 1.165960
252 1.165468
253 1.165330
254 1.164854
255 1.165374
256 1.165388
257 1.165198
258 1.164980
259 1.165218
260 1.165478
262 1.166226
263 1.166248
264 1.166346
265 1.166658
266 1.167116
267 1.167376
268 1.167824
269 1.167768
270 1.167240
271 1.167214
272 1.167694
273 1.168182
274 1.168230
275 1.168582
276 1.169394
277 1.169268
278 1.169402
279 1.169492
280 1.170132
282 1.170062
283 1.170434
284 1.170628
285 1.170978
286 1.171346
287 1.170786
288 1.171102
289 1.170656
290 1.170794
291 1.170878
292 1.170696
293 1.170842
294 1.171330
295 1.171644
296 1.171960
297 1.172900
298 1.172098
299 1.172440
300 1.172744
302 1.172188
303 1.171934
304 1.172036
305 1.172504
306 1.172438
307 1.172358
308 1.172838
309 1.173570
310 1.173626
311 1.173186
312 1.173200
313 1.173254
314 1.173362
315 1.173394
316 1.172884
317 1.173374
318 1.173316
319 1.173372
320 1.173318
322 1.173086
323 1.173068
324 1.173610
325 1.174046
326 1.174094
327 1.174098
328 1.174616
329 1.173992
330 1.174474
331 1.174532
332 1.174400
333 1.174688
334 1.175182
335 1.175390
336 1.175170
337 1.175174
338 1.174972
339 1.175434
340 1.175176
342 1.175390
343 1.175646
344 1.175942
345 1.176212
346 1.175764
347 1.175552
348 1.175502
349 1.175336
350 1.174952
351 1.175562
352 1.175154
353 1.174500
354 1.175082
355 1.175422
356 1.175898
357 1.176532
358 1.176830
359 1.177154
360 1.177002
362 1.177886
363 1.178158
364 1.177506
365 1.177114
366 1.177160
367 1.177342
368 1.176912
369 1.177158
370 1.177156
371 1.177132
372 1.177192
373 1.176884
374 1.177088
375 1.176964
376 1.177266
377 1.176430
378 1.176340
379 1.176438
380 1.176748
382 1.176938
383 1.177924
384 1.177536
385 1.177098
386 1.177222
387 1.177556
388 1.177282
389 1.177850
390 1.177838
391 1.176998
392 1.177258
393 1.177158
394 1.177178
395 1.177022
396 1.176480
397 1.176492
398 1.176206
399 1.176474
400 1.176926
402 1.176862
403 1.176794
404 1.176266
405 1.176102
406 1.175766
407 1.176546
408 1.176390
409 1.176856
410 1.177002
411 1.177208
412 1.176716
413 1.177412
414 1.177736
415 1.177756
416 1.177032
417 1.176694
418 1.176702
419 1.176592
420 1.177322
422 1.177838
423 1.177780
424 1.177482
425 1.176990
426 1.176704
427 1.176710
428 1.176460
429 1.176552
430 1.176008
431 1.176484
432 1.177162
433 1.177434
434 1.177984
435 1.178210
436 1.178276
437 1.178092
438 1.178226
439 1.178910
440 1.178208
442 1.179048
443 1.179158
444 1.179208
445 1.179724
446 1.179490
447 1.179336
448 1.178784
449 1.179200
450 1.179008
451 1.179370
452 1.179610
453 1.179550
454 1.179816
455 1.180274
456 1.180424
457 1.180706
458 1.180700
459 1.180212
460 1.179470
462 1.179860
463 1.179934
464 1.180382
465 1.180302
466 1.180182
467 1.180510
468 1.180890
469 1.180440
470 1.180866
471 1.181122
472 1.180942
473 1.180326
474 1.180902
475 1.180896
476 1.180844
477 1.180206
478 1.180610
479 1.180766
480 1.180794
482 1.180382
483 1.179986
484 1.179932
485 1.180586
486 1.180718
487 1.180586
488 1.180510
489 1.179928
490 1.180246
491 1.180066
492 1.180090
493 1.179866
494 1.180064
495 1.180032
496 1.179396
497 1.179052
498 1.178648
499 1.178610
500 1.178270
502 1.177556
503 1.177648
504 1.177924
505 1.178206
506 1.177650
507 1.177274
508 1.177484
509 1.177536
510 1.177144
511 1.176508
512 1.175524
513 1.175812
514 1.176208
515 1.176260
516 1.176362
517 1.176546
518 1.176714
519 1.176606
520 1.176564
522 1.176614
523 1.177098
524 1.177152
525 1.176986
526 1.176128
527 1.176376
528 1.176120
529 1.176436
530 1.176242
531 1.176130
532 1.175812
533 1.175634
534 1.176764
535 1.177250
536 1.177066
537 1.177858
538 1.177744
539 1.178404
540 1.178628
542 1.179682
543 1.179718
544 1.179422
545 1.179214
546 1.178848
547 1.179296
548 1.179432
549 1.180030
550 1.180454
551 1.181380
552 1.181534
553 1.181222
554 1.181328
555 1.180870
556 1.181666
557 1.181714
558 1.181664
559 1.181686
560 1.182336
562 1.182940
563 1.182790
564 1.182820
565 1.182732
566 1.182834
567 1.182988
568 1.182474
569 1.182514
570 1.182494
571 1.182396
572 1.182678
573 1.182718
574 1.183050
575 1.183120
576 1.182698
577 1.182822
578 1.182946
579 1.182554
580 1.182844
582 1.183236
583 1.182634
584 1.182446
585 1.181862
586 1.182138
587 1.182368
588 1.182438
589 1.182350
590 1.182288
591 1.182550
592 1.182704
593 1.182346
594 1.182108
595 1.181768
596 1.181698
597 1.181490
598 1.182720
599 1.182518
600 1.181892
602 1.181292
603 1.181174
604 1.180764
605 1.180870
606 1.181320
607 1.181406
608 1.181052
609 1.181504
610 1.181272
611 1.181100
612 1.180894
613 1.181258
614 1.182174
615 1.182192
616 1.181522
617 1.181582
618 1.182034
619 1.182394
620 1.182164
622 1.181354
623 1.180836
624 1.181000
625 1.181014
626 1.181058
627 1.180842
628 1.181316
629 1.181316
630 1.181530
631 1.181244
632 1.181266
633 1.180840
634 1.181262
635 1.180658
636 1.181132
637 1.181718
638 1.181722
639 1.181798
640 1.181864
642 1.181470
643 1.181586
644 1.181506
645 1.181632
646 1.182170
647 1.181868
648 1.181700
649 1.181990
650 1.181864
651 1.181304
652 1.181662
653 1.181176
654 1.180654
655 1.180638
656 1.181278
657 1.181554
658 1.181648
659 1.181668
660 1.181998
662 1.182556
663 1.182466
664 1.181798
665 1.181868
666 1.181538
667 1.181350
668 1.181228
669 1.181690
670 1.181688
671 1.182006
672 1.181466
673 1.181900
674 1.182178
675 1.182030
676 1.181238
677 1.180906
678 1.181048
679 1.181040
680 1.181048
682 1.181502
683 1.181290
684 1.180904
685 1.181012
686 1.180984
687 1.181386
688 1.181418
689 1.180940
690 1.180834
691 1.181220
692 1.181296
693 1.181212
694 1.180906
695 1.180300
696 1.181070
697 1.180944
698 1.180620
699 1.181218
700 1.181028
702 1.181768
703 1.181604
704 1.181396
705 1.181742
706 1.181666
707 1.181814
708 1.181662
709 1.181884
710 1.181380
711 1.181922
712 1.181996
713 1.181574
714 1.181722
715 1.182154
716 1.182090
717 1.182000
718 1.181812
719 1.181348
720 1.181116
722 1.180854
723 1.181392
724 1.180588
725 1.180990
726 1.180904
727 1.179826
728 1.179542
729 1.179490
730 1.179524
731 1.179564
732 1.180010
733 1.179440
734 1.179712
735 1.180422
736 1.180150
737 1.180146
738 1.180822
739 1.180310
740 1.180226
742 1.180530
743 1.181210
744 1.181642
745 1.181838
746 1.182050
747 1.181126
748 1.181272
749 1.181216
750 1.181296
751 1.181198
752 1.181464
753 1.181692
754 1.181898
755 1.181846
756 1.182382
757 1.182774
758 1.182800
759 1.182348
760 1.181594
762 1.181244
763 1.180984
764 1.180770
765 1.181096
766 1.180600
767 1.180802
768 1.181500
769 1.181274
770 1.181412
771 1.181174
772 1.181392
773 1.181532
774 1.181538
775 1.181172
776 1.181200
777 1.181722
778 1.181416
779 1.181660
780 1.181610
782 1.182576
783 1.182686
784 1.182780
785 1.182666
786 1.182656
787 1.182242
788 1.181626
789 1.181870
790 1.181256
791 1.181520
792 1.182054
793 1.181448
794 1.181848
795 1.182166
796 1.182292
797 1.182622
798 1.182524
799 1.182354
800 1.182452
802 1.182568
803 1.183010
804 1.183386
805 1.183496
806 1.183142
807 1.182852
808 1.182340
809 1.182092
810 1.181384
811 1.181286
812 1.181188
813 1.180574
814 1.181112
815 1.180852
816 1.180676
817 1.181004
818 1.181270
819 1.181378
820 1.181544
822 1.181752
823 1.182012
824 1.181620
825 1.182232
826 1.181700
827 1.182324
828 1.182106
829 1.182252
830 1.182342
831 1.182108
832 1.181806
833 1.181100
834 1.181412
835 1.181548
836 1.181640
837 1.181828
838 1.181620
839 1.181482
840 1.181752
842 1.182474
843 1.182788
844 1.183018
845 1.183740
846 1.183566
847 1.183812
848 1.183506
849 1.183490
850 1.183448
851 1.182876
852 1.181668
853 1.181484
854 1.180988
855 1.181148
856 1.181118
857 1.181150
858 1.180894
859 1.181038
860 1.181414
862 1.181166
863 1.180478
864 1.180520
865 1.180498
866 1.180860
867 1.181246
868 1.181400
869 1.181724
870 1.181942
871 1.182448
872 1.182464
873 1.182222
874 1.181726
875 1.181966
876 1.181758
877 1.182038
878 1.182004
879 1.182190
880 1.182094
882 1.182518
883 1.182570
884 1.182706
885 1.182970
886 1.183142
887 1.183242
888 1.183160
889 1.182898
890 1.183156
891 1.183006
892 1.183488
893 1.182976
894 1.182904
895 1.182652
896 1.182314
897 1.181908
898 1.182028
899 1.182312
900 1.182670
902 1.182902
903 1.183076
904 1.183014
905 1.182706
906 1.182328
907 1.182548
908 1.182474
909 1.182146
910 1.181942
911 1.181584
912 1.182120
913 1.182090
914 1.182080
915 1.182178
916 1.181894
917 1.181818
918 1.181750
919 1.181508
920 1.182234
922 1.182702
923 1.183026
924 1.183456
925 1.183802
926 1.183932
927 1.183948
928 1.183770
929 1.183458
930 1.183144
931 1.183194
932 1.184084
933 1.183828
934 1.184052
935 1.183278
936 1.182646
937 1.182126
938 1.181956
939 1.181852
940 1.181938
942 1.180984
943 1.180752
944 1.180776
945 1.180580
946 1.180244
947 1.180120
948 1.180024
949 1.180220
950 1.180134
951 1.180140
952 1.179672
953 1.179908
954 1.179760
955 1.180266
956 1.179886
957 1.179204
958 1.179522
959 1.179436
960 1.179726
962 1.180282
963 1.180570
964 1.180570
965 1.181008
966 1.180690
967 1.180896
968 1.180772
969 1.180226
970 1.179760
971 1.179130
972 1.179288
973 1.178962
974 1.178836
975 1.178888
976 1.178848
977 1.178400
978 1.178782
979 1.178856
980 1.178820
982 1.179394
983 1.179690
984 1.179432
985 1.179342
986 1.179848
987 1.180122
988 1.180152
989 1.180168
990 1.180316
991 1.180964
992 1.180864
993 1.180692
994 1.180676
995 1.180460
996 1.180346
997 1.180858
998 1.180960
999 1.181274
1000 1.181586
1002 1.180768
1003 1.180334
1004 1.179948
1005 1.180716
1006 1.181008
1007 1.180912
1008 1.181102
1009 1.180640
1010 1.181050
1011 1.181756
1012 1.181658
1013 1.181910
1014 1.181836
1015 1.181976
1016 1.181730
1017 1.181512
1018 1.181320
1019 1.181214
1020 1.181902
1022 1.182202
1023 1.181872
1024 1.181628
1025 1.180978
1026 1.180756
1027 1.181352
1028 1.181138
1029 1.180950
1030 1.180702
1031 1.179604
1032 1.180186
1033 1.180552
1034 1.180802
1035 1.181066
1036 1.181088
1037 1.180814
1038 1.180974
1039 1.181388
1040 1.181464
1042 1.181310
1043 1.181520
1044 1.181914
1045 1.181748
1046 1.181838
1047 1.181698
1048 1.181922
1049 1.182336
1050 1.182150
1051 1.182374
1052 1.181920
1053 1.182104
1054 1.181738
1055 1.181168
1056 1.180862
1057 1.181146
1058 1.180678
1059 1.180282
1060 1.181230
1062 1.182018
1063 1.181666
1064 1.181726
1065 1.181814
1066 1.181702
1067 1.181418
1068 1.180886
1069 1.181166
1070 1.180930
1071 1.181010
1072 1.181236
1073 1.180978
1074 1.181224
1075 1.181294
1076 1.181612
1077 1.181790
1078 1.181602
1079 1.182072
1080 1.181990
1082 1.181932
1083 1.181454
1084 1.181516
1085 1.181584
1086 1.181664
1087 1.181238
1088 1.181152
1089 1.181670
1090 1.181680
1091 1.182170
1092 1.181876
1093 1.182390
1094 1.183136
1095 1.182620
1096 1.182544
1097 1.182288
1098 1.182470
1099 1.182306
1100 1.182928
1102 1.182884
1103 1.182870
1104 1.182908
1105 1.183174
1106 1.183506
1107 1.182724
1108 1.182460
1109 1.182238
1110 1.182670
1111 1.182896
1112 1.183022
1113 1.182682
1114 1.182076
1115 1.181766
1116 1.182706
1117 1.182568
1118 1.181516
1119 1.181052
1120 1.181024
1122 1.181770
1123 1.181640
1124 1.180984
1125 1.181766
1126 1.182096
1127 1.182030
1128 1.182226
1129 1.181628
1130 1.182116
1131 1.182710
1132 1.182764
1133 1.182920
1134 1.182740
1135 1.182430
1136 1.182204
1137 1.181896
1138 1.181656
1139 1.182278
1140 1.181830
1142 1.182240
1143 1.182328
1144 1.182138
1145 1.181988
1146 1.182400
1147 1.182946
1148 1.182354
1149 1.182518
1150 1.181992
1151 1.182080
1152 1.182588
1153 1.182646
1154 1.182768
1155 1.182938
1156 1.182904
1157 1.183034
1158 1.183014
1159 1.183590
1160 1.183836
1162 1.183474
1163 1.183270
1164 1.182642
1165 1.181896
1166 1.181958
1167 1.181224
1168 1.181284
1169 1.181196
1170 1.181158
1171 1.181180
1172 1.181130
1173 1.180572
1174 1.180296
1175 1.180334
1176 1.180394
1177 1.180672
1178 1.180840
1179 1.181026
1180 1.181136
1182 1.181466
1183 1.181228
1184 1.181402
1185 1.181548
1186 1.181620
1187 1.180706
1188 1.180512
1189 1.180214
1190 1.180170
1191 1.180374
1192 1.180934
1193 1.180946
1194 1.181148
1195 1.181424
1196 1.182078
1197 1.182444
1198 1.182896
1199 1.182626
1200 1.182856
1202 1.182536
1203 1.181812
1204 1.181162
1205 1.181630
1206 1.181648
1207 1.181596
1208 1.181810
1209 1.181420
1210 1.181174
1211 1.180874
1212 1.181016
1213 1.181290
1214 1.182102
1215 1.182306
1216 1.182264
1217 1.182548
1218 1.182042
1219 1.182378
1220 1.182572
1222 1.183448
1223 1.183934
1224 1.184010
1225 1.183742
1226 1.183546
1227 1.183158
1228 1.183692
1229 1.183414
1230 1.183338
1231 1.183210
1232 1.183630
1233 1.183432
1234 1.183276
1235 1.183404
1236 1.183014
1237 1.183290
1238 1.183346
1239 1.183304
1240 1.182922
1242 1.182290
1243 1.182576
1244 1.183138
1245 1.183104
1246 1.182538
1247 1.182764
1248 1.183282
1249 1.182920
1250 1.183052
1251 1.182550
1252 1.181606
1253 1.180758
1254 1.181018
1255 1.180704
1256 1.180642
1257 1.180854
1258 1.180224
1259 1.180174
1260 1.180570
1262 1.180352
1263 1.179720
1264 1.180472
1265 1.180580
1266 1.180930
1267 1.181188
1268 1.180332
1269 1.180546
1270 1.180782
1271 1.181436
1272 1.181252
1273 1.181078
1274 1.180882
1275 1.180786
1276 1.180664
1277 1.180478
1278 1.180590
1279 1.181058
1280 1.180448
1282 1.180510
1283 1.180334
1284 1.180098
1285 1.180386
1286 1.180038
1287 1.179568
1288 1.179930
1289 1.180372
1290 1.181272
1291 1.181652
1292 1.182232
1293 1.181854
1294 1.181910
1295 1.181986
1296 1.182034
1297 1.181912
1298 1.182180
1299 1.182044
1300 1.182008
1302 1.182100
1303 1.182590
1304 1.181682
1305 1.182074
1306 1.182230
1307 1.182424
1308 1.182024
1309 1.182010
1310 1.181962
1311 1.181888
1312 1.182406
1313 1.182078
1314 1.181856
1315 1.181770
1316 1.181588
1317 1.181314
1318 1.181810
1319 1.181778
1320 1.182348
1322 1.182264
1323 1.181372
1324 1.181336
1325 1.181332
1326 1.181484
1327 1.181286
1328 1.181108
1329 1.181426
1330 1.180908
1331 1.181108
1332 1.180624
1333 1.180720
1334 1.181038
1335 1.181208
1336 1.180980
1337 1.181564
1338 1.181894
1339 1.182120
1340 1.182480
1342 1.182066
1343 1.182208
1344 1.182650
1345 1.182620
1346 1.182506
1347 1.182214
1348 1.182056
1349 1.181506
1350 1.181976
1351 1.182228
1352 1.182548
1353 1.182800
1354 1.182276
1355 1.182302
1356 1.182138
1357 1.182564
1358 1.182714
1359 1.182564
1360 1.182404
1362 1.182572
1363 1.182522
1364 1.182494
1365 1.182196
1366 1.182196
1367 1.181668
1368 1.181576
1369 1.181148
1370 1.181068
1371 1.180964
1372 1.180462
1373 1.180608
1374 1.180296
1375 1.180296
1376 1.181138
1377 1.181382
1378 1.181930
1379 1.181702
1380 1.181514
1382 1.181272
1383 1.181308
1384 1.181726
1385 1.182002
1386 1.182130
1387 1.182512
1388 1.182668
1389 1.182556
1390 1.182430
1391 1.182316
1392 1.182050
1393 1.182200
1394 1.181748
1395 1.181280
1396 1.180986
1397 1.181124
1398 1.180664
1399 1.180482
1400 1.180376
1402 1.180512
1403 1.180538
1404 1.179978
1405 1.180244
1406 1.180138
1407 1.179630
1408 1.179762
1409 1.180122
1410 1.179984
1411 1.180338
1412 1.180074
1413 1.180658
1414 1.180566
1415 1.180666
1416 1.180716
1417 1.181120
1418 1.181140
1419 1.181058
1420 1.180854
1422 1.180482
1423 1.180934
1424 1.180694
1425 1.181162
1426 1.181646
1427 1.181578
1428 1.182028
1429 1.181754
1430 1.181678
1431 1.181768
1432 1.182694
1433 1.182734
1434 1.182718
1435 1.182522
1436 1.183436
1437 1.182986
1438 1.183282
1439 1.183332
1440 1.183580
1442 1.183926
1443 1.183732
1444 1.184038
1445 1.184508
1446 1.185078
1447 1.184960
1448 1.185176
1449 1.184568
1450 1.184780
1451 1.184584
1452 1.184780
1453 1.184492
1454 1.184606
1455 1.184364
1456 1.184712
1457 1.184750
1458 1.184904
1459 1.184452
1460 1.183496
1462 1.183598
1463 1.183338
1464 1.183616
1465 1.182862
1466 1.182700
1467 1.182470
1468 1.182666
1469 1.182976
1470 1.183430
1471 1.183578
1472 1.183920
1473 1.183512
1474 1.183368
1475 1.184070
1476 1.183668
1477 1.183454
1478 1.183304
1479 1.182822
1480 1.183132
1482 1.182968
1483 1.182576
1484 1.183704
1485 1.183826
1486 1.183592
1487 1.183332
1488 1.183514
1489 1.183270
1490 1.183360
1491 1.183100
1492 1.182532
1493 1.182490
1494 1.181982
1495 1.182000
1496 1.181806
1497 1.181426
1498 1.181692
1499 1.181610
1500 1.181372
1502 1.181692
1503 1.182162
1504 1.182344
1505 1.182516
1506 1.183114
1507 1.183452
1508 1.183064
1509 1.182788
1510 1.182400
1511 1.182904
1512 1.183154
1513 1.183272
1514 1.183182
1515 1.183224
1516 1.183604
1517 1.183370
1518 1.183534
1519 1.183352
1520 1.183394
1522 1.183068
1523 1.183366
1524 1.183638
1525 1.183696
1526 1.183774
1527 1.184344
1528 1.184510
1529 1.184418
1530 1.184262
1531 1.184400
1532 1.184120
1533 1.184822
1534 1.184480
1535 1.184824
1536 1.185622
1537 1.186024
1538 1.185686
1539 1.186140
1540 1.185922
1542 1.184584
1543 1.184456
1544 1.184504
1545 1.184198
1546 1.183874
1547 1.183632
1548 1.183336
1549 1.183522
1550 1.183292
1551 1.183234
1552 1.182746
1553 1.183134
1554 1.183336
1555 1.183026
1556 1.182098
1557 1.182314
1558 1.182564
1559 1.182424
1560 1.182252
1562 1.182138
1563 1.181912
1564 1.181652
1565 1.181906
1566 1.182266
1567 1.182182
1568 1.181640
1569 1.181718
1570 1.181462
1571 1.181572
1572 1.182664
1573 1.183040
1574 1.183078
1575 1.182990
1576 1.182500
1577 1.182680
1578 1.181998
1579 1.182074
1580 1.182586
1582 1.182942
1583 1.182378
1584 1.182792
1585 1.182822
1586 1.182828
1587 1.182978
1588 1.182454
1589 1.182612
1590 1.182218
1591 1.182448
1592 1.182236
1593 1.182934
1594 1.182832
1595 1.183036
1596 1.182720
1597 1.182780
1598 1.183192
1599 1.183038
1600 1.183342
1602 1.183620
1603 1.183390
1604 1.183078
1605 1.182474
1606 1.182822
1607 1.182570
1608 1.182482
1609 1.182838
1610 1.182704
1611 1.182114
1612 1.181650
1613 1.181500
1614 1.181326
1615 1.181026
1616 1.180848
1617 1.180912
1618 1.180984
1619 1.181336
1620 1.181494
1622 1.181668
1623 1.182000
1624 1.182086
1625 1.182960
1626 1.182702
1627 1.182570
1628 1.182534
1629 1.182592
1630 1.182788
1631 1.182092
1632 1.182398
1633 1.182346
1634 1.181840
1635 1.182038
1636 1.181904
1637 1.181934
1638 1.181908
1639 1.181850
1640 1.181954
1642 1.183478
1643 1.183630
1644 1.183568
1645 1.183610
1646 1.183252
1647 1.183240
1648 1.183394
1649 1.183038
1650 1.181670
1651 1.180930
1652 1.180366
1653 1.180446
1654 1.180046
1655 1.179828
1656 1.180576
1657 1.180618
1658 1.181580
1659 1.181598
1660 1.181658
1662 1.182152
1663 1.181950
1664 1.181702
1665 1.181858
1666 1.182286
1667 1.182506
1668 1.182560
1669 1.182966
1670 1.183210
1671 1.183112
1672 1.183254
1673 1.183446
1674 1.183748
1675 1.183404
1676 1.183314
1677 1.183058
1678 1.183110
1679 1.182922
1680 1.182568
1682 1.182490
1683 1.181932
1684 1.181626
1685 1.181620
1686 1.181130
1687 1.181696
1688 1.181942
1689 1.181722
1690 1.181690
1691 1.182034
1692 1.182372
1693 1.182428
1694 1.181986
1695 1.181916
1696 1.182138
1697 1.181216
1698 1.181134
1699 1.180874
1700 1.180490
1702 1.181056
1703 1.181214
1704 1.181136
1705 1.182054
1706 1.183086
1707 1.182942
1708 1.183328
1709 1.183040
1710 1.183012
1711 1.183106
1712 1.183696
1713 1.183658
1714 1.183284
1715 1.183224
1716 1.183342
1717 1.183084
1718 1.183658
1719 1.184264
1720 1.183772
1722 1.184096
1723 1.184012
1724 1.183858
1725 1.183888
1726 1.183906
1727 1.183684
1728 1.183596
1729 1.183792
1730 1.183146
1731 1.183398
1732 1.183826
1733 1.183582
1734 1.182322
1735 1.182132
1736 1.182840
1737 1.182820
1738 1.183174
1739 1.183178
1740 1.183148
1742 1.184290
1743 1.184626
1744 1.184600
1745 1.184628
1746 1.184622
1747 1.183902
1748 1.184204
1749 1.184218
1750 1.184566
1751 1.184242
1752 1.183118
1753 1.183032
1754 1.183510
1755 1.184156
1756 1.183500
1757 1.183932
1758 1.184132
1759 1.183804
1760 1.183778
1762 1.183596
1763 1.183560
1764 1.183820
1765 1.184102
1766 1.183774
1767 1.184212
1768 1.185204
1769 1.185276
1770 1.184584
1771 1.184460
1772 1.183732
1773 1.183524
1774 1.183788
1775 1.184178
1776 1.183476
1777 1.183190
1778 1.183210
1779 1.183256
1780 1.183958
1782 1.183884
1783 1.183854
1784 1.183762
1785 1.183564
1786 1.183892
1787 1.183886
1788 1.184046
1789 1.184242
1790 1.184150
1791 1.184184
1792 1.184224
1793 1.184104
1794 1.183850
1795 1.183366
1796 1.182842
1797 1.182600
1798 1.182768
1799 1.182602
1800 1.182704
1802 1.183202
1803 1.183314
1804 1.183142
1805 1.182712
1806 1.182070
1807 1.182396
1808 1.181756
1809 1.182316
1810 1.182852
1811 1.182748
1812 1.182158
1813 1.182590
1814 1.182882
1815 1.183274
1816 1.183102
1817 1.182876
1818 1.183118
1819 1.182976
1820 1.182798
1822 1.181628
1823 1.181932
1824 1.182566
1825 1.183166
1826 1.182964
1827 1.183456
1828 1.183946
1829 1.183932
1830 1.183236
1831 1.182516
1832 1.182188
1833 1.181820
1834 1.181868
1835 1.182220
1836 1.182282
1837 1.182066
1838 1.182552
1839 1.182770
1840 1.182704
1842 1.183286
1843 1.183070
1844 1.183472
1845 1.183944
1846 1.183792
1847 1.183564
1848 1.183064
1849 1.182978
1850 1.182932
1851 1.182842
1852 1.182982
1853 1.183328
1854 1.183392
1855 1.183512
1856 1.183586
1857 1.184402
1858 1.184800
1859 1.184960
1860 1.184668
1862 1.184006
1863 1.183920
1864 1.183314
1865 1.183108
1866 1.182942
1867 1.182514
1868 1.182536
1869 1.183324
1870 1.183972
1871 1.184116
1872 1.184348
1873 1.184218
1874 1.184480
1875 1.183606
1876 1.183880
1877 1.183632
1878 1.183502
1879 1.183368
1880 1.183720
1882 1.184758
1883 1.184288
1884 1.183390
1885 1.184100
1886 1.184336
1887 1.183934
1888 1.183944
1889 1.184312
1890 1.184662
1891 1.185154
1892 1.185864
1893 1.186030
1894 1.185766
1895 1.185686
1896 1.185102
1897 1.184486
1898 1.184366
1899 1.184120
1900 1.183658
1902 1.184026
1903 1.184514
1904 1.184900
1905 1.184848
1906 1.184904
1907 1.185054
1908 1.185094
1909 1.184260
1910 1.184192
1911 1.184244
1912 1.183992
1913 1.184054
1914 1.183404
1915 1.183008
1916 1.182946
1917 1.183780
1918 1.184186
1919 1.184380
1920 1.184560
1922 1.184306
1923 1.184078
1924 1.184070
1925 1.183824
1926 1.183980
1927 1.183984
1928 1.184224
1929 1.183900
1930 1.183936
1931 1.184254
1932 1.184614
1933 1.184366
1934 1.184782
1935 1.184152
1936 1.183846
1937 1.183346
1938 1.182848
1939 1.183272
1940 1.182264
1942 1.182604
1943 1.183196
1944 1.183332
1945 1.182950
1946 1.183146
1947 1.182750
1948 1.182828
1949 1.182586
1950 1.182276
1951 1.182024
1952 1.182228
1953 1.182574
1954 1.182540
1955 1.182554
1956 1.182294
1957 1.182318
1958 1.182888
1959 1.183288
1960 1.182810
1962 1.182946
1963 1.183052
1964 1.182808
1965 1.182842
1966 1.183416
1967 1.183310
1968 1.183054
1969 1.183472
1970 1.183794
1971 1.183556
1972 1.183908
1973 1.183420
1974 1.183666
1975 1.183580
1976 1.183186
1977 1.182820
1978 1.182430
1979 1.181846
1980 1.181998
1982 1.182254
1983 1.183872
1984 1.183860
1985 1.183810
1986 1.183864
1987 1.183322
1988 1.183540
1989 1.183136
1990 1.182978
1991 1.183098
1992 1.183240
1993 1.183088
1994 1.183324
1995 1.183578
1996 1.183900
1997 1.184096
1998 1.184540
1999 1.184082
2000 1.184200
2002 1.183198
2003 1.183394
2004 1.183338
2005 1.183470
2006 1.182678
2007 1.182906
2008 1.183280
2009 1.183606
2010 1.183852
2011 1.183370
2012 1.183368
2013 1.183146
2014 1.182884
2015 1.183236
2016 1.183228
2017 1.182920
2018 1.182602
2019 1.182932
2020 1.181998
2022 1.182592
2023 1.182004
2024 1.181548
2025 1.181704
2026 1.182034
2027 1.181808
2028 1.181938
2029 1.182330
2030 1.182322
2031 1.182550
2032 1.182428
2033 1.182950
2034 1.182842
2035 1.183118
2036 1.183578
2037 1.183628
2038 1.183768
2039 1.183542
2040 1.183582
2042 1.183650
2043 1.183198
2044 1.182688
2045 1.182656
2046 1.182868
2047 1.183246
2048 1.183066
2049 1.182498
2050 1.181912
2051 1.182270
2052 1.181910
2053 1.182100
2054 1.182486
2055 1.182314
2056 1.182378
2057 1.182426
2058 1.181910
2059 1.182196
2060 1.181868
2062 1.181678
2063 1.181836
2064 1.181638
2065 1.181534
2066 1.181718
2067 1.181294
2068 1.181262
2069 1.181242
2070 1.180942
2071 1.180866
2072 1.181786
2073 1.182048
2074 1.181942
2075 1.181844
2076 1.181892
2077 1.181432
2078 1.181290
2079 1.181658
2080 1.181596
2082 1.181372
2083 1.181484
2084 1.181720
2085 1.181904
2086 1.182214
2087 1.181764
2088 1.182250
2089 1.181882
2090 1.181950
2091 1.182274
2092 1.183154
2093 1.183504
2094 1.183242
2095 1.183572
2096 1.183916
2097 1.184208
2098 1.184618
2099 1.184642
2100 1.184442
2102 1.183946
2103 1.183816
2104 1.183426
2105 1.183744
2106 1.183506
2107 1.183294
2108 1.183448
2109 1.183910
2110 1.183510
2111 1.183740
2112 1.184084
2113 1.183636
2114 1.183416
2115 1.183384
2116 1.183290
2117 1.183058
2118 1.183234
2119 1.182982
2120 1.182784
2122 1.182974
2123 1.182558
2124 1.182894
2125 1.183846
2126 1.184172
2127 1.184500
2128 1.184554
2129 1.183762
2130 1.184038
2131 1.183432
2132 1.183622
2133 1.183852
2134 1.183642
2135 1.183522
2136 1.183888
2137 1.183642
2138 1.184360
2139 1.184896
2140 1.184784
2142 1.183812
2143 1.184564
2144 1.184110
2145 1.184074
2146 1.184104
2147 1.183986
2148 1.183342
2149 1.183162
2150 1.183774
2151 1.184276
2152 1.184382
2153 1.184702
2154 1.184246
2155 1.184142
2156 1.184292
2157 1.184304
2158 1.183526
2159 1.183334
2160 1.183766
2162 1.183808
2163 1.184218
2164 1.184492
2165 1.184320
2166 1.184908
2167 1.184890
2168 1.184990
2169 1.185340
2170 1.185948
2171 1.186292
2172 1.185716
2173 1.186026
2174 1.186296
2175 1.186256
2176 1.185660
2177 1.185160
2178 1.184896
2179 1.185056
2180 1.185000
2182 1.184806
2183 1.184474
2184 1.184550
2185 1.184338
2186 1.183864
2187 1.183906
2188 1.183912
2189 1.183684
2190 1.183072
2191 1.182956
2192 1.182700
2193 1.182530
2194 1.183102
2195 1.183432
2196 1.182934
2197 1.183266
2198 1.183362
2199 1.183178
2200 1.183346
2202 1.182972
2203 1.182772
2204 1.183108
2205 1.183208
2206 1.183698
2207 1.184154
2208 1.183850
2209 1.183796
2210 1.183820
2211 1.184082
2212 1.184360
2213 1.183894
2214 1.183920
2215 1.184046
2216 1.184206
2217 1.184660
2218 1.184984
2219 1.185014
2220 1.184572
2222 1.183930
2223 1.184124
2224 1.184536
2225 1.184560
2226 1.183822
2227 1.183694
2228 1.183308
2229 1.182844
2230 1.183136
2231 1.182978
2232 1.182470
2233 1.182650
2234 1.182952
2235 1.183452
2236 1.183794
2237 1.184054
2238 1.183918
2239 1.183664
2240 1.183036
2242 1.183688
2243 1.183512
2244 1.183822
2245 1.184154
2246 1.184528
2247 1.184356
2248 1.184226
2249 1.183464
2250 1.183202
2251 1.183692
2252 1.184432
2253 1.184642
2254 1.184328
2255 1.184158
2256 1.184564
2257 1.184174
2258 1.184610
2259 1.185390
2260 1.185652
2262 1.185624
2263 1.185462
2264 1.185138
2265 1.184474
2266 1.184700
2267 1.184832
2268 1.184652
2269 1.184182
2270 1.184498
2271 1.184348
2272 1.184266
2273 1.184282
2274 1.184904
2275 1.185592
2276 1.185442
2277 1.185034
2278 1.185060
2279 1.185428
2280 1.185476
2282 1.186190
2283 1.185376
2284 1.185304
2285 1.185472
2286 1.185152
2287 1.184828
2288 1.184854
2289 1.184470
2290 1.183658
2291 1.182826
2292 1.182264
2293 1.182470
2294 1.182518
2295 1.183168
2296 1.183162
2297 1.183000
2298 1.182862
2299 1.182932
2300 1.183290
2302 1.184154
2303 1.184288
2304 1.183842
2305 1.183168
2306 1.183492
2307 1.183422
2308 1.183852
2309 1.183946
2310 1.184046
2311 1.184106
2312 1.184680
2313 1.185122
2314 1.185402
2315 1.185554
2316 1.185282
2317 1.184594
2318 1.184584
2319 1.184036
2320 1.184240
2322 1.183380
2323 1.183486
2324 1.184032
2325 1.184698
2326 1.184724
2327 1.184834
2328 1.185132
2329 1.184508
2330 1.183568
2331 1.183570
2332 1.183028
2333 1.182746
2334 1.182640
2335 1.182468
2336 1.182366
2337 1.182588
2338 1.182708
2339 1.182790
2340 1.183140
2342 1.183440
2343 1.183636
2344 1.183896
2345 1.183896
2346 1.183950
2347 1.183452
2348 1.182826
2349 1.182958
2350 1.182892
2351 1.183128
2352 1.182828
2353 1.183118
2354 1.183070
2355 1.182346
2356 1.182460
2357 1.182752
2358 1.183086
2359 1.183040
2360 1.183262
2362 1.183592
2363 1.183822
2364 1.183452
2365 1.183602
2366 1.183108
2367 1.183266
2368 1.183794
2369 1.183858
2370 1.183792
2371 1.183050
2372 1.183226
2373 1.182954
2374 1.183304
2375 1.183456
2376 1.183196
2377 1.183182
2378 1.183086
2379 1.182720
2380 1.182700
2382 1.183416
2383 1.183480
2384 1.183378
2385 1.183348
2386 1.183930
2387 1.183882
2388 1.183700
2389 1.184084
2390 1.183952
2391 1.185060
2392 1.185444
2393 1.185092
2394 1.185462
2395 1.185812
2396 1.185624
2397 1.185758
2398 1.185680
2399 1.185156
2400 1.185520
2402 1.185874
2403 1.186486
2404 1.185250
2405 1.185538
2406 1.185462
2407 1.185144
2408 1.184530
2409 1.184816
2410 1.184206
2411 1.184120
2412 1.184148
2413 1.183726
2414 1.183884
2415 1.183616
2416 1.184082
2417 1.184264
2418 1.184760
2419 1.184342
2420 1.184974
2422 1.185168
2423 1.184944
2424 1.184966
2425 1.184428
2426 1.185080
2427 1.184304
2428 1.184662
2429 1.184702
2430 1.184140
2431 1.184072
2432 1.184252
2433 1.183468
2434 1.183764
2435 1.183490
2436 1.183812
2437 1.183970
2438 1.184206
2439 1.184410
2440 1.184076
2442 1.184932
2443 1.185072
2444 1.185132
2445 1.184730
2446 1.184182
2447 1.183926
2448 1.183738
2449 1.183566
2450 1.183462
2451 1.183584
2452 1.183514
2453 1.183090
2454 1.183492
2455 1.182724
2456 1.182608
2457 1.183784
2458 1.183402
2459 1.182716
2460 1.182916
2462 1.183570
2463 1.183568
2464 1.183966
2465 1.183248
2466 1.182870
2467 1.182848
2468 1.183190
2469 1.182760
2470 1.183114
2471 1.182484
2472 1.183012
2473 1.183440
2474 1.183546
2475 1.183632
2476 1.183408
2477 1.183690
2478 1.183468
2479 1.183386
2480 1.183962
2482 1.184048
2483 1.183786
2484 1.183466
2485 1.183488
2486 1.183210
2487 1.182984
2488 1.182696
2489 1.182168
2490 1.182172
2491 1.182774
2492 1.183132
2493 1.183340
2494 1.183886
2495 1.183522
2496 1.183392
2497 1.183196
2498 1.182618
2499 1.182918
2500 1.183458
2502 1.183528
2503 1.183720
2504 1.184650
2505 1.184572
2506 1.185390
2507 1.185138
2508 1.185790
2509 1.185314
2510 1.184430
2511 1.184252
2512 1.184124
2513 1.184186
2514 1.184112
2515 1.184120
2516 1.184486
2517 1.184900
2518 1.185382
2519 1.185004
2520 1.185056
2522 1.185664
2523 1.185654
2524 1.185868
2525 1.185772
2526 1.185930
2527 1.185188
2528 1.185426
2529 1.185158
2530 1.184364
2531 1.184388
2532 1.184226
2533 1.183320
2534 1.183164
2535 1.182990
2536 1.183016
2537 1.183192
2538 1.183414
2539 1.183240
2540 1.182594
2542 1.181984
2543 1.182072
2544 1.181882
2545 1.182346
2546 1.182408
2547 1.182678
2548 1.182664
2549 1.182176
2550 1.182898
2551 1.182406
2552 1.182446
2553 1.183262
2554 1.183400
2555 1.182784
2556 1.182596
2557 1.183038
2558 1.182944
2559 1.182836
2560 1.182872
2562 1.182088
2563 1.182238
2564 1.181968
2565 1.181924
2566 1.181594
2567 1.181786
2568 1.181578
2569 1.181648
2570 1.181314
2571 1.181472
2572 1.181618
2573 1.181582
2574 1.181308
2575 1.181376
2576 1.181498
2577 1.181436
2578 1.181872
2579 1.181542
2580 1.181762
2582 1.181214
2583 1.181556
2584 1.181718
2585 1.182298
2586 1.182776
2587 1.182802
2588 1.182548
2589 1.182834
2590 1.183020
2591 1.182862
2592 1.182752
2593 1.182572
2594 1.182370
2595 1.182988
2596 1.182568
2597 1.182444
2598 1.182658
2599 1.182564
2600 1.183010
2602 1.183512
2603 1.183490
2604 1.183956
2605 1.184766
2606 1.185086
2607 1.185470
2608 1.185484
2609 1.184940
2610 1.185610
2611 1.185896
2612 1.185876
2613 1.185686
2614 1.185786
2615 1.186384
2616 1.185824
2617 1.186018
2618 1.185808
2619 1.185680
2620 1.186110
2622 1.185768
2623 1.185190
2624 1.184772
2625 1.184438
2626 1.184200
2627 1.184504
2628 1.184118
2629 1.184514
2630 1.184374
2631 1.184026
2632 1.183882
2633 1.184316
2634 1.184402
2635 1.184250
2636 1.184076
2637 1.183750
2638 1.183506
2639 1.183578
2640 1.183348
2642 1.183600
2643 1.183224
2644 1.182826
2645 1.182752
2646 1.182952
2647 1.182696
2648 1.182914
2649 1.182882
2650 1.184180
2651 1.184034
2652 1.184460
2653 1.184920
2654 1.184276
2655 1.184448
2656 1.184412
2657 1.184838
2658 1.184454
2659 1.184046
2660 1.184588
2662 1.184142
2663 1.183580
2664 1.183444
2665 1.183498
2666 1.182998
2667 1.183024
2668 1.183132
2669 1.182824
2670 1.183090
2671 1.182890
2672 1.182664
2673 1.182804
2674 1.182848
2675 1.182260
2676 1.181778
2677 1.181880
2678 1.181834
2679 1.181762
2680 1.182406
2682 1.183772
2683 1.183624
2684 1.183470
2685 1.183410
2686 1.183126
2687 1.182574
2688 1.182740
2689 1.182414
2690 1.183100
2691 1.183308
2692 1.183182
2693 1.182642
2694 1.182872
2695 1.183438
2696 1.182984
2697 1.182966
2698 1.182376
2699 1.182608
2700 1.182582
2702 1.182292
2703 1.182614
2704 1.182842
2705 1.182580
2706 1.181970
2707 1.182054
2708 1.181758
2709 1.182342
2710 1.182134
2711 1.181858
2712 1.181912
2713 1.182160
2714 1.181688
2715 1.181276
2716 1.180962
2717 1.181694
2718 1.181662
2719 1.181586
2720 1.181256
2722 1.181878
2723 1.181838
2724 1.182108
2725 1.182004
2726 1.182626
2727 1.182314
2728 1.182100
2729 1.182720
2730 1.182758
2731 1.182004
2732 1.181974
2733 1.182252
2734 1.183166
2735 1.183796
2736 1.183886
2737 1.183898
2738 1.183920
2739 1.183780
2740 1.183760
2742 1.184224
2743 1.183904
2744 1.183940
2745 1.183822
2746 1.184140
2747 1.184194
2748 1.184220
2749 1.184030
2750 1.184128
2751 1.184280
2752 1.184756
2753 1.184354
2754 1.184606
2755 1.185034
2756 1.185598
2757 1.185492
2758 1.185358
2759 1.185634
2760 1.185972
2762 1.185456
2763 1.185146
2764 1.184900
2765 1.185192
2766 1.184718
2767 1.183918
2768 1.184160
2769 1.184038
2770 1.183334
2771 1.183554
2772 1.182530
2773 1.182270
2774 1.183276
2775 1.183644
2776 1.183606
2777 1.183446
2778 1.183258
2779 1.183452
2780 1.183690
2782 1.183802
2783 1.183620
2784 1.183528
2785 1.183300
2786 1.183374
2787 1.183580
2788 1.183404
2789 1.183252
2790 1.182906
2791 1.183070
2792 1.183306
2793 1.182808
2794 1.183170
2795 1.183198
2796 1.182590
2797 1.182046
2798 1.181396
2799 1.181252
2800 1.180700
2802 1.180532
2803 1.180740
2804 1.180698
2805 1.180938
2806 1.180900
2807 1.180690
2808 1.180536
2809 1.181496
2810 1.181982
2811 1.181862
2812 1.181836
2813 1.181484
2814 1.181440
2815 1.180580
2816 1.180546
2817 1.180082
2818 1.180432
2819 1.180416
2820 1.180646
2822 1.180834
2823 1.180872
2824 1.181214
2825 1.181902
2826 1.182294
2827 1.182654
2828 1.182264
2829 1.182012
2830 1.182234
2831 1.182700
2832 1.182870
2833 1.183040
2834 1.182900
2835 1.182918
2836 1.182716
2837 1.182782
2838 1.183202
2839 1.182598
2840 1.182938
2842 1.183128
2843 1.183394
2844 1.183344
2845 1.183812
2846 1.183264
2847 1.182904
2848 1.182698
2849 1.183122
2850 1.182854
2851 1.182770
2852 1.182720
2853 1.182954
2854 1.182970
2855 1.183024
2856 1.182500
2857 1.183172
2858 1.182830
2859 1.182824
2860 1.182752
2862 1.183174
2863 1.182792
2864 1.182976
2865 1.183108
2866 1.182990
2867 1.183706
2868 1.182944
2869 1.183230
2870 1.182144
2871 1.181918
2872 1.181844
2873 1.181866
2874 1.181902
2875 1.182244
2876 1.182248
2877 1.182522
2878 1.182376
2879 1.182024
2880 1.182526
2882 1.182882
2883 1.182460
2884 1.183044
2885 1.183394
2886 1.183728
2887 1.183820
2888 1.183582
2889 1.183354
2890 1.183170
2891 1.183398
2892 1.183644
2893 1.183606
2894 1.183236
2895 1.183684
2896 1.184216
2897 1.184696
2898 1.184314
2899 1.184340
2900 1.184778
2902 1.184582
2903 1.183888
2904 1.184834
2905 1.184662
2906 1.183824
2907 1.184334
2908 1.183754
2909 1.184004
2910 1.183896
2911 1.183500
2912 1.183352
2913 1.183774
2914 1.184216
2915 1.184108
2916 1.184756
2917 1.184422
2918 1.183588
2919 1.183708
2920 1.183928
2922 1.184218
2923 1.184200
2924 1.184498
2925 1.184414
2926 1.184582
2927 1.183724
2928 1.184634
2929 1.185172
2930 1.184984
2931 1.184884
2932 1.184624
2933 1.184544
2934 1.184362
2935 1.184328
2936 1.184824
2937 1.184474
2938 1.184252
2939 1.183884
2940 1.183496
2942 1.183432
2943 1.183356
2944 1.183032
2945 1.183302
2946 1.183052
2947 1.183048
2948 1.183196
2949 1.182092
2950 1.181984
2951 1.182288
2952 1.182244
2953 1.182256
2954 1.182686
2955 1.183098
2956 1.183054
2957 1.182916
2958 1.182286
2959 1.182080
2960 1.182306
2962 1.182514
2963 1.182902
2964 1.183070
2965 1.183718
2966 1.183970
2967 1.183256
2968 1.183342
2969 1.183822
2970 1.184014
2971 1.183654
2972 1.184586
2973 1.184068
2974 1.184200
2975 1.183374
2976 1.183696
2977 1.183290
2978 1.182906
2979 1.182896
2980 1.182776
2982 1.182260
2983 1.182094
2984 1.181850
2985 1.182072
2986 1.181668
2987 1.181618
2988 1.181576
2989 1.181250
2990 1.180932
2991 1.180054
2992 1.180534
2993 1.181096
2994 1.182082
2995 1.181454
2996 1.181018
2997 1.181166
2998 1.180442
2999 1.180514
3000 1.180794
3002 1.181024
3003 1.180834
3004 1.180286
3005 1.179880
3006 1.180686
3007 1.181468
3008 1.181808
3009 1.181774
3010 1.181864
3011 1.181858
3012 1.181510
3013 1.181644
3014 1.181566
3015 1.181586
3016 1.181804
3017 1.182084
3018 1.181448
3019 1.181432
3020 1.181238
3022 1.181476
3023 1.181084
3024 1.180570
3025 1.181144
3026 1.181208
3027 1.181254
3028 1.180410
3029 1.180712
3030 1.180432
3031 1.180768
3032 1.180590
3033 1.180306
3034 1.179892
3035 1.180342
3036 1.180928
3037 1.181146
3038 1.181284
3039 1.181090
3040 1.181568
3042 1.181358
3043 1.181698
3044 1.181984
3045 1.181950
3046 1.181452
3047 1.181708
3048 1.181788
3049 1.181718
3050 1.182112
3051 1.182336
3052 1.182198
3053 1.181718
3054 1.181488
3055 1.181480
3056 1.181754
3057 1.181746
3058 1.182126
3059 1.181918
3060 1.181390
3062 1.181762
3063 1.181892
3064 1.182208
3065 1.182598
3066 1.183358
3067 1.182452
3068 1.182372
3069 1.182276
3070 1.182032
3071 1.182346
3072 1.182304
3073 1.182780
3074 1.182526
3075 1.182232
3076 1.182422
3077 1.181596
3078 1.180778
3079 1.180706
3080 1.181228
3082 1.181786
3083 1.181894
3084 1.182186
3085 1.181932
3086 1.181976
3087 1.182044
3088 1.182066
3089 1.181300
3090 1.181204
3091 1.181342
3092 1.180972
3093 1.180600
3094 1.180716
3095 1.181080
3096 1.181124
3097 1.180920
3098 1.181222
3099 1.181248
3100 1.181830
3102 1.181544
3103 1.181408
3104 1.181562
3105 1.181480
3106 1.182240
3107 1.182484
3108 1.182618
3109 1.182784
3110 1.182664
3111 1.182336
3112 1.182934
3113 1.182928
3114 1.182736
3115 1.183060
3116 1.183584
3117 1.183414
3118 1.183520
3119 1.184422
3120 1.184504
3122 1.185496
3123 1.185768
3124 1.185922
3125 1.185442
3126 1.185200
3127 1.185356
3128 1.184734
3129 1.184920
3130 1.185336
3131 1.185508
3132 1.186022
3133 1.185660
3134 1.185462
3135 1.185424
3136 1.185626
3137 1.185206
3138 1.185206
3139 1.185394
3140 1.184810
3142 1.184510
3143 1.184788
3144 1.185084
3145 1.184340
3146 1.185044
3147 1.184906
3148 1.184716
3149 1.184400
3150 1.184154
3151 1.184736
3152 1.184816
3153 1.185244
3154 1.184782
3155 1.184832
3156 1.184450
3157 1.183974
3158 1.184204
3159 1.183662
3160 1.183056
3162 1.183344
3163 1.182694
3164 1.182568
3165 1.182418
3166 1.181784
3167 1.182198
3168 1.181640
3169 1.180490
3170 1.180892
3171 1.180534
3172 1.181280
3173 1.181406
3174 1.181394
3175 1.181408
3176 1.181316
3177 1.181274
3178 1.181946
3179 1.181680
3180 1.181958
3182 1.181758
3183 1.181842
3184 1.182550
3185 1.182904
3186 1.182880
3187 1.183450
3188 1.183230
3189 1.183066
3190 1.183070
3191 1.183536
3192 1.184262
3193 1.183982
3194 1.183888
3195 1.184054
3196 1.183620
3197 1.183784
3198 1.183756
3199 1.184566
3200 1.183796
3202 1.183242
3203 1.183214
3204 1.183664
3205 1.183364
3206 1.183236
3207 1.183066
3208 1.183624
3209 1.184332
3210 1.184660
3211 1.184982
3212 1.185198
3213 1.185540
3214 1.185790
3215 1.185614
3216 1.185254
3217 1.184878
3218 1.184816
3219 1.184760
3220 1.184776
3222 1.183662
3223 1.184008
3224 1.184564
3225 1.184532
3226 1.184430
3227 1.183894
3228 1.183634
3229 1.183128
3230 1.183372
3231 1.184020
3232 1.183790
3233 1.183346
3234 1.183852
3235 1.183938
3236 1.183990
3237 1.184576
3238 1.184314
3239 1.184484
3240 1.184046
3242 1.184030
3243 1.184728
3244 1.184608
3245 1.185014
3246 1.184880
3247 1.184138
3248 1.183852
3249 1.183442
3250 1.183616
3251 1.184096
3252 1.184588
3253 1.184160
3254 1.183840
3255 1.183572
3256 1.183746
3257 1.183946
3258 1.184280
3259 1.183936
3260 1.182962
3262 1.183226
3263 1.183446
3264 1.183676
3265 1.184316
3266 1.183974
3267 1.184116
3268 1.184236
3269 1.184406
3270 1.184186
3271 1.183648
3272 1.184082
3273 1.183970
3274 1.183704
3275 1.183632
3276 1.183462
3277 1.182682
3278 1.183088
3279 1.182994
3280 1.182860
3282 1.182110
3283 1.182464
3284 1.182548
3285 1.182238
3286 1.182690
3287 1.182482
3288 1.182298
3289 1.182320
3290 1.182696
3291 1.183094
3292 1.182534
3293 1.182286
3294 1.182168
3295 1.181514
3296 1.181478
3297 1.182054
3298 1.182038
3299 1.182036
3300 1.182656
3302 1.183090
3303 1.183002
3304 1.182548
3305 1.182888
3306 1.182672
3307 1.182288
3308 1.182590
3309 1.182692
3310 1.182868
3311 1.182968
3312 1.182770
3313 1.182766
3314 1.182822
3315 1.182820
3316 1.182600
3317 1.183002
3318 1.183082
3319 1.183370
3320 1.183900
3322 1.183914
3323 1.183786
3324 1.183716
3325 1.184276
3326 1.183760
3327 1.183904
3328 1.183632
3329 1.183678
3330 1.183688
3331 1.183762
3332 1.183330
3333 1.182972
3334 1.182840
3335 1.183156
3336 1.183680
3337 1.183966
3338 1.184030
3339 1.184628
3340 1.184732
3342 1.184608
3343 1.184168
3344 1.184108
3345 1.184028
3346 1.184034
3347 1.183666
3348 1.182938
3349 1.182488
3350 1.182586
3351 1.182652
3352 1.182672
3353 1.182804
3354 1.182614
3355 1.182574
3356 1.182454
3357 1.182212
3358 1.182458
3359 1.182342
3360 1.181954
3362 1.182300
3363 1.182372
3364 1.183060
3365 1.182838
3366 1.183268
3367 1.183174
3368 1.183104
3369 1.183280
3370 1.183400
3371 1.183418
3372 1.183338
3373 1.183702
3374 1.183742
3375 1.183464
3376 1.183022
3377 1.183228
3378 1.183554
3379 1.183654
3380 1.183390
3382 1.182940
3383 1.182172
3384 1.182144
3385 1.182214
3386 1.182098
3387 1.182362
3388 1.182136
3389 1.181894
3390 1.181822
3391 1.181634
3392 1.181644
3393 1.181752
3394 1.182556
3395 1.182216
3396 1.182986
3397 1.183438
3398 1.183352
3399 1.183524
3400 1.182998
3402 1.183416
3403 1.183248
3404 1.183494
3405 1.182552
3406 1.182724
3407 1.183238
3408 1.183390
3409 1.183274
3410 1.182816
3411 1.182908
3412 1.182774
3413 1.182336
3414 1.182214
3415 1.182226
3416 1.183038
3417 1.182840
3418 1.182692
3419 1.182598
3420 1.182442
3422 1.182122
3423 1.182300
3424 1.181966
3425 1.181886
3426 1.182588
3427 1.182616
3428 1.182942
3429 1.183334
3430 1.183050
3431 1.182632
3432 1.182678
3433 1.182812
3434 1.183048
3435 1.182750
3436 1.182916
3437 1.183386
3438 1.183718
3439 1.184052
3440 1.183948
3442 1.183912
3443 1.183816
3444 1.183900
3445 1.183882
3446 1.184024
3447 1.184004
3448 1.184168
3449 1.183464
3450 1.184496
3451 1.184140
3452 1.184252
3453 1.184544
3454 1.184356
3455 1.184392
3456 1.184880
3457 1.184820
3458 1.185286
3459 1.185406
3460 1.184936
3462 1.185656
3463 1.186306
3464 1.185848
3465 1.185610
3466 1.185286
3467 1.185646
3468 1.185304
3469 1.185688
3470 1.185710
3471 1.185602
3472 1.184920
3473 1.184526
3474 1.184616
3475 1.184250
3476 1.184476
3477 1.184610
3478 1.184574
3479 1.184418
3480 1.184204
3482 1.184002
3483 1.184224
3484 1.183744
3485 1.183684
3486 1.183818
3487 1.184426
3488 1.183842
3489 1.183702
3490 1.183454
3491 1.183804
3492 1.184030
3493 1.184556
3494 1.184690
3495 1.184144
3496 1.184080
3497 1.183768
3498 1.183732
3499 1.183694
3500 1.183634


Active cycles: 2000
k_mean: 1.183280
k_stddev(cycle): 0.001187
k_stderr(mean): 0.000027
