1 0.591214
2 1.079450
3 1.109697
4 1.129134
5 1.142299
6 1.150124
7 1.155246
8 1.162643
9 1.164911
10 1.170271
11 1.169294
12 1.173054
13 1.173305
14 1.175871
15 1.176439
16 1.177153
17 1.178643
18 1.178602
19 1.178514
20 1.180184
21 1.178646
22 1.181500
23 1.181659
24 1.179705
25 1.180746
26 1.181987
27 1.180099
28 1.180793
29 1.181085
30 1.180904
31 1.180651
32 1.181533
33 1.181921
34 1.180115
35 1.181099
36 1.181035
37 1.181715
38 1.180814
39 1.180590
40 1.181432
41 1.181881
42 1.181134
43 1.179954
44 1.182216
45 1.181310
46 1.181496
47 1.182947
48 1.181985
49 1.181683
50 1.181880
51 1.180474
52 1.181571
53 1.182322
54 1.183643
55 1.181773
56 1.183804
57 1.182082
58 1.182007
59 1.181024
60 1.181867
61 1.182507
62 1.181554
63 1.182802
64 1.180999
65 1.182702
66 1.181796
67 1.183135
68 1.181501
69 1.182001
70 1.180652
71 1.181654
72 1.183274
73 1.181190
74 1.182446
75 1.181992
76 1.183397
77 1.181777
78 1.182283
79 1.182812
80 1.182214
81 1.181709
82 1.182893
83 1.182878
84 1.182910
85 1.183475
86 1.180888
87 1.182610
88 1.181263
89 1.182681
90 1.183652
91 1.182284
92 1.182336
93 1.180114
94 1.181852
95 1.182734
96 1.181414
97 1.181344
98 1.182144
99 1.183564
100 1.182803
101 1.182460
102 1.180253
103 1.182062
104 1.182300
105 1.182346
106 1.182840
107 1.182705
108 1.182587
109 1.182195
110 1.182955
111 1.182773
112 1.182836
113 1.182564
114 1.182764
115 1.181882
116 1.183340
117 1.183518
118 1.181938
119 1.184724
120 1.181814
121 1.181958
122 1.184267
123 1.183111
124 1.182015
125 1.184380
126 1.182884
127 1.182246
128 1.184604
129 1.182655
130 1.182512
131 1.182641
132 1.181662
133 1.183687
134 1.182459
135 1.183718
136 1.183568
137 1.182037
138 1.181609
139 1.183242
140 1.181926
141 1.181283
142 1.182055
143 1.183445
144 1.182334
145 1.183756
146 1.184487
147 1.182296
148 1.182003
149 1.181649
150 1.182841
151 1.182376
152 1.183232
153 1.183932
154 1.183926
155 1.182912
156 1.182684
157 1.183522
158 1.182386
159 1.182433
160 1.182269
161 1.183220
162 1.181230
163 1.181937
164 1.183441
165 1.182886
166 1.182982
167 1.181952
168 1.182983
169 1.182284
170 1.182904
171 1.181853
172 1.182460
173 1.184187
174 1.183502
175 1.183899
176 1.183626
177 1.183807
178 1.183896
179 1.183365
180 1.182800
181 1.181129
182 1.183099
183 1.182090
184 1.183269
185 1.183361
186 1.183639
187 1.183367
188 1.181854
189 1.183964
190 1.183437
191 1.181946
192 1.183288
193 1.186051
194 1.180652
195 1.183180
196 1.181920
197 1.182070
198 1.181086
199 1.181331
200 1.182642
201 1.181314
202 1.182851
203 1.182877
204 1.182960
205 1.183688
206 1.184395
207 1.182864
208 1.183223
209 1.185533
210 1.183543
211 1.182617
212 1.183730
213 1.181533
214 1.182212
215 1.184161
216 1.182431
217 1.184786
218 1.184017
219 1.182854
220 1.183192
221 1.183752
222 1.182816
223 1.181924
224 1.181886
225 1.184818
226 1.183454
227 1.182902
228 1.182134
229 1.181959
230 1.182723
231 1.183277
232 1.181714
233 1.182428
234 1.181849
235 1.183926
236 1.182992
237 1.184923
238 1.182801
239 1.184466
240 1.183720
241 1.182954
242 1.183378
243 1.184495
244 1.184215
245 1.183814
246 1.183664
247 1.184279
248 1.183214
249 1.182893
250 1.184547
251 1.183766
252 1.182203
253 1.183200
254 1.183860
255 1.184889
256 1.183738
257 1.183782
258 1.182874
259 1.182120
260 1.183392
261 1.182530
262 1.183536
263 1.184252
264 1.183802
265 1.184333
266 1.182997
267 1.182473
268 1.183057
269 1.181681
270 1.183186
271 1.184862
272 1.181830
273 1.182529
274 1.183126
275 1.183606
276 1.183649
277 1.183112
278 1.182928
279 1.183339
280 1.182751
281 1.183101
282 1.183436
283 1.182216
284 1.181494
285 1.180908
286 1.183002
287 1.182134
288 1.183883
289 1.182777
290 1.181280
291 1.183046
292 1.182949
293 1.183634
294 1.183482
295 1.183408
296 1.182124
297 1.185104
298 1.182957
299 1.182622
300 1.182850
301 1.182865
302 1.183945
303 1.184253
304 1.182122
305 1.182834
306 1.184987
307 1.181490
308 1.183139
309 1.183137
310 1.183937
311 1.181759
312 1.180727
313 1.182997
314 1.182308
315 1.182894
316 1.184612
317 1.182569
318 1.182626
319 1.183079
320 1.183209
321 1.183530
322 1.183409
323 1.184451
324 1.182757
325 1.183495
326 1.183800
327 1.182395
328 1.183956
329 1.182874
330 1.184537
331 1.183746
332 1.184263
333 1.182921
334 1.183114
335 1.183420
336 1.183363
337 1.182949
338 1.182428
339 1.181743
340 1.184134
341 1.182666
342 1.183470
343 1.184066
344 1.182560
345 1.182176
346 1.183503
347 1.184007
348 1.184136
349 1.184804
350 1.182865
351 1.183816
352 1.182987
353 1.182603
354 1.181814
355 1.183417
356 1.183326
357 1.181643
358 1.182505
359 1.184289
360 1.181895
361 1.181666
362 1.182736
363 1.182857
364 1.183430
365 1.183477
366 1.182820
367 1.182951
368 1.184179
369 1.183146
370 1.181706
371 1.183123
372 1.182424
373 1.183220
374 1.182649
375 1.183365
376 1.183392
377 1.182756
378 1.182974
379 1.184124
380 1.183653
381 1.183478
382 1.183594
383 1.183139
384 1.182697
385 1.183726
386 1.184271
387 1.182789
388 1.181870
389 1.183622
390 1.183383
391 1.183119
392 1.183410
393 1.184708
394 1.182628
395 1.183747
396 1.184323
397 1.182941
398 1.183056
399 1.182736
400 1.183369
401 1.182708


Active cycles: 300
k_mean: 1.183033
k_stddev(cycle): 0.000912
k_stderr(mean): 0.000053
Difference with the reference K: -0.000777, Per cent error: -0.065671
Reactivity(rho): 0.154715, pcm difference: -55.511113
Total Time: 364.862315seconds. Average: 0.909881 seconds per cycle.
