1 0.989512
2 0.984560
3 0.982712
4 0.983136
5 0.983346
6 0.982824
7 0.982488
8 0.981744
9 0.980476
10 0.979156
11 0.977864
12 0.976624
13 0.975496
14 0.974556
15 0.974240
16 0.972634
17 0.971950
18 0.971564
19 0.971446
20 0.971214
21 0.971648
22 0.971816
23 0.972214
24 0.972816
25 0.972654
26 0.973400
27 0.974428
28 0.976202
29 0.977298
30 0.977658
31 0.979192
32 0.980264
33 0.981596
34 0.982642
35 0.982986
36 0.983424
37 0.984416
38 0.985648
39 0.987172
40 0.988540
41 0.990420
42 0.992284
43 0.993382
44 0.995076
45 0.996952
46 0.998698
47 1.000914
48 1.002960
49 1.004496
50 1.007116
51 1.008102
52 1.009622
53 1.011736
54 1.013500
55 1.014998
56 1.016478
57 1.018032
58 1.020318
59 1.022512
60 1.024314
61 1.026588
62 1.028578
63 1.030946
64 1.032686
65 1.035040
66 1.036314
67 1.038722
68 1.040406
69 1.041876
70 1.043792
71 1.045568
72 1.047098
73 1.049108
74 1.050958
75 1.052674
76 1.053986
77 1.055934
78 1.058688
79 1.060454
80 1.061744
81 1.063578
82 1.065082
83 1.066474
84 1.068046
85 1.069874
86 1.072252
87 1.073926
88 1.075796
89 1.076780
90 1.078772
91 1.080022
92 1.081144
93 1.081526
94 1.082416
95 1.083358
96 1.084098
97 1.085768
98 1.087722
99 1.089464
100 1.091260
101 1.091714
102 1.093022
103 1.094312
104 1.095744
105 1.097152
106 1.098676
107 1.099606
108 1.101176
109 1.102058
110 1.103628
111 1.104330
112 1.105164
113 1.106304
114 1.107084
115 1.107550
116 1.108782
117 1.110104
118 1.110926
119 1.111798
120 1.112978
121 1.113932
122 1.115674
123 1.116122
124 1.117668
125 1.118422
126 1.119040
127 1.120434
128 1.120696
129 1.121022
130 1.122434
131 1.123798
132 1.124600
133 1.125162
134 1.125888
135 1.126276
136 1.127118
137 1.127856
138 1.128470
139 1.129384
140 1.130754
141 1.131866
142 1.133482
143 1.133988
144 1.135418
145 1.135974
146 1.136808
147 1.137256
148 1.137446
149 1.137586
150 1.137964
151 1.138732
152 1.139596
153 1.139322
154 1.139696
155 1.140512
156 1.141026
157 1.141474
158 1.142198
159 1.142584
160 1.143186
161 1.143084
162 1.143772
163 1.144238
164 1.144524
165 1.145492
166 1.146072
167 1.147516
168 1.147472
169 1.148470
170 1.148728
171 1.149034
172 1.149022
173 1.149714
174 1.150580
175 1.151278
176 1.151704
177 1.151350
178 1.151862
179 1.152198
180 1.152274
181 1.152378
182 1.152642
183 1.152568
184 1.152824
185 1.153052
186 1.153398
187 1.153440
188 1.153514
189 1.153958
190 1.154150
191 1.155274
192 1.155440
193 1.155144
194 1.155022
195 1.155456
196 1.155636
197 1.156288
198 1.156510
199 1.156844
200 1.157246
201 1.157612
202 1.158240
203 1.158522
204 1.158630
205 1.158858
206 1.158884
207 1.159162
208 1.159440
209 1.159556
210 1.159556
211 1.159602
212 1.159366
213 1.159736
214 1.159716
215 1.159632
216 1.159486
217 1.159568
218 1.159506
219 1.159754
220 1.160416
221 1.160884
222 1.161506
223 1.161932
224 1.162290
225 1.162092
226 1.162168
227 1.161856
228 1.161838
229 1.161596
230 1.161710
231 1.162168
232 1.162862
233 1.162668
234 1.162264
235 1.162164
236 1.162478
237 1.162750
238 1.163098
239 1.162600
240 1.162850
241 1.163312
242 1.164094
243 1.164092
244 1.163960
245 1.163580
246 1.163376
247 1.162896
248 1.162950
249 1.163616
250 1.163302
251 1.163010
252 1.163374
253 1.163698
254 1.164092
255 1.163856
256 1.163782
257 1.163226
258 1.163172
259 1.163816
260 1.163912
261 1.164496
262 1.164972
263 1.165146
264 1.165296
265 1.166446
266 1.166638
267 1.166874
268 1.166574
269 1.167190
270 1.167624
271 1.167852
272 1.168340
273 1.168282
274 1.168656
275 1.169212
276 1.169294
277 1.169344
278 1.169242
279 1.170108
280 1.170460
281 1.169958
282 1.170690
283 1.170782
284 1.171010
285 1.171584
286 1.171402
287 1.172192
288 1.172542
289 1.172172
290 1.172018
291 1.172102
292 1.171972
293 1.171732
294 1.171978
295 1.171724
296 1.171500
297 1.171168
298 1.171558
299 1.171084
300 1.171782
301 1.172348
302 1.172344
303 1.172820
304 1.172770
305 1.173040
306 1.173282
307 1.173124
308 1.173444
309 1.173994
310 1.173938
311 1.173918
312 1.173774
313 1.174306
314 1.174016
315 1.173908
316 1.173856
317 1.173214
318 1.172784
319 1.173236
320 1.173310
321 1.173258
322 1.172848
323 1.172588
324 1.172802
325 1.173672
326 1.173432
327 1.173248
328 1.172924
329 1.173366
330 1.173106
331 1.173328
332 1.173734
333 1.173354
334 1.173444
335 1.172540
336 1.173846
337 1.173310
338 1.173690
339 1.173400
340 1.172830
341 1.173492
342 1.173206
343 1.173700
344 1.173658
345 1.173740
346 1.173854
347 1.173294
348 1.173652
349 1.173642
350 1.173648
351 1.173558
352 1.173678
353 1.173412
354 1.173230
355 1.173680
356 1.173478
357 1.173490
358 1.173414
359 1.173418
360 1.173502
361 1.174000
362 1.174082
363 1.174628
364 1.174870
365 1.175090
366 1.175722
367 1.175716
368 1.175308
369 1.175050
370 1.175290
371 1.175932
372 1.176530
373 1.176082
374 1.176580
375 1.176458
376 1.176294
377 1.176076
378 1.175338
379 1.175796
380 1.175944
381 1.175702
382 1.175110
383 1.175364
384 1.175674
385 1.175506
386 1.175706
387 1.175330
388 1.175576
389 1.175514
390 1.175784
391 1.176074
392 1.175070
393 1.175546
394 1.176106
395 1.175986
396 1.175756
397 1.175576
398 1.175224
399 1.175674
400 1.175564
401 1.175006
402 1.175150
403 1.175328
404 1.175258
405 1.175102
406 1.175414
407 1.175298
408 1.175282
409 1.175664
410 1.175904
411 1.176178
412 1.175732
413 1.176246
414 1.176516
415 1.176572
416 1.176586
417 1.176134
418 1.176548
419 1.176514
420 1.176582
421 1.176860
422 1.176480
423 1.176748
424 1.176696
425 1.176376
426 1.176522
427 1.176584
428 1.176588
429 1.176410
430 1.176044
431 1.176042
432 1.177066
433 1.176712
434 1.177178
435 1.177886
436 1.177512
437 1.177214
438 1.177186
439 1.177116
440 1.176648
441 1.176298
442 1.177016
443 1.176804
444 1.176832
445 1.176828
446 1.176874
447 1.176714
448 1.176762
449 1.176648
450 1.176660
451 1.176874
452 1.177422
453 1.177704
454 1.177592
455 1.177444
456 1.177384
457 1.176752
458 1.176108
459 1.176100
460 1.176462
461 1.175850
462 1.175948
463 1.176662
464 1.177196
465 1.178172
466 1.177836
467 1.178556
468 1.178566
469 1.178906
470 1.178626
471 1.179366
472 1.179424
473 1.179542
474 1.179674
475 1.179794
476 1.179338
477 1.179768
478 1.179752
479 1.180146
480 1.179732
481 1.179646
482 1.179378
483 1.179998
484 1.179828
485 1.179950
486 1.179590
487 1.179462
488 1.179772
489 1.179832
490 1.180398
491 1.180038
492 1.180272
493 1.180590
494 1.180552
495 1.180724
496 1.180594
497 1.180318
498 1.180088
499 1.180366
500 1.180482
501 1.180360
502 1.180302
503 1.180112
504 1.180306
505 1.179896
506 1.179428
507 1.179772
508 1.180060
509 1.179854
510 1.179712
511 1.179938
512 1.180102
513 1.179766
514 1.180494
515 1.180212
516 1.180480
517 1.180514
518 1.180716
519 1.180756
520 1.180546
521 1.180556
522 1.180782
523 1.180962
524 1.180514
525 1.180256
526 1.180288
527 1.180698
528 1.180648
529 1.180420
530 1.180702
531 1.180770
532 1.181208
533 1.181256
534 1.180192
535 1.180506
536 1.180452
537 1.180118
538 1.180334
539 1.180230
540 1.179708
541 1.180444
542 1.180728
543 1.180704
544 1.180822
545 1.180730
546 1.180370
547 1.180318
548 1.180344
549 1.179738
550 1.179810
551 1.180198
552 1.179702
553 1.179934
554 1.180270
555 1.180706
556 1.180482
557 1.179890
558 1.179534
559 1.179442
560 1.179482
561 1.179484
562 1.180018
563 1.180650
564 1.180180
565 1.179640
566 1.179166
567 1.179260
568 1.179288
569 1.179978
570 1.179958
571 1.180592
572 1.180834
573 1.180418
574 1.180122
575 1.180824
576 1.180580
577 1.180768
578 1.180742
579 1.180760
580 1.181146
581 1.181106
582 1.181060
583 1.181060
584 1.181430
585 1.181218
586 1.180236
587 1.180496
588 1.180916
589 1.180924
590 1.180578
591 1.180232
592 1.180286
593 1.179928
594 1.179766
595 1.180398
596 1.180544
597 1.180926
598 1.181600
599 1.181154
600 1.180632
601 1.180448
602 1.180134
603 1.180038
604 1.180094
605 1.179920
606 1.179866
607 1.180318
608 1.180316
609 1.179694
610 1.179856
611 1.179872
612 1.180052
613 1.180004
614 1.179966
615 1.180838
616 1.181024
617 1.180704
618 1.180630
619 1.180098
620 1.180552
621 1.180290
622 1.180306
623 1.180806
624 1.180570
625 1.180430
626 1.180476
627 1.180636
628 1.180784
629 1.180202
630 1.179844
631 1.179790
632 1.179826
633 1.179540
634 1.179502
635 1.179416
636 1.179624
637 1.179764
638 1.180378
639 1.180888
640 1.181304
641 1.181238
642 1.181406
643 1.181182
644 1.181018
645 1.180292
646 1.180334
647 1.180472
648 1.180564
649 1.180312
650 1.180394
651 1.180234
652 1.180092
653 1.180262
654 1.180284
655 1.180338
656 1.180044
657 1.179518
658 1.179388
659 1.179570
660 1.179602
661 1.180006
662 1.179838
663 1.180292
664 1.180276
665 1.180398
666 1.180328
667 1.180654
668 1.180292
669 1.180560
670 1.180030
671 1.180142
672 1.180472
673 1.180824
674 1.180182
675 1.179972
676 1.180512
677 1.181474
678 1.181868
679 1.181244
680 1.181124
681 1.181354
682 1.181364
683 1.181104
684 1.181724
685 1.181374
686 1.181176
687 1.180980
688 1.180684
689 1.180238
690 1.180570
691 1.180488
692 1.180256
693 1.180292
694 1.180412
695 1.180798
696 1.180514
697 1.181256
698 1.181392
699 1.181802
700 1.182044
701 1.182164
702 1.182648
703 1.182356
704 1.182612
705 1.181904
706 1.181312
707 1.181226
708 1.181346
709 1.180916
710 1.180830
711 1.181070
712 1.181268
713 1.181630
714 1.181228
715 1.181816
716 1.180652
717 1.181030
718 1.180580
719 1.180314
720 1.180382
721 1.180408
722 1.181420
723 1.181696
724 1.182142
725 1.182466
726 1.182758
727 1.183034
728 1.182640
729 1.182680
730 1.183142
731 1.183066
732 1.182692
733 1.182844
734 1.182882
735 1.183236
736 1.183312
737 1.183498
738 1.183026
739 1.183052
740 1.183166
741 1.183346
742 1.182936
743 1.182346
744 1.183458
745 1.183686
746 1.183388
747 1.183352
748 1.183076
749 1.182864
750 1.182554
751 1.182194
752 1.182258
753 1.182298
754 1.182188
755 1.182506
756 1.182608
757 1.183246
758 1.183360
759 1.183414
760 1.183922
761 1.184040
762 1.183590
763 1.183604
764 1.183114
765 1.183192
766 1.183494
767 1.183110
768 1.183120
769 1.183454
770 1.183144
771 1.183378
772 1.182558
773 1.182902
774 1.182890
775 1.183268
776 1.182880
777 1.182872
778 1.182702
779 1.182002
780 1.182660
781 1.182850
782 1.182030
783 1.181992
784 1.182336
785 1.182116
786 1.181948
787 1.181766
788 1.182498
789 1.182562
790 1.182346
791 1.182778
792 1.182172
793 1.182218
794 1.181948
795 1.182550
796 1.182372
797 1.182422
798 1.182720
799 1.183112
800 1.182812
801 1.182832
802 1.183338
803 1.183446
804 1.183546
805 1.184006
806 1.184082
807 1.183612
808 1.184118
809 1.183688
810 1.184034
811 1.183782
812 1.184292
813 1.184268
814 1.183870
815 1.183768
816 1.183240
817 1.182582
818 1.182764
819 1.182554
820 1.182240
821 1.182800
822 1.182122
823 1.181836
824 1.181642
825 1.182130
826 1.182550
827 1.182304
828 1.182922
829 1.182512
830 1.182668
831 1.182356
832 1.182336
833 1.182664
834 1.182242
835 1.181832
836 1.182216
837 1.182116
838 1.182446
839 1.182354
840 1.182650
841 1.182480
842 1.182320
843 1.182300
844 1.182210
845 1.182386
846 1.182126
847 1.182034
848 1.181988
849 1.181944
850 1.181942
851 1.182616
852 1.183196
853 1.183544
854 1.183634
855 1.184750
856 1.184162
857 1.184246
858 1.184562
859 1.184410
860 1.184310
861 1.184616
862 1.184612
863 1.184224
864 1.184918
865 1.184470
866 1.184440
867 1.184434
868 1.184200
869 1.184650
870 1.184314
871 1.183920
872 1.184436
873 1.184666
874 1.184158
875 1.184978
876 1.185088
877 1.184470
878 1.184686
879 1.184808
880 1.184568
881 1.184396
882 1.183500
883 1.183802
884 1.183300
885 1.183416
886 1.182916
887 1.182282
888 1.182072
889 1.182682
890 1.182926
891 1.182356
892 1.182744
893 1.183224
894 1.183112
895 1.182830
896 1.182674
897 1.182572
898 1.182102
899 1.181906
900 1.181916
901 1.181836
902 1.181786
903 1.182256
904 1.182192
905 1.182206
906 1.182076
907 1.182238
908 1.181992
909 1.182040
910 1.181764
911 1.181198
912 1.180918
913 1.181136
914 1.180538
915 1.180360
916 1.180310
917 1.180810
918 1.181502
919 1.181664
920 1.182030
921 1.182480
922 1.182764
923 1.183170
924 1.182972
925 1.182420
926 1.182196
927 1.181366
928 1.181830
929 1.181726
930 1.181156
931 1.181162
932 1.180726
933 1.180048
934 1.180178
935 1.180558
936 1.180222
937 1.179926
938 1.180286
939 1.180232
940 1.179826
941 1.180228
942 1.180484
943 1.180310
944 1.179888
945 1.179496
946 1.179236
947 1.178942
948 1.178998
949 1.179088
950 1.178436
951 1.178338
952 1.178592
953 1.178976
954 1.179192
955 1.179432
956 1.179598
957 1.179528
958 1.179972
959 1.180742
960 1.180416
961 1.180186
962 1.179976
963 1.180012
964 1.179872
965 1.178942
966 1.179240
967 1.179616
968 1.179810
969 1.178864
970 1.178940
971 1.178524
972 1.178506
973 1.179370
974 1.179396
975 1.179870
976 1.180020
977 1.180110
978 1.179908
979 1.180190
980 1.180146
981 1.180116
982 1.180734
983 1.180674
984 1.180678
985 1.180826
986 1.180818
987 1.181026
988 1.181026
989 1.181212
990 1.180950
991 1.180898
992 1.180832
993 1.181384
994 1.181642
995 1.181238
996 1.181284
997 1.181438
998 1.181844
999 1.181964
1000 1.181808
1001 1.181804
1002 1.181738
1003 1.182076
1004 1.181606
1005 1.181358
1006 1.181450
1007 1.181148
1008 1.181288
1009 1.182024
1010 1.182148
1011 1.181724
1012 1.181542
1013 1.181252
1014 1.181976
1015 1.181750
1016 1.182552
1017 1.183082
1018 1.183552
1019 1.183656
1020 1.183822
1021 1.184320
1022 1.184210
1023 1.183952
1024 1.183782
1025 1.184328
1026 1.184198
1027 1.184106
1028 1.184138
1029 1.183802
1030 1.183448
1031 1.183770
1032 1.183244
1033 1.182802
1034 1.182322
1035 1.182402
1036 1.182442
1037 1.181948
1038 1.182336
1039 1.181750
1040 1.181834
1041 1.181796
1042 1.181648
1043 1.181924
1044 1.182044
1045 1.182262
1046 1.182610
1047 1.182742
1048 1.183506
1049 1.184188
1050 1.184546
1051 1.184692
1052 1.184530
1053 1.184178
1054 1.183760
1055 1.183316
1056 1.183180
1057 1.183664
1058 1.183850
1059 1.184506
1060 1.184412
1061 1.184282
1062 1.184746
1063 1.185012
1064 1.184828
1065 1.185138
1066 1.184920
1067 1.184814
1068 1.184362
1069 1.184650
1070 1.183856
1071 1.183554
1072 1.183310
1073 1.183758
1074 1.183592
1075 1.182790
1076 1.182946
1077 1.183076
1078 1.183398
1079 1.182876
1080 1.182762
1081 1.182706
1082 1.182462
1083 1.183126
1084 1.183412
1085 1.183614
1086 1.183228
1087 1.182942
1088 1.182198
1089 1.182392
1090 1.182150
1091 1.181962
1092 1.181830
1093 1.181194
1094 1.181562
1095 1.181792
1096 1.181594
1097 1.181426
1098 1.180532
1099 1.179640
1100 1.179908
1101 1.180280
1102 1.180460
1103 1.180656
1104 1.179992
1105 1.180032
1106 1.180424
1107 1.180424
1108 1.180358
1109 1.179990
1110 1.179834
1111 1.179814
1112 1.179858
1113 1.179970
1114 1.180072
1115 1.180000
1116 1.180622
1117 1.180718
1118 1.180634
1119 1.180944
1120 1.180796
1121 1.180542
1122 1.180718
1123 1.181266
1124 1.181174
1125 1.180942
1126 1.181022
1127 1.181194
1128 1.181658
1129 1.182020
1130 1.182294
1131 1.182260
1132 1.183014
1133 1.183428
1134 1.183180
1135 1.182876
1136 1.182644
1137 1.181710
1138 1.181308
1139 1.181298
1140 1.181218
1141 1.181144
1142 1.180920
1143 1.181194
1144 1.181298
1145 1.181526
1146 1.181278
1147 1.181152
1148 1.180350
1149 1.180740
1150 1.181434
1151 1.182102
1152 1.182426
1153 1.182604
1154 1.182818
1155 1.182866
1156 1.183100
1157 1.182916
1158 1.182898
1159 1.183056
1160 1.183028
1161 1.182518
1162 1.182788
1163 1.183000
1164 1.183052
1165 1.182782
1166 1.183028
1167 1.183552
1168 1.183666
1169 1.183722
1170 1.184272
1171 1.185200
1172 1.184920
1173 1.185096
1174 1.184482
1175 1.184448
1176 1.184490
1177 1.184338
1178 1.184362
1179 1.184650
1180 1.184108
1181 1.184524
1182 1.184534
1183 1.184298
1184 1.184756
1185 1.185010
1186 1.184578
1187 1.184824
1188 1.184938
1189 1.184906
1190 1.184800
1191 1.184552
1192 1.183852
1193 1.183868
1194 1.184116
1195 1.184862
1196 1.184620
1197 1.184878
1198 1.184476
1199 1.184284
1200 1.184148
1201 1.184362
1202 1.184862
1203 1.184230
1204 1.183756
1205 1.182996
1206 1.183018
1207 1.183738
1208 1.183692
1209 1.183964
1210 1.183842
1211 1.184014
1212 1.183852
1213 1.183406
1214 1.183504
1215 1.183394
1216 1.182528
1217 1.182098
1218 1.182116
1219 1.182568
1220 1.182574
1221 1.183078
1222 1.183548
1223 1.183632
1224 1.183158
1225 1.182832
1226 1.182968
1227 1.182858
1228 1.183064
1229 1.182990
1230 1.182988
1231 1.183692
1232 1.183240
1233 1.183880
1234 1.183258
1235 1.183126
1236 1.182312
1237 1.181270
1238 1.181762
1239 1.182294
1240 1.182804
1241 1.182880
1242 1.182138
1243 1.182086
1244 1.182068
1245 1.182178
1246 1.181904
1247 1.181634
1248 1.181740
1249 1.181996
1250 1.181908
1251 1.181988
1252 1.182326
1253 1.181822
1254 1.182138
1255 1.181522
1256 1.181742
1257 1.181862
1258 1.181430
1259 1.181440
1260 1.181262
1261 1.181198
1262 1.181714
1263 1.182380
1264 1.182256
1265 1.182732
1266 1.182862
1267 1.182914
1268 1.182994
1269 1.182766
1270 1.182096
1271 1.181946
1272 1.182336
1273 1.182496
1274 1.182190
1275 1.181940
1276 1.182242
1277 1.183032
1278 1.182794
1279 1.182336
1280 1.182948
1281 1.182698
1282 1.182910
1283 1.183790
1284 1.184120
1285 1.183960
1286 1.184106
1287 1.183906
1288 1.183690
1289 1.183420
1290 1.183460
1291 1.183294
1292 1.183482
1293 1.183320
1294 1.183614
1295 1.183612
1296 1.183206
1297 1.182910
1298 1.183104
1299 1.182674
1300 1.182638
1301 1.183204
1302 1.183060
1303 1.183214
1304 1.183098
1305 1.183202
1306 1.183952
1307 1.183730
1308 1.183474
1309 1.183746
1310 1.183674
1311 1.183806
1312 1.183732
1313 1.184132
1314 1.183662
1315 1.183218
1316 1.182988
1317 1.183574
1318 1.182866
1319 1.182636
1320 1.182626
1321 1.182422
1322 1.182536
1323 1.182202
1324 1.182398
1325 1.182014
1326 1.181732
1327 1.181970
1328 1.182070
1329 1.181790
1330 1.181818
1331 1.181258
1332 1.181380
1333 1.180990
1334 1.181094
1335 1.181136
1336 1.181222
1337 1.180870
1338 1.181080
1339 1.180682
1340 1.181162
1341 1.181680
1342 1.181654
1343 1.181494
1344 1.181688
1345 1.181498
1346 1.181452
1347 1.181352
1348 1.181228
1349 1.180946
1350 1.181280
1351 1.181578
1352 1.181482
1353 1.181494
1354 1.181882
1355 1.181838
1356 1.182174
1357 1.182230
1358 1.181978
1359 1.181944
1360 1.182264
1361 1.182466
1362 1.182218
1363 1.182408
1364 1.182030
1365 1.181572
1366 1.181542
1367 1.181434
1368 1.181838
1369 1.181836
1370 1.182082
1371 1.182058
1372 1.181846
1373 1.182050
1374 1.181680
1375 1.181104
1376 1.181462
1377 1.181880
1378 1.182330
1379 1.182208
1380 1.181872
1381 1.181790
1382 1.182300
1383 1.182130
1384 1.181886
1385 1.181360
1386 1.181874
1387 1.181868
1388 1.181926
1389 1.182482
1390 1.182562
1391 1.182036
1392 1.182580
1393 1.182264
1394 1.182084
1395 1.181870
1396 1.181808
1397 1.182012
1398 1.181702
1399 1.182464
1400 1.182364
1401 1.182216
1402 1.182004
1403 1.181508
1404 1.181304
1405 1.182174
1406 1.182048
1407 1.181678
1408 1.181962
1409 1.181744
1410 1.182116
1411 1.182176
1412 1.182648
1413 1.182768
1414 1.183166
1415 1.182342
1416 1.182062
1417 1.182252
1418 1.182194
1419 1.181676
1420 1.181914
1421 1.181998
1422 1.182284
1423 1.182532
1424 1.182778
1425 1.182810
1426 1.182654
1427 1.182480
1428 1.182212
1429 1.182346
1430 1.182884
1431 1.183012
1432 1.183360
1433 1.183366
1434 1.183696
1435 1.183464
1436 1.183500
1437 1.184282
1438 1.184062
1439 1.183286
1440 1.183388
1441 1.183330
1442 1.183344
1443 1.182798
1444 1.182460
1445 1.182386
1446 1.182214
1447 1.183090
1448 1.183190
1449 1.183642
1450 1.184020
1451 1.184288
1452 1.183670
1453 1.182938
1454 1.183544
1455 1.183320
1456 1.183736
1457 1.183630
1458 1.183220
1459 1.183232
1460 1.183498
1461 1.183630
1462 1.183738
1463 1.183998
1464 1.183556
1465 1.183568
1466 1.184142
1467 1.184970
1468 1.184496
1469 1.183900
1470 1.183782
1471 1.183576
1472 1.183048
1473 1.183168
1474 1.182944
1475 1.182934
1476 1.182834
1477 1.182800
1478 1.182802
1479 1.182634
1480 1.181776
1481 1.182136
1482 1.182570
1483 1.182458
1484 1.182546
1485 1.182886
1486 1.182898
1487 1.182280
1488 1.182484
1489 1.182038
1490 1.180810
1491 1.180702
1492 1.180602
1493 1.180450
1494 1.180352
1495 1.180602
1496 1.180350
1497 1.180632
1498 1.180946
1499 1.180676
1500 1.180984
1501 1.180534
1502 1.180576
1503 1.180706
1504 1.181332
1505 1.181008
1506 1.181084
1507 1.181780
1508 1.182270
1509 1.182616
1510 1.182444
1511 1.182400
1512 1.183008
1513 1.183190
1514 1.183758
1515 1.183720
1516 1.183280
1517 1.183016
1518 1.182962
1519 1.182612
1520 1.182548
1521 1.182730
1522 1.182488
1523 1.182068
1524 1.182638
1525 1.182408
1526 1.182160
1527 1.182248
1528 1.181616
1529 1.181358
1530 1.181368
1531 1.181322
1532 1.181236
1533 1.181850
1534 1.181376
1535 1.181444
1536 1.181784
1537 1.182434
1538 1.182326
1539 1.182210
1540 1.182276
1541 1.182366
1542 1.182484
1543 1.183102
1544 1.183436
1545 1.183284
1546 1.183796
1547 1.184368
1548 1.183822
1549 1.183654
1550 1.183334
1551 1.183310
1552 1.182792
1553 1.181750
1554 1.181976
1555 1.181892
1556 1.181962
1557 1.182378
1558 1.181960
1559 1.182150
1560 1.182026
1561 1.182392
1562 1.182614
1563 1.181918
1564 1.181962
1565 1.182166
1566 1.182028
1567 1.182116
1568 1.182030
1569 1.182082
1570 1.182194
1571 1.182072
1572 1.181670
1573 1.181690
1574 1.181918
1575 1.182166
1576 1.181978
1577 1.181922
1578 1.182222
1579 1.181894
1580 1.182256
1581 1.182108
1582 1.181578
1583 1.181058
1584 1.180920
1585 1.180956
1586 1.181842
1587 1.181518
1588 1.180830
1589 1.180938
1590 1.180730
1591 1.181276
1592 1.181454
1593 1.181402
1594 1.181228
1595 1.181032
1596 1.180882
1597 1.180794
1598 1.180414
1599 1.180786
1600 1.180456
1601 1.180630
1602 1.180456
1603 1.179866
1604 1.179848
1605 1.180730
1606 1.180286
1607 1.180408
1608 1.181178
1609 1.180688
1610 1.180358
1611 1.180272
1612 1.180824
1613 1.181262
1614 1.181470
1615 1.181706
1616 1.182416
1617 1.182044
1618 1.182264
1619 1.182908
1620 1.182454
1621 1.182648
1622 1.182372
1623 1.181902
1624 1.181632
1625 1.182206
1626 1.182254
1627 1.182464
1628 1.182648
1629 1.182630
1630 1.182834
1631 1.182578
1632 1.182306
1633 1.181686
1634 1.182646
1635 1.182754
1636 1.182774
1637 1.182512
1638 1.182666
1639 1.182412
1640 1.181868
1641 1.182220
1642 1.181962
1643 1.182012
1644 1.181498
1645 1.181826
1646 1.181374
1647 1.181352
1648 1.181728
1649 1.181550
1650 1.181764
1651 1.182432
1652 1.182564
1653 1.182084
1654 1.182190
1655 1.181896
1656 1.182388
1657 1.182842
1658 1.183372
1659 1.183108
1660 1.183368
1661 1.183110
1662 1.183092
1663 1.182582
1664 1.182428
1665 1.182276
1666 1.182212
1667 1.182188
1668 1.182136
1669 1.181952
1670 1.181482
1671 1.181822
1672 1.182232
1673 1.182394
1674 1.182432
1675 1.182444
1676 1.182370
1677 1.182104
1678 1.182244
1679 1.183088
1680 1.182664
1681 1.182760
1682 1.182684
1683 1.182290
1684 1.181688
1685 1.181902
1686 1.181508
1687 1.181816
1688 1.181820
1689 1.182202
1690 1.182094
1691 1.182180
1692 1.182442
1693 1.182222
1694 1.181880
1695 1.181934
1696 1.182434
1697 1.183298
1698 1.183408
1699 1.183712
1700 1.183218
1701 1.183496
1702 1.183822
1703 1.183688
1704 1.183358
1705 1.183760
1706 1.183298
1707 1.183404
1708 1.183688
1709 1.183586
1710 1.183296
1711 1.183416
1712 1.183546
1713 1.183354
1714 1.183142
1715 1.182738
1716 1.182104
1717 1.182536
1718 1.182492
1719 1.182522
1720 1.182324
1721 1.182172
1722 1.182866
1723 1.182438
1724 1.182740
1725 1.183494
1726 1.183504
1727 1.183590
1728 1.183454
1729 1.183450
1730 1.183608
1731 1.183658
1732 1.183466
1733 1.183276
1734 1.183256
1735 1.182354
1736 1.182430
1737 1.182692
1738 1.183204
1739 1.182946
1740 1.183070
1741 1.183192
1742 1.182942
1743 1.183008
1744 1.182358
1745 1.182806
1746 1.182754
1747 1.182820
1748 1.182476
1749 1.182618
1750 1.182562
1751 1.182454
1752 1.182336
1753 1.182194
1754 1.182100
1755 1.182006
1756 1.181816
1757 1.181954
1758 1.181862
1759 1.181280
1760 1.182064
1761 1.182638
1762 1.182294
1763 1.182426
1764 1.182758
1765 1.183006
1766 1.182882
1767 1.182946
1768 1.183180
1769 1.182918
1770 1.182922
1771 1.184066
1772 1.184364
1773 1.184510
1774 1.184782
1775 1.184756
1776 1.184958
1777 1.185012
1778 1.183922
1779 1.183732
1780 1.183370
1781 1.183244
1782 1.183394
1783 1.182600
1784 1.183162
1785 1.182880
1786 1.182564
1787 1.182730
1788 1.182340
1789 1.181634
1790 1.181516
1791 1.181336
1792 1.181618
1793 1.181764
1794 1.181976
1795 1.182516
1796 1.182814
1797 1.182342
1798 1.182626
1799 1.183160
1800 1.182916
1801 1.181998
1802 1.181778
1803 1.181368
1804 1.180942
1805 1.180732
1806 1.180616
1807 1.181242
1808 1.181322
1809 1.181970
1810 1.181818
1811 1.181442
1812 1.181892
1813 1.181614
1814 1.182404
1815 1.181672
1816 1.181250
1817 1.180666
1818 1.180882
1819 1.181392
1820 1.181452
1821 1.181022
1822 1.180976
1823 1.180470
1824 1.180716
1825 1.180994
1826 1.181260
1827 1.181242
1828 1.181528
1829 1.181880
1830 1.180960
1831 1.180992
1832 1.181054
1833 1.181192
1834 1.181616
1835 1.181542
1836 1.181678
1837 1.181684
1838 1.181394
1839 1.181238
1840 1.181310
1841 1.182006
1842 1.182274
1843 1.182912
1844 1.182272
1845 1.182642
1846 1.183152
1847 1.182558
1848 1.182116
1849 1.182114
1850 1.182194
1851 1.182452
1852 1.182480
1853 1.182114
1854 1.181506
1855 1.181186
1856 1.181420
1857 1.181582
1858 1.181262
1859 1.182288
1860 1.182426
1861 1.182050
1862 1.182112
1863 1.181676
1864 1.181340
1865 1.181384
1866 1.181184
1867 1.181758
1868 1.182210
1869 1.182518
1870 1.183132
1871 1.182912
1872 1.182932
1873 1.183018
1874 1.183440
1875 1.182796
1876 1.183210
1877 1.183184
1878 1.182890
1879 1.182826
1880 1.184004
1881 1.184280
1882 1.184658
1883 1.184362
1884 1.184170
1885 1.184642
1886 1.184556
1887 1.184892
1888 1.184688
1889 1.184728
1890 1.184556
1891 1.184590
1892 1.184890
1893 1.184966
1894 1.184864
1895 1.184784
1896 1.184856
1897 1.184776
1898 1.185088
1899 1.184802
1900 1.185120
1901 1.185216
1902 1.185714
1903 1.185760
1904 1.185868
1905 1.186372
1906 1.186760
1907 1.185678
1908 1.185774
1909 1.185390
1910 1.185404
1911 1.185164
1912 1.185664
1913 1.185448
1914 1.185196
1915 1.184932
1916 1.184662
1917 1.184378
1918 1.184414
1919 1.184676
1920 1.184946
1921 1.184052
1922 1.184284
1923 1.183872
1924 1.183178
1925 1.182882
1926 1.182552
1927 1.182774
1928 1.182302
1929 1.182054
1930 1.181770
1931 1.181670
1932 1.182230
1933 1.182532
1934 1.182358
1935 1.182788
1936 1.182650
1937 1.182444
1938 1.182636
1939 1.183106
1940 1.183380
1941 1.182746
1942 1.183156
1943 1.182814
1944 1.183490
1945 1.184090
1946 1.185120
1947 1.185270
1948 1.185560
1949 1.185948
1950 1.185858
1951 1.186190
1952 1.185686
1953 1.185172
1954 1.185242
1955 1.185402
1956 1.185260
1957 1.185328
1958 1.185786
1959 1.185826
1960 1.186038
1961 1.185736
1962 1.185378
1963 1.185366
1964 1.184762
1965 1.185290
1966 1.185492
1967 1.185446
1968 1.185454
1969 1.184380
1970 1.184268
1971 1.184544
1972 1.184134
1973 1.184726
1974 1.184930
1975 1.184976
1976 1.184526
1977 1.184194
1978 1.184008
1979 1.183924
1980 1.183548
1981 1.183664
1982 1.183480
1983 1.183388
1984 1.183186
1985 1.183008
1986 1.182902
1987 1.183218
1988 1.183376
1989 1.183416
1990 1.183546
1991 1.183190
1992 1.183320
1993 1.183654
1994 1.184228
1995 1.184250
1996 1.183822
1997 1.183424
1998 1.182766
1999 1.182854
2000 1.183294
2001 1.182900
2002 1.182306
2003 1.182200
2004 1.182668
2005 1.182966
2006 1.182662
2007 1.182772
2008 1.182076
2009 1.182182
2010 1.182546
2011 1.181746
2012 1.181750
2013 1.181928
2014 1.182228
2015 1.182904
2016 1.182762
2017 1.182238
2018 1.182336
2019 1.181748
2020 1.181234
2021 1.181160
2022 1.181458
2023 1.181082
2024 1.181444
2025 1.181382
2026 1.181094
2027 1.181510
2028 1.182346
2029 1.182656
2030 1.183202
2031 1.183074
2032 1.183110
2033 1.183090
2034 1.183218
2035 1.183084
2036 1.183066
2037 1.182880
2038 1.182856
2039 1.182532
2040 1.182224
2041 1.182946
2042 1.183064
2043 1.183358
2044 1.183766
2045 1.183722
2046 1.183710
2047 1.183346
2048 1.183494
2049 1.182822
2050 1.182944
2051 1.182706
2052 1.183288
2053 1.183700
2054 1.183392
2055 1.183140
2056 1.182976
2057 1.182922
2058 1.183696
2059 1.183880
2060 1.184182
2061 1.183436
2062 1.183886
2063 1.183698
2064 1.183634
2065 1.183750
2066 1.184028
2067 1.183814
2068 1.183974
2069 1.184670
2070 1.184662
2071 1.184554
2072 1.184408
2073 1.183994
2074 1.184054
2075 1.184254
2076 1.183870
2077 1.183426
2078 1.183292
2079 1.183378
2080 1.182848
2081 1.182638
2082 1.182476
2083 1.182272
2084 1.181924
2085 1.182292
2086 1.182496
2087 1.182596
2088 1.182502
2089 1.182480
2090 1.183154
2091 1.184034
2092 1.183702
2093 1.183388
2094 1.183326
2095 1.183338
2096 1.183858
2097 1.183940
2098 1.184534
2099 1.185026
2100 1.184648
2101 1.184566
2102 1.184224
2103 1.184048
2104 1.183520
2105 1.183294
2106 1.183182
2107 1.183476
2108 1.183466
2109 1.183846
2110 1.183880
2111 1.183786
2112 1.183666
2113 1.183236
2114 1.183268
2115 1.183314
2116 1.183318
2117 1.183666
2118 1.184300
2119 1.184010
2120 1.183720
2121 1.183882
2122 1.183960
2123 1.183938
2124 1.183432
2125 1.183596
2126 1.183590
2127 1.183572
2128 1.183486
2129 1.183214
2130 1.183642
2131 1.183714
2132 1.183254
2133 1.183652
2134 1.183376
2135 1.183310
2136 1.183268
2137 1.183650
2138 1.183482
2139 1.183504
2140 1.183862
2141 1.183808
2142 1.184218
2143 1.184222
2144 1.184764
2145 1.184540
2146 1.184150
2147 1.183878
2148 1.183280
2149 1.183672
2150 1.183894
2151 1.183564
2152 1.183404
2153 1.183688
2154 1.183416
2155 1.183496
2156 1.183838
2157 1.183346
2158 1.183544
2159 1.184248
2160 1.184324
2161 1.184286
2162 1.184430
2163 1.184112
2164 1.183370
2165 1.183602
2166 1.183330
2167 1.182566
2168 1.182634
2169 1.182754
2170 1.182832
2171 1.182596
2172 1.183028
2173 1.182924
2174 1.183006
2175 1.182598
2176 1.182020
2177 1.181972
2178 1.182806
2179 1.182768
2180 1.182076
2181 1.182368
2182 1.181922
2183 1.182556
2184 1.182778
2185 1.183056
2186 1.182454
2187 1.183002
2188 1.183338
2189 1.183508
2190 1.183364
2191 1.183514
2192 1.183510
2193 1.183400
2194 1.183782
2195 1.184098
2196 1.183536
2197 1.183644
2198 1.183946
2199 1.183712
2200 1.183836
2201 1.184212
2202 1.184300
2203 1.184302
2204 1.183688
2205 1.183384
2206 1.183034
2207 1.183194
2208 1.183272
2209 1.182674
2210 1.183030
2211 1.183212
2212 1.183574
2213 1.183850
2214 1.183972
2215 1.184164
2216 1.183876
2217 1.183914
2218 1.183902
2219 1.184198
2220 1.184586
2221 1.183898
2222 1.184080
2223 1.183874
2224 1.184258
2225 1.184094
2226 1.184056
2227 1.184036
2228 1.183622
2229 1.183638
2230 1.183248
2231 1.182644
2232 1.182154
2233 1.181906
2234 1.181578
2235 1.182370
2236 1.182522
2237 1.182656
2238 1.182836
2239 1.183030
2240 1.182978
2241 1.183006
2242 1.183340
2243 1.183142
2244 1.183050
2245 1.183082
2246 1.183596
2247 1.183376
2248 1.183328
2249 1.183006
2250 1.183368
2251 1.183804
2252 1.184108
2253 1.183836
2254 1.183450
2255 1.183462
2256 1.183234
2257 1.183304
2258 1.182722
2259 1.182656
2260 1.182434
2261 1.181962
2262 1.181812
2263 1.181500
2264 1.181386
2265 1.181350
2266 1.181398
2267 1.182128
2268 1.182480
2269 1.182442
2270 1.182518
2271 1.182578
2272 1.182740
2273 1.183130
2274 1.182860
2275 1.182702
2276 1.182754
2277 1.182070
2278 1.182376
2279 1.182000
2280 1.181900
2281 1.181750
2282 1.182236
2283 1.182720
2284 1.183288
2285 1.183332
2286 1.184016
2287 1.184380
2288 1.184898
2289 1.184940
2290 1.184746
2291 1.184904
2292 1.184516
2293 1.184884
2294 1.185432
2295 1.185516
2296 1.184756
2297 1.184462
2298 1.184026
2299 1.184028
2300 1.183824
2301 1.183526
2302 1.183364
2303 1.183750
2304 1.183624
2305 1.183686
2306 1.184278
2307 1.184224
2308 1.184026
2309 1.184216
2310 1.184150
2311 1.184000
2312 1.184268
2313 1.184038
2314 1.184562
2315 1.184348
2316 1.184578
2317 1.184896
2318 1.185638
2319 1.185632
2320 1.185564
2321 1.186080
2322 1.185688
2323 1.186298
2324 1.186338
2325 1.186800
2326 1.186410
2327 1.186388
2328 1.186586
2329 1.186552
2330 1.186986
2331 1.186968
2332 1.187854
2333 1.187638
2334 1.186806
2335 1.186360
2336 1.186620
2337 1.187100
2338 1.186880
2339 1.186510
2340 1.186594
2341 1.186344
2342 1.185732
2343 1.185688
2344 1.185452
2345 1.185398
2346 1.185312
2347 1.185546
2348 1.185760
2349 1.185858
2350 1.185710
2351 1.185986
2352 1.186516
2353 1.186336
2354 1.186064
2355 1.185372
2356 1.185342
2357 1.185534
2358 1.186100
2359 1.186414
2360 1.186526
2361 1.186614
2362 1.186634
2363 1.186060
2364 1.186218
2365 1.185916
2366 1.185820
2367 1.185714
2368 1.185470
2369 1.185834
2370 1.185576
2371 1.185454
2372 1.185248
2373 1.185800
2374 1.185568
2375 1.185838
2376 1.185204
2377 1.185160
2378 1.184366
2379 1.185182
2380 1.185102
2381 1.184948
2382 1.185026
2383 1.185362
2384 1.184986
2385 1.184390
2386 1.184584
2387 1.184252
2388 1.184006
2389 1.183398
2390 1.183598
2391 1.183360
2392 1.183008
2393 1.182506
2394 1.183072
2395 1.183658
2396 1.183728
2397 1.184208
2398 1.183394
2399 1.183386
2400 1.182956
2401 1.182670
2402 1.182498
2403 1.181774
2404 1.181844
2405 1.181544
2406 1.181394
2407 1.181252
2408 1.181610
2409 1.181722
2410 1.180932
2411 1.181540
2412 1.181570
2413 1.181580
2414 1.181580
2415 1.181540
2416 1.182108
2417 1.181700
2418 1.181372
2419 1.180986
2420 1.181104
2421 1.181476
2422 1.181384
2423 1.181498
2424 1.181496
2425 1.181772
2426 1.181512
2427 1.181400
2428 1.181282
2429 1.181494
2430 1.181824
2431 1.181800
2432 1.181654
2433 1.182004
2434 1.181454
2435 1.181794
2436 1.181892
2437 1.181996
2438 1.182226
2439 1.181832
2440 1.181918
2441 1.181758
2442 1.181884
2443 1.181860
2444 1.181532
2445 1.181498
2446 1.182062
2447 1.182384
2448 1.182492
2449 1.182580
2450 1.182556
2451 1.182150
2452 1.182472
2453 1.182410
2454 1.182178
2455 1.182352
2456 1.182804
2457 1.182816
2458 1.182838
2459 1.182854
2460 1.183234
2461 1.183196
2462 1.182942
2463 1.183144
2464 1.182860
2465 1.183222
2466 1.183702
2467 1.183414
2468 1.183770
2469 1.183676
2470 1.184116
2471 1.184496
2472 1.184436
2473 1.184640
2474 1.184280
2475 1.184330
2476 1.183812
2477 1.183788
2478 1.184108
2479 1.183954
2480 1.184060
2481 1.183508
2482 1.183470
2483 1.183292
2484 1.182984
2485 1.182922
2486 1.182862
2487 1.182744
2488 1.183092
2489 1.183134
2490 1.183966
2491 1.183524
2492 1.183486
2493 1.183464
2494 1.183660
2495 1.183930
2496 1.183592
2497 1.183404
2498 1.183280
2499 1.183460
2500 1.183024
2501 1.182848
2502 1.182938
2503 1.183172
2504 1.183374
2505 1.183538
2506 1.183358
2507 1.183906
2508 1.183770
2509 1.183668
2510 1.183676
2511 1.183296
2512 1.183366
2513 1.183288
2514 1.183256
2515 1.183032
2516 1.182800
2517 1.182930
2518 1.182526
2519 1.181984
2520 1.181690
2521 1.182490
2522 1.182580
2523 1.182878
2524 1.182832
2525 1.183292
2526 1.183572
2527 1.182972
2528 1.182698
2529 1.182362
2530 1.182376
2531 1.183024
2532 1.183152
2533 1.183064
2534 1.183272
2535 1.183268
2536 1.183372
2537 1.183954
2538 1.184698
2539 1.184986
2540 1.184924
2541 1.185090
2542 1.184682
2543 1.185058
2544 1.184918
2545 1.184780
2546 1.185340
2547 1.185032
2548 1.185208
2549 1.185690
2550 1.185270
2551 1.185118
2552 1.184704
2553 1.184786
2554 1.185086
2555 1.184938
2556 1.184308
2557 1.183976
2558 1.183592
2559 1.183484
2560 1.182606
2561 1.182508
2562 1.182338
2563 1.182054
2564 1.181734
2565 1.181170
2566 1.180890
2567 1.180784
2568 1.180504
2569 1.180170
2570 1.179370
2571 1.179492
2572 1.179642
2573 1.179660
2574 1.180604
2575 1.181262
2576 1.181044
2577 1.181414
2578 1.181724
2579 1.181514
2580 1.181714
2581 1.181782
2582 1.182148
2583 1.182190
2584 1.182284
2585 1.182760
2586 1.183012
2587 1.183186
2588 1.183288
2589 1.182910
2590 1.182490
2591 1.182312
2592 1.182584
2593 1.183272
2594 1.183178
2595 1.183434
2596 1.183498
2597 1.183954
2598 1.184670
2599 1.184624
2600 1.184262
2601 1.184676
2602 1.183980
2603 1.183480
2604 1.184234
2605 1.184142
2606 1.184470
2607 1.184596
2608 1.184194
2609 1.184280
2610 1.184180
2611 1.184174
2612 1.184030
2613 1.183788
2614 1.183080
2615 1.183052
2616 1.183882
2617 1.183884
2618 1.184256
2619 1.184754
2620 1.184144
2621 1.183604
2622 1.183664
2623 1.183548
2624 1.184086
2625 1.184172
2626 1.184610
2627 1.184658
2628 1.184882
2629 1.185100
2630 1.185072
2631 1.184974
2632 1.184032
2633 1.183678
2634 1.184478
2635 1.184338
2636 1.184580
2637 1.184618
2638 1.184104
2639 1.183476
2640 1.184574
2641 1.184120
2642 1.183674
2643 1.184044
2644 1.184076
2645 1.184010
2646 1.183242
2647 1.183786
2648 1.184106
2649 1.184444
2650 1.184846
2651 1.184012
2652 1.184214
2653 1.184478
2654 1.184132
2655 1.183818
2656 1.183940
2657 1.183558
2658 1.183414
2659 1.183678
2660 1.183482
2661 1.183152
2662 1.183534
2663 1.183784
2664 1.183426
2665 1.183634
2666 1.184148
2667 1.184152
2668 1.184108
2669 1.183804
2670 1.184130
2671 1.184462
2672 1.184884
2673 1.185044
2674 1.184250
2675 1.184390
2676 1.183880
2677 1.183728
2678 1.183174
2679 1.182944
2680 1.182458
2681 1.182104
2682 1.182552
2683 1.182270
2684 1.182284
2685 1.182320
2686 1.182636
2687 1.182140
2688 1.181374
2689 1.181094
2690 1.180630
2691 1.180316
2692 1.180134
2693 1.179868
2694 1.179646
2695 1.179680
2696 1.179570
2697 1.179594
2698 1.179930
2699 1.179524
2700 1.179064
2701 1.178834
2702 1.179176
2703 1.179580
2704 1.179252
2705 1.179160
2706 1.179030
2707 1.179698
2708 1.179648
2709 1.180164
2710 1.180170
2711 1.180670
2712 1.180416
2713 1.180536
2714 1.180642
2715 1.180604
2716 1.180498
2717 1.180670
2718 1.180720
2719 1.180430
2720 1.180500
2721 1.180824
2722 1.180868
2723 1.181320
2724 1.181558
2725 1.181530
2726 1.181600
2727 1.181388
2728 1.181996
2729 1.181692
2730 1.181906
2731 1.181940
2732 1.181512
2733 1.181942
2734 1.181818
2735 1.182162
2736 1.182104
2737 1.182650
2738 1.182806
2739 1.182532
2740 1.182980
2741 1.183358
2742 1.182760
2743 1.182898
2744 1.183358
2745 1.183684
2746 1.183476
2747 1.183246
2748 1.183050
2749 1.183328
2750 1.183686
2751 1.183676
2752 1.183550
2753 1.183476
2754 1.183390
2755 1.183110
2756 1.183728
2757 1.183782
2758 1.184010
2759 1.183950
2760 1.183674
2761 1.183816
2762 1.183178
2763 1.183812
2764 1.183926
2765 1.184014
2766 1.183542
2767 1.183454
2768 1.184122
2769 1.183446
2770 1.183216
2771 1.183302
2772 1.183056
2773 1.182888
2774 1.182844
2775 1.182676
2776 1.182670
2777 1.182730
2778 1.182242
2779 1.182496
2780 1.181878
2781 1.181644
2782 1.180842
2783 1.180774
2784 1.179904
2785 1.179492
2786 1.180102
2787 1.180344
2788 1.180246
2789 1.180478
2790 1.180920
2791 1.180398
2792 1.180162
2793 1.180640
2794 1.180700
2795 1.180224
2796 1.179558
2797 1.179926
2798 1.179778
2799 1.179730
2800 1.179700
2801 1.180410
2802 1.180414
2803 1.180398
2804 1.180382
2805 1.180224
2806 1.179948
2807 1.180128
2808 1.180814
2809 1.180728
2810 1.181244
2811 1.180848
2812 1.181358
2813 1.181758
2814 1.181624
2815 1.181752
2816 1.181934
2817 1.182428
2818 1.182474
2819 1.181868
2820 1.181868
2821 1.182412
2822 1.182458
2823 1.182852
2824 1.182612
2825 1.182468
2826 1.182208
2827 1.182560
2828 1.182816
2829 1.183000
2830 1.183324
2831 1.182714
2832 1.182242
2833 1.182486
2834 1.182104
2835 1.181706
2836 1.181598
2837 1.181592
2838 1.181966
2839 1.182160
2840 1.181854
2841 1.182236
2842 1.182874
2843 1.183140
2844 1.183086
2845 1.183366
2846 1.183792
2847 1.183482
2848 1.183330
2849 1.182754
2850 1.183102
2851 1.183360
2852 1.183100
2853 1.183202
2854 1.182692
2855 1.182976
2856 1.182698
2857 1.183556
2858 1.182398
2859 1.182096
2860 1.182254
2861 1.182164
2862 1.182318
2863 1.182406
2864 1.182442
2865 1.181886
2866 1.182240
2867 1.181980
2868 1.182454
2869 1.182760
2870 1.182188
2871 1.182508
2872 1.182232
2873 1.182656
2874 1.183098
2875 1.183584
2876 1.183340
2877 1.182806
2878 1.182428
2879 1.181864
2880 1.181994
2881 1.181986
2882 1.181658
2883 1.182026
2884 1.182260
2885 1.182468
2886 1.182500
2887 1.182212
2888 1.181974
2889 1.182588
2890 1.183180
2891 1.182840
2892 1.182798
2893 1.182982
2894 1.183026
2895 1.182968
2896 1.183148
2897 1.182720
2898 1.183180
2899 1.183202
2900 1.183014
2901 1.182848
2902 1.183148
2903 1.183224
2904 1.183394
2905 1.183714
2906 1.184604
2907 1.184678
2908 1.184664
2909 1.184642
2910 1.184776
2911 1.184840
2912 1.184862
2913 1.185112
2914 1.185368
2915 1.185226
2916 1.184764
2917 1.184830
2918 1.185114
2919 1.185408
2920 1.185600
2921 1.185440
2922 1.185866
2923 1.185332
2924 1.185124
2925 1.185230
2926 1.184350
2927 1.184344
2928 1.183974
2929 1.184188
2930 1.183826
2931 1.183482
2932 1.184056
2933 1.184228
2934 1.184208
2935 1.183578
2936 1.183874
2937 1.184024
2938 1.184074
2939 1.184510
2940 1.184904
2941 1.184424
2942 1.184120
2943 1.184040
2944 1.184584
2945 1.184990
2946 1.184992
2947 1.185332
2948 1.185148
2949 1.185134
2950 1.184812
2951 1.184004
2952 1.184596
2953 1.184896
2954 1.184892
2955 1.184512
2956 1.185068
2957 1.184630
2958 1.184394
2959 1.184630
2960 1.184674
2961 1.185126
2962 1.185376
2963 1.185200
2964 1.185902
2965 1.186440
2966 1.186972
2967 1.186758
2968 1.185870
2969 1.186068
2970 1.186306
2971 1.186256
2972 1.186602
2973 1.186154
2974 1.186190
2975 1.186240
2976 1.186660
2977 1.185960
2978 1.186462
2979 1.185854
2980 1.185758
2981 1.185668
2982 1.185972
2983 1.185812
2984 1.185072
2985 1.185500
2986 1.185404
2987 1.185306
2988 1.185940
2989 1.186154
2990 1.185906
2991 1.186818
2992 1.186966
2993 1.186686
2994 1.186646
2995 1.185420
2996 1.185840
2997 1.185584
2998 1.185088
2999 1.184394
3000 1.183898
3001 1.184378
3002 1.184460
3003 1.184472
3004 1.184042
3005 1.184066
3006 1.184396
3007 1.184718
3008 1.185150
3009 1.185334
3010 1.185638
3011 1.185374
3012 1.186122
3013 1.186470
3014 1.186418
3015 1.186116
3016 1.185846
3017 1.186206
3018 1.186652
3019 1.186326
3020 1.186396
3021 1.186398
3022 1.185948
3023 1.185462
3024 1.185376
3025 1.184872
3026 1.185100
3027 1.184226
3028 1.184268
3029 1.184048
3030 1.183622
3031 1.183848
3032 1.183532
3033 1.183632
3034 1.183666
3035 1.183110
3036 1.183260
3037 1.183560
3038 1.184084
3039 1.183936
3040 1.183126
3041 1.184026
3042 1.183488
3043 1.183592
3044 1.183180
3045 1.183850
3046 1.183652
3047 1.183516
3048 1.183440
3049 1.183942
3050 1.183968
3051 1.184038
3052 1.184030
3053 1.183962
3054 1.183980
3055 1.184242
3056 1.184000
3057 1.183726
3058 1.183152
3059 1.182516
3060 1.181832
3061 1.182512
3062 1.182312
3063 1.182218
3064 1.182378
3065 1.182464
3066 1.182564
3067 1.182230
3068 1.182546
3069 1.182692
3070 1.182472
3071 1.182902
3072 1.182678
3073 1.182732
3074 1.182376
3075 1.183010
3076 1.182806
3077 1.182864
3078 1.183180
3079 1.182988
3080 1.182980
3081 1.183014
3082 1.183174
3083 1.182860
3084 1.182946
3085 1.183850
3086 1.184116
3087 1.184290
3088 1.184112
3089 1.184578
3090 1.184350
3091 1.184906
3092 1.185162
3093 1.184634
3094 1.185076
3095 1.184770
3096 1.184260
3097 1.184346
3098 1.184250
3099 1.184078
3100 1.184222
3101 1.184492
3102 1.184010
3103 1.184204
3104 1.184150
3105 1.184084
3106 1.184488
3107 1.184648
3108 1.185066
3109 1.184868
3110 1.184418
3111 1.184378
3112 1.184288
3113 1.184114
3114 1.183194
3115 1.182900
3116 1.182590
3117 1.182470
3118 1.182088
3119 1.182318
3120 1.182546
3121 1.182448
3122 1.181948
3123 1.181856
3124 1.182156
3125 1.182360
3126 1.182666
3127 1.182606
3128 1.182646
3129 1.182048
3130 1.181962
3131 1.181870
3132 1.182524
3133 1.182972
3134 1.182932
3135 1.183212
3136 1.183542
3137 1.183102
3138 1.183360
3139 1.183018
3140 1.182686
3141 1.182680
3142 1.183298
3143 1.182830
3144 1.182644
3145 1.182332
3146 1.182302
3147 1.182710
3148 1.182534
3149 1.181738
3150 1.181786
3151 1.181796
3152 1.182242
3153 1.182380
3154 1.182564
3155 1.182270
3156 1.181718
3157 1.181522
3158 1.181400
3159 1.180944
3160 1.181402
3161 1.181956
3162 1.181886
3163 1.181764
3164 1.181778
3165 1.182222
3166 1.182372
3167 1.181982
3168 1.182264
3169 1.182068
3170 1.182436
3171 1.181998
3172 1.182224
3173 1.182710
3174 1.182248
3175 1.182076
3176 1.181620
3177 1.181596
3178 1.181726
3179 1.181558
3180 1.181920
3181 1.182176
3182 1.181858
3183 1.181696
3184 1.181320
3185 1.181146
3186 1.180654
3187 1.180842
3188 1.180544
3189 1.180498
3190 1.180802
3191 1.181196
3192 1.180812
3193 1.180766
3194 1.180976
3195 1.181254
3196 1.181204
3197 1.181052
3198 1.181686
3199 1.181534
3200 1.181916
3201 1.181718
3202 1.181444
3203 1.181370
3204 1.181840
3205 1.182440
3206 1.182846
3207 1.182696
3208 1.182176
3209 1.182150
3210 1.181796
3211 1.182092
3212 1.182290
3213 1.182058
3214 1.182126
3215 1.182768
3216 1.183336
3217 1.183386
3218 1.183676
3219 1.183836
3220 1.183296
3221 1.183934
3222 1.183542
3223 1.183350
3224 1.183044
3225 1.182892
3226 1.183828
3227 1.183776
3228 1.183676
3229 1.183390
3230 1.183486
3231 1.183606
3232 1.183446
3233 1.183464
3234 1.183232
3235 1.183478
3236 1.183678
3237 1.183212
3238 1.183638
3239 1.183722
3240 1.183802
3241 1.183554
3242 1.183472
3243 1.183114
3244 1.183334
3245 1.183686
3246 1.183764
3247 1.183776
3248 1.183090
3249 1.182932
3250 1.182890
3251 1.182268
3252 1.182464
3253 1.182036
3254 1.182528
3255 1.183106
3256 1.183450
3257 1.183548
3258 1.183548
3259 1.183710
3260 1.183928
3261 1.184300
3262 1.184066
3263 1.183934
3264 1.184188
3265 1.183492
3266 1.183110
3267 1.183552
3268 1.183722
3269 1.184014
3270 1.183656
3271 1.182874
3272 1.183352
3273 1.183362
3274 1.182892
3275 1.183314
3276 1.183094
3277 1.183394
3278 1.183094
3279 1.182792
3280 1.183012
3281 1.182874
3282 1.182856
3283 1.182896
3284 1.183192
3285 1.183662
3286 1.184132
3287 1.184372
3288 1.184424
3289 1.184924
3290 1.184602
3291 1.184288
3292 1.184372
3293 1.184618
3294 1.184592
3295 1.184554
3296 1.184852
3297 1.184104
3298 1.184048
3299 1.183932
3300 1.183544
3301 1.183784
3302 1.184372
3303 1.184632
3304 1.183766
3305 1.183590
3306 1.184302
3307 1.184312
3308 1.184642
3309 1.185046
3310 1.185004
3311 1.185016
3312 1.185110
3313 1.185034
3314 1.184630
3315 1.184336
3316 1.183822
3317 1.184032
3318 1.183896
3319 1.183856
3320 1.183508
3321 1.183772
3322 1.183850
3323 1.183904
3324 1.184266
3325 1.184938
3326 1.185432
3327 1.185498
3328 1.185608
3329 1.186140
3330 1.186340
3331 1.186406
3332 1.186066
3333 1.186052
3334 1.186482
3335 1.186034
3336 1.185602
3337 1.185124
3338 1.185134
3339 1.184934
3340 1.184652
3341 1.183988
3342 1.183722
3343 1.183834
3344 1.184382
3345 1.185136
3346 1.185450
3347 1.185090
3348 1.184790
3349 1.184426
3350 1.184536
3351 1.185138
3352 1.184988
3353 1.185356
3354 1.184894
3355 1.185142
3356 1.184702
3357 1.184440
3358 1.183788
3359 1.183786
3360 1.184212
3361 1.184446
3362 1.184132
3363 1.184376
3364 1.185142
3365 1.184992
3366 1.184576
3367 1.185070
3368 1.184588
3369 1.184390
3370 1.184332
3371 1.184552
3372 1.184878
3373 1.184596
3374 1.184176
3375 1.183994
3376 1.183992
3377 1.183968
3378 1.184524
3379 1.184660
3380 1.184670
3381 1.184926
3382 1.185114
3383 1.185692
3384 1.185450
3385 1.185592
3386 1.185684
3387 1.185312
3388 1.183898
3389 1.183958
3390 1.183036
3391 1.182784
3392 1.182836
3393 1.182714
3394 1.182770
3395 1.182428
3396 1.182394
3397 1.181996
3398 1.181500
3399 1.181426
3400 1.181966
3401 1.181376
3402 1.181802
3403 1.181372
3404 1.181178
3405 1.181164
3406 1.181542
3407 1.181572
3408 1.181864
3409 1.181160
3410 1.181792
3411 1.182296
3412 1.182628
3413 1.182284
3414 1.182626
3415 1.182630
3416 1.182860
3417 1.182238
3418 1.181556
3419 1.181316
3420 1.180998
3421 1.180920
3422 1.180846
3423 1.180736
3424 1.180898
3425 1.181420
3426 1.181266
3427 1.181700
3428 1.180742
3429 1.180666
3430 1.181118
3431 1.181252
3432 1.181688
3433 1.181530
3434 1.181292
3435 1.181576
3436 1.182070
3437 1.182154
3438 1.182410
3439 1.182624
3440 1.182232
3441 1.182874
3442 1.182898
3443 1.182342
3444 1.182432
3445 1.182640
3446 1.182550
3447 1.182204
3448 1.182412
3449 1.182442
3450 1.182546
3451 1.182630
3452 1.182356
3453 1.181858
3454 1.182096
3455 1.182246
3456 1.182068
3457 1.182012
3458 1.182366
3459 1.181898
3460 1.181666
3461 1.181952
3462 1.182420
3463 1.182802
3464 1.183046
3465 1.182858
3466 1.183410
3467 1.184048
3468 1.184004
3469 1.184202
3470 1.184488
3471 1.184524
3472 1.184740
3473 1.184736
3474 1.184706
3475 1.184264
3476 1.184198
3477 1.184072
3478 1.183468
3479 1.183262
3480 1.183470
3481 1.183696
3482 1.184054
3483 1.183858
3484 1.183658
3485 1.183806
3486 1.183796
3487 1.184110
3488 1.183770
3489 1.183680
3490 1.183874
3491 1.183534
3492 1.183660
3493 1.183116
3494 1.183146
3495 1.183128
3496 1.183316
3497 1.183214
3498 1.182764
3499 1.182506
3500 1.182050
3501 1.182106
3502 1.181590
3503 1.181598
3504 1.181644
3505 1.182218
3506 1.182952
3507 1.183390
3508 1.183672
3509 1.183252
3510 1.183514
3511 1.183548
3512 1.183180
3513 1.183024
3514 1.183618
3515 1.183536
3516 1.183832
3517 1.183562
3518 1.183544
3519 1.184426
3520 1.184584
3521 1.183920
3522 1.183596
3523 1.183148
3524 1.182818
3525 1.182458
3526 1.182280
3527 1.182184
3528 1.182078
3529 1.182212
3530 1.182544
3531 1.181858
3532 1.181776
3533 1.181646
3534 1.182118
3535 1.181650
3536 1.181418
3537 1.181656
3538 1.181856
3539 1.182132
3540 1.181686
3541 1.181766
3542 1.181632
3543 1.181420
3544 1.181694
3545 1.181184
3546 1.179994
3547 1.180190
3548 1.180272
3549 1.180260
3550 1.180404
3551 1.180204
3552 1.180146
3553 1.180592
3554 1.180804
3555 1.180764
3556 1.180912
3557 1.180794
3558 1.181314
3559 1.181594
3560 1.181540
3561 1.181398
3562 1.181174
3563 1.181014
3564 1.180614
3565 1.179910
3566 1.179904
3567 1.180376
3568 1.180086
3569 1.180610
3570 1.181098
3571 1.181200
3572 1.181482
3573 1.181902
3574 1.182230
3575 1.181768
3576 1.181878
3577 1.182212
3578 1.181664
3579 1.181746
3580 1.181704
3581 1.181160
3582 1.181110
3583 1.181710
3584 1.182170
3585 1.181950
3586 1.181980
3587 1.182582
3588 1.182890
3589 1.182480
3590 1.182812
3591 1.182440
3592 1.182596
3593 1.182668
3594 1.182826
3595 1.182452
3596 1.182476
3597 1.183244
3598 1.183242
3599 1.182766
3600 1.183260
3601 1.183642
3602 1.183628
3603 1.183740
3604 1.183422
3605 1.183628
3606 1.184472
3607 1.185018
3608 1.185116
3609 1.184514
3610 1.183922
3611 1.184138
3612 1.184402
3613 1.183856
3614 1.183532
3615 1.183238
3616 1.182568
3617 1.182638
3618 1.182508
3619 1.182472
3620 1.182382
3621 1.182384
3622 1.182984
3623 1.182866
3624 1.182932
3625 1.183316
3626 1.183672
3627 1.183604
3628 1.183748
3629 1.183248
3630 1.182974
3631 1.182332
3632 1.182540
3633 1.183018
3634 1.183308
3635 1.182922
3636 1.182682
3637 1.182606
3638 1.182254
3639 1.182536
3640 1.183484
3641 1.183734
3642 1.182552
3643 1.182306
3644 1.182220
3645 1.182122
3646 1.181954
3647 1.182398
3648 1.182894
3649 1.182944
3650 1.183228
3651 1.182746
3652 1.182556
3653 1.182618
3654 1.182854
3655 1.182842
3656 1.183004
3657 1.182982
3658 1.183250
3659 1.183062
3660 1.183124
3661 1.182958
3662 1.183216
3663 1.183392
3664 1.182918
3665 1.182608
3666 1.183050
3667 1.183194
3668 1.184054
3669 1.184058
3670 1.184110
3671 1.183870
3672 1.184812
3673 1.184648
3674 1.184874
3675 1.184774
3676 1.184908
3677 1.185350
3678 1.184690
3679 1.184562
3680 1.183946
3681 1.183780
3682 1.183356
3683 1.183964
3684 1.184572
3685 1.184446
3686 1.184834
3687 1.184268
3688 1.183862
3689 1.184526
3690 1.185000
3691 1.184630
3692 1.184100
3693 1.184692
3694 1.184354
3695 1.184128
3696 1.183914
3697 1.184062
3698 1.183590
3699 1.182796
3700 1.182298
3701 1.182838
3702 1.182454
3703 1.182150
3704 1.182612
3705 1.182608
3706 1.183238
3707 1.183304
3708 1.183444
3709 1.183346
3710 1.183544
3711 1.182474
3712 1.181920
3713 1.181636
3714 1.182400
3715 1.182354
3716 1.182580
3717 1.182646
3718 1.182964
3719 1.182598
3720 1.182244
3721 1.182096
3722 1.182300
3723 1.182522
3724 1.183084
3725 1.183368
3726 1.182968
3727 1.183704
3728 1.183766
3729 1.183768
3730 1.183604
3731 1.183908
3732 1.184060
3733 1.184350
3734 1.183742
3735 1.182760
3736 1.183440
3737 1.183674
3738 1.183484
3739 1.182836
3740 1.182948
3741 1.182606
3742 1.182058
3743 1.182348
3744 1.182670
3745 1.182850
3746 1.183282
3747 1.182722
3748 1.181838
3749 1.181876
3750 1.181828
3751 1.182056
3752 1.181976
3753 1.182056
3754 1.182512
3755 1.182634
3756 1.182640
3757 1.182784
3758 1.182984
3759 1.182826
3760 1.183344
3761 1.183360
3762 1.182686
3763 1.182292
3764 1.182278
3765 1.182262
3766 1.183048
3767 1.183618
3768 1.182936
3769 1.183464
3770 1.183032
3771 1.183234
3772 1.183486
3773 1.183462
3774 1.182872
3775 1.183268
3776 1.183458
3777 1.182872
3778 1.182988
3779 1.183248
3780 1.182426
3781 1.182598
3782 1.182448
3783 1.182346
3784 1.182214
3785 1.181938
3786 1.182262
3787 1.181856
3788 1.182012
3789 1.182702
3790 1.183090
3791 1.183352
3792 1.183728
3793 1.184050
3794 1.184652
3795 1.184998
3796 1.184564
3797 1.184204
3798 1.184646
3799 1.184616
3800 1.184770
3801 1.183882
3802 1.183568
3803 1.183016
3804 1.182992
3805 1.182614
3806 1.183232
3807 1.183212
3808 1.183534
3809 1.183778
3810 1.183344
3811 1.183606
3812 1.183356
3813 1.183210
3814 1.183054
3815 1.182676
3816 1.183258
3817 1.183510
3818 1.183060
3819 1.183032
3820 1.182732
3821 1.182912
3822 1.183210
3823 1.182904
3824 1.182726
3825 1.182716
3826 1.183464
3827 1.184000
3828 1.184530
3829 1.183850
3830 1.183754
3831 1.183174
3832 1.183102
3833 1.182930
3834 1.182448
3835 1.182150
3836 1.183024
3837 1.183624
3838 1.183858
3839 1.183578
3840 1.183262
3841 1.183848
3842 1.183890
3843 1.183654
3844 1.183970
3845 1.183996
3846 1.184090
3847 1.183764
3848 1.184148
3849 1.184236
3850 1.184260
3851 1.183934
3852 1.183944
3853 1.183314
3854 1.183694
3855 1.184108
3856 1.183472
3857 1.182938
3858 1.182768
3859 1.182658
3860 1.181868
3861 1.181946
3862 1.181652
3863 1.181640
3864 1.181530
3865 1.181524
3866 1.182072
3867 1.182752
3868 1.182982
3869 1.183218
3870 1.183572
3871 1.183988
3872 1.183900
3873 1.183484
3874 1.184228
3875 1.184276
3876 1.184274
3877 1.184132
3878 1.184686
3879 1.184540
3880 1.184374
3881 1.184190
3882 1.184370
3883 1.184230
3884 1.184276
3885 1.184670
3886 1.184434
3887 1.184376
3888 1.184176
3889 1.184174
3890 1.183978
3891 1.184454
3892 1.184890
3893 1.184708
3894 1.184562
3895 1.184652
3896 1.185050
3897 1.185030
3898 1.184906
3899 1.184466
3900 1.184548
3901 1.184608


Active cycles: 2400
k_mean: 1.183155
k_stddev(cycle): 0.001393
k_stderr(mean): 0.000028
