1 0.989512
2 0.984582
3 0.982956
4 0.983216
5 0.983630
6 0.983250
7 0.982844
8 0.982136
9 0.981282
10 0.980224
11 0.979350
12 0.978338
13 0.976880
14 0.975942
15 0.975616
16 0.974958
17 0.973762
18 0.972792
19 0.972890
20 0.972972
21 0.972676
22 0.972580
23 0.972970
24 0.974116
25 0.974734
26 0.975442
27 0.976016
28 0.976424
29 0.977618
30 0.977926
31 0.978556
32 0.979244
33 0.980590
34 0.981800
35 0.983364
36 0.984640
37 0.986252
38 0.987552
39 0.989024
40 0.989584
41 0.991314
42 0.992382
43 0.993884
44 0.995154
45 0.996162
46 0.998240
47 0.999996
48 1.001662
49 1.003640
50 1.005676
51 1.007248
52 1.009772
53 1.011518
54 1.014454
55 1.016096
56 1.018226
57 1.019694
58 1.021264
59 1.022510
60 1.023796
61 1.025382
62 1.027100
63 1.028850
64 1.029906
65 1.031290
66 1.033370
67 1.035320
68 1.036936
69 1.039010
70 1.040790
71 1.042520
72 1.044734
73 1.046684
74 1.048680
75 1.050358
76 1.052262
77 1.054448
78 1.056402
79 1.057666
80 1.059278
81 1.061050
82 1.062666
83 1.065006
84 1.066562
85 1.068012
86 1.069268
87 1.071078
88 1.072806
89 1.074568
90 1.075510
91 1.076718
92 1.078002
93 1.080364
94 1.081774
95 1.082898
96 1.084618
97 1.086308
98 1.087684
99 1.088736
100 1.090138
101 1.091534
102 1.093168
103 1.094698
104 1.096134
105 1.097518
106 1.098306
107 1.099874
108 1.100664
109 1.101736
110 1.102860
111 1.103774
112 1.105380
113 1.105972
114 1.107278
115 1.108118
116 1.109262
117 1.110670
118 1.111602
119 1.112786
120 1.113538
121 1.115004
122 1.115896
123 1.116860
124 1.118052
125 1.119468
126 1.120134
127 1.120768
128 1.120546
129 1.121678
130 1.122812
131 1.123606
132 1.123956
133 1.124730
134 1.124804
135 1.125260
136 1.126176
137 1.126734
138 1.127780
139 1.127712
140 1.128786
141 1.130074
142 1.131178
143 1.132076
144 1.133018
145 1.133416
146 1.133354
147 1.133606
148 1.133830
149 1.134732
150 1.134908
151 1.135886
152 1.136648
153 1.137134
154 1.138086
155 1.138942
156 1.139520
157 1.140594
158 1.141472
159 1.141702
160 1.142294
161 1.142808
162 1.143552
163 1.143494
164 1.144334
165 1.144588
166 1.144674
167 1.144558
168 1.145060
169 1.145964
170 1.146656
171 1.147480
172 1.147734
173 1.147962
174 1.148010
175 1.148696
176 1.148518
177 1.148572
178 1.149018
179 1.148710
180 1.148762
181 1.149230
182 1.149690
183 1.150604
184 1.150998
185 1.151766
186 1.151450
187 1.152100
188 1.152264
189 1.152916
190 1.153284
191 1.152646
192 1.152894
193 1.153134
194 1.154120
195 1.154180
196 1.154300
197 1.155066
198 1.155228
199 1.155550
200 1.155910
201 1.156074
202 1.156822
203 1.156730
204 1.157030
205 1.157406
206 1.158190
207 1.158574
208 1.159220
209 1.159350
210 1.159636
211 1.159970
212 1.160464
213 1.160516
214 1.160884
215 1.161206
216 1.161248
217 1.160494
218 1.160330
219 1.160212
220 1.160196
221 1.160692
222 1.161174
223 1.161138
224 1.161322
225 1.161512
226 1.161472
227 1.162282
228 1.162216
229 1.162242
230 1.162262
231 1.162772
232 1.163278
233 1.163384
234 1.162422
235 1.162630
236 1.161964
237 1.161970
238 1.162612
239 1.162204
240 1.163234
241 1.163650
242 1.164016
243 1.164528
244 1.164488
245 1.165468
246 1.166250
247 1.166312
248 1.167088
249 1.166632
250 1.166672
251 1.166794
252 1.166728
253 1.166540
254 1.166576
255 1.167180
256 1.167044
257 1.166876
258 1.166980
259 1.166912
260 1.166730
261 1.166722
262 1.166278
263 1.166126
264 1.166450
265 1.167110
266 1.167814
267 1.167334
268 1.168002
269 1.167918
270 1.167764
271 1.167666
272 1.167458
273 1.167648
274 1.167924
275 1.168726
276 1.168312
277 1.168730
278 1.168528
279 1.168926
280 1.169094
281 1.169280
282 1.169648
283 1.169990
284 1.169466
285 1.169932
286 1.170370
287 1.170588
288 1.171178
289 1.170978
290 1.170948
291 1.170712
292 1.171016
293 1.171066
294 1.170968
295 1.171284
296 1.171366
297 1.171892
298 1.172040
299 1.172574
300 1.172440
301 1.172678
302 1.172776
303 1.172796
304 1.172634
305 1.173010
306 1.172926
307 1.172720
308 1.173366
309 1.173312
310 1.173204
311 1.173044
312 1.172910
313 1.172892
314 1.173004
315 1.172912
316 1.173514
317 1.173630
318 1.173466
319 1.173488
320 1.173384
321 1.173646
322 1.173828
323 1.173646
324 1.174170
325 1.173512
326 1.174418
327 1.174746
328 1.174716
329 1.174122
330 1.174072
331 1.174688
332 1.174914
333 1.175480
334 1.175392
335 1.174930
336 1.175214
337 1.175142
338 1.175556
339 1.175390
340 1.175716
341 1.176144
342 1.176370
343 1.176600
344 1.176232
345 1.176438
346 1.176054
347 1.176550
348 1.176502
349 1.176432
350 1.175978
351 1.175914
352 1.175506
353 1.175636
354 1.175462
355 1.176234
356 1.175748
357 1.176242
358 1.176284
359 1.176580
360 1.177228
361 1.177266
362 1.177254
363 1.176978
364 1.176946
365 1.176438
366 1.176282
367 1.176624
368 1.177306
369 1.177050
370 1.176990
371 1.176904
372 1.176662
373 1.176962
374 1.177328
375 1.177352
376 1.177176
377 1.177066
378 1.177822
379 1.177778
380 1.177536
381 1.177574
382 1.177744
383 1.178132
384 1.177650
385 1.178194
386 1.178326
387 1.178264
388 1.177874
389 1.178544
390 1.178162
391 1.178266
392 1.178056
393 1.178262
394 1.178388
395 1.177710
396 1.177620
397 1.177340
398 1.176990
399 1.177558
400 1.176974
401 1.176998
402 1.177076
403 1.177184
404 1.176264
405 1.176784
406 1.177960
407 1.178122
408 1.178138
409 1.178088
410 1.177882
411 1.177244
412 1.177338
413 1.177204
414 1.177364
415 1.177774
416 1.178126
417 1.178402
418 1.178554
419 1.178342
420 1.178346
421 1.178476
422 1.178422
423 1.178162
424 1.177914
425 1.177656
426 1.177398
427 1.177624
428 1.177694
429 1.178190
430 1.178250
431 1.178650
432 1.178712
433 1.178804
434 1.178610
435 1.178002
436 1.177458
437 1.177568
438 1.177352
439 1.177276
440 1.177588
441 1.177542
442 1.176986
443 1.177030
444 1.177286
445 1.177544
446 1.177688
447 1.177926
448 1.178296
449 1.178054
450 1.178110
451 1.178194
452 1.177614
453 1.178986
454 1.179622
455 1.179606
456 1.179088
457 1.178708
458 1.178462
459 1.178382
460 1.178372
461 1.178424
462 1.179018
463 1.178754
464 1.178628
465 1.178282
466 1.178246
467 1.177500
468 1.178124
469 1.178492
470 1.178816
471 1.179214
472 1.178690
473 1.179048
474 1.178784
475 1.178438
476 1.178394
477 1.178000
478 1.177738
479 1.178218
480 1.178352
481 1.178548
482 1.178560
483 1.177826
484 1.178016
485 1.178856
486 1.178808
487 1.178860
488 1.180040
489 1.180276
490 1.180452
491 1.180754
492 1.180954
493 1.181104
494 1.181260
495 1.181214
496 1.180856
497 1.180058
498 1.180064
499 1.179292
500 1.179112
501 1.178900
502 1.178606
503 1.178470
504 1.178138
505 1.178418
506 1.178300
507 1.178382
508 1.178872
509 1.179102
510 1.180090
511 1.179822
512 1.180396
513 1.179810
514 1.180234
515 1.180504
516 1.180104
517 1.179716
518 1.180102
519 1.180186
520 1.179960
521 1.180092
522 1.179564
523 1.178864
524 1.179184
525 1.179564
526 1.179506
527 1.178998
528 1.178610
529 1.178956
530 1.178458
531 1.177050
532 1.176844
533 1.176552
534 1.176274
535 1.176954
536 1.177454
537 1.177698
538 1.177562
539 1.178278
540 1.178006
541 1.177142
542 1.177660
543 1.177898
544 1.177526
545 1.177662
546 1.178154
547 1.178246
548 1.177462
549 1.177672
550 1.177354
551 1.177816
552 1.177454
553 1.177824
554 1.177864
555 1.177854
556 1.178004
557 1.177564
558 1.177568
559 1.177990
560 1.178228
561 1.178290
562 1.177754
563 1.178076
564 1.178190
565 1.178660
566 1.178700
567 1.178510
568 1.178184
569 1.178256
570 1.178978
571 1.179078
572 1.178650
573 1.179180
574 1.179194
575 1.179624
576 1.179498
577 1.179784
578 1.179722
579 1.179866
580 1.179738
581 1.179682
582 1.180318
583 1.180354
584 1.180408
585 1.180680
586 1.180684
587 1.181088
588 1.181176
589 1.181378
590 1.181370
591 1.181232
592 1.180988
593 1.180980
594 1.180846
595 1.180732
596 1.180732
597 1.181202
598 1.181292
599 1.181416
600 1.181094
601 1.181556
602 1.181412
603 1.181496
604 1.182100
605 1.181918
606 1.181302
607 1.180730
608 1.180828
609 1.181722
610 1.182002
611 1.181712
612 1.181498
613 1.181660
614 1.181322
615 1.180974
616 1.180544
617 1.180502
618 1.180042
619 1.180052
620 1.180182
621 1.180446
622 1.180748
623 1.181458
624 1.181720
625 1.181436
626 1.181464
627 1.181820
628 1.181946
629 1.182156
630 1.181842
631 1.181990
632 1.181170
633 1.181602
634 1.181438
635 1.181628
636 1.181550
637 1.181766
638 1.181566
639 1.182028
640 1.181920
641 1.181418
642 1.181392
643 1.181252
644 1.181816
645 1.182250
646 1.181604
647 1.181104
648 1.180580
649 1.180154
650 1.180904
651 1.180466
652 1.180872
653 1.180442
654 1.180320
655 1.180138
656 1.179994
657 1.179962
658 1.180418
659 1.180752
660 1.180594
661 1.180704
662 1.181180
663 1.181354
664 1.180912
665 1.181586
666 1.180836
667 1.180716
668 1.180720
669 1.180258
670 1.180754
671 1.180146
672 1.180412
673 1.180908
674 1.180412
675 1.180740
676 1.181072
677 1.180978
678 1.180952
679 1.181176
680 1.181402
681 1.181676
682 1.181512
683 1.181478
684 1.181488
685 1.181690
686 1.181650
687 1.181952
688 1.181964
689 1.181604
690 1.181714
691 1.181366
692 1.181180
693 1.181400
694 1.181286
695 1.181696
696 1.181922
697 1.181922
698 1.181856
699 1.181948
700 1.182740
701 1.182590
702 1.182522
703 1.182786
704 1.182434
705 1.182180
706 1.182566
707 1.182790
708 1.182678
709 1.182750
710 1.182788
711 1.182360
712 1.181708
713 1.182076
714 1.181984
715 1.182072
716 1.181428
717 1.181270
718 1.181954
719 1.182102
720 1.182264
721 1.181930
722 1.182204
723 1.181802
724 1.181528
725 1.182114
726 1.182792
727 1.182854
728 1.181958
729 1.182202
730 1.182452
731 1.182766
732 1.182864
733 1.181836
734 1.181484
735 1.181340
736 1.181790
737 1.182490
738 1.182784
739 1.182688
740 1.183036
741 1.183054
742 1.183482
743 1.183612
744 1.183534
745 1.183700
746 1.184482
747 1.184628
748 1.185106
749 1.185398
750 1.185172
751 1.184736
752 1.184914
753 1.185166
754 1.184726
755 1.184194
756 1.184520
757 1.184530
758 1.184394
759 1.184140
760 1.183936
761 1.183966
762 1.183494
763 1.183300
764 1.182534
765 1.182342
766 1.181928
767 1.181794
768 1.181540
769 1.181190
770 1.181306
771 1.181102
772 1.180808
773 1.180842
774 1.180438
775 1.180606
776 1.181032
777 1.181198
778 1.181182
779 1.181460
780 1.181548
781 1.181702
782 1.181360
783 1.181136
784 1.181610
785 1.181602
786 1.181822
787 1.181604
788 1.182122
789 1.182580
790 1.182534
791 1.182424
792 1.182532
793 1.182040
794 1.182456
795 1.182190
796 1.181662
797 1.182222
798 1.181754
799 1.182304
800 1.182538
801 1.182482
802 1.182286
803 1.181840
804 1.181874
805 1.181654
806 1.181770
807 1.182048
808 1.182090
809 1.182256
810 1.182210
811 1.181592
812 1.181194
813 1.181572
814 1.181394
815 1.182050
816 1.181832
817 1.182254
818 1.181962
819 1.181982
820 1.182164
821 1.181728
822 1.181314
823 1.181026
824 1.181718
825 1.182258
826 1.182728
827 1.182418
828 1.181622
829 1.182648
830 1.183048
831 1.183232
832 1.183494
833 1.183428
834 1.183402
835 1.183036
836 1.182862
837 1.182466
838 1.182340
839 1.182076
840 1.182108
841 1.181716
842 1.181456
843 1.180938
844 1.181148
845 1.181136
846 1.180722
847 1.181152
848 1.181048
849 1.181250
850 1.181094
851 1.180538
852 1.180628
853 1.180740
854 1.181124
855 1.181478
856 1.182076
857 1.181792
858 1.182038
859 1.182068
860 1.182286
861 1.182428
862 1.182122
863 1.182324
864 1.182848
865 1.182164
866 1.181988
867 1.182250
868 1.181934
869 1.181312
870 1.181706
871 1.181750
872 1.181802
873 1.181458
874 1.181420
875 1.181430
876 1.181546
877 1.181532
878 1.181402
879 1.181350
880 1.181312
881 1.181434
882 1.181140
883 1.181304
884 1.181192
885 1.181054
886 1.181384
887 1.181522
888 1.181024
889 1.180614
890 1.181142
891 1.180680
892 1.180984
893 1.180606
894 1.180720
895 1.180928
896 1.180950
897 1.180920
898 1.181276
899 1.181098
900 1.180884
901 1.180384
902 1.180734
903 1.181044
904 1.181388
905 1.181308
906 1.181594
907 1.181680
908 1.182066
909 1.182046
910 1.181610
911 1.182206
912 1.181800
913 1.181484
914 1.181266
915 1.181508
916 1.181912
917 1.182522
918 1.182250
919 1.182016
920 1.182056
921 1.181860
922 1.181822
923 1.182176
924 1.181610
925 1.181302
926 1.180842
927 1.180308
928 1.180158
929 1.179846
930 1.179770
931 1.179378
932 1.179746
933 1.179948
934 1.179882
935 1.179200
936 1.179844
937 1.179896
938 1.180276
939 1.180568
940 1.180688
941 1.180598
942 1.180836
943 1.180954
944 1.181286
945 1.181890
946 1.182504
947 1.182386
948 1.182536
949 1.182970
950 1.183146
951 1.183256
952 1.183056
953 1.182490
954 1.182934
955 1.183204
956 1.183478
957 1.183488
958 1.182864
959 1.182678
960 1.182486
961 1.181684
962 1.181930
963 1.181984
964 1.182634
965 1.182996
966 1.182726
967 1.182870
968 1.182528
969 1.182494
970 1.181586
971 1.181228
972 1.181536
973 1.181916
974 1.182060
975 1.181792
976 1.181906
977 1.181144
978 1.180716
979 1.180618
980 1.181110
981 1.180714
982 1.181746
983 1.182376
984 1.182994
985 1.183394
986 1.184028
987 1.183460
988 1.183604
989 1.183524
990 1.182880
991 1.182554
992 1.182786
993 1.182224
994 1.182452
995 1.182682
996 1.182504
997 1.182610
998 1.182870
999 1.182652
1000 1.183084
1001 1.182928
1002 1.182884
1003 1.182704
1004 1.182852
1005 1.183110
1006 1.183064
1007 1.183216
1008 1.183476
1009 1.182962
1010 1.183600
1011 1.183932
1012 1.183960
1013 1.184146
1014 1.184930
1015 1.184858
1016 1.184834
1017 1.184584
1018 1.184556
1019 1.184410
1020 1.183810
1021 1.184272
1022 1.184068
1023 1.184716
1024 1.184704
1025 1.185864
1026 1.185088
1027 1.184878
1028 1.184836
1029 1.185098
1030 1.184420
1031 1.184640
1032 1.184346
1033 1.183614
1034 1.183840
1035 1.183854
1036 1.184240
1037 1.184364
1038 1.184824
1039 1.184834
1040 1.184812
1041 1.184650
1042 1.184768
1043 1.184586
1044 1.184686
1045 1.184694
1046 1.184208
1047 1.184148
1048 1.184258
1049 1.184616
1050 1.184204
1051 1.183656
1052 1.183674
1053 1.183122
1054 1.183136
1055 1.182566
1056 1.182338
1057 1.181590
1058 1.181448
1059 1.181236
1060 1.180958
1061 1.180662
1062 1.181134
1063 1.180630
1064 1.180872
1065 1.180510
1066 1.180266
1067 1.180290
1068 1.180366
1069 1.180682
1070 1.179882
1071 1.180368
1072 1.180286
1073 1.179950
1074 1.179622
1075 1.179848
1076 1.179948
1077 1.179766
1078 1.179412
1079 1.179100
1080 1.179632
1081 1.179500
1082 1.180256
1083 1.180492
1084 1.180752
1085 1.181164
1086 1.181010
1087 1.181438
1088 1.181194
1089 1.181302
1090 1.180494
1091 1.180666
1092 1.180714
1093 1.180730
1094 1.180422
1095 1.180666
1096 1.180412
1097 1.180198
1098 1.181156
1099 1.181348
1100 1.181660
1101 1.181908
1102 1.181154
1103 1.181516
1104 1.181050
1105 1.181346
1106 1.181220
1107 1.181136
1108 1.181262
1109 1.180952
1110 1.180508
1111 1.180752
1112 1.180640
1113 1.180172
1114 1.180050
1115 1.179782
1116 1.179652
1117 1.180178
1118 1.180000
1119 1.179652
1120 1.180174
1121 1.180206
1122 1.180712
1123 1.180374
1124 1.180284
1125 1.179972
1126 1.180672
1127 1.180706
1128 1.180976
1129 1.181054
1130 1.181090
1131 1.181114
1132 1.181150
1133 1.180676
1134 1.181742
1135 1.182048
1136 1.181456
1137 1.181418
1138 1.181448
1139 1.180958
1140 1.181318
1141 1.181420
1142 1.181174
1143 1.180978
1144 1.181266
1145 1.180774
1146 1.181138
1147 1.181330
1148 1.181080
1149 1.180834
1150 1.180440
1151 1.180662
1152 1.181282
1153 1.180978
1154 1.180958
1155 1.180592
1156 1.181140
1157 1.181080
1158 1.181210
1159 1.181340
1160 1.181448
1161 1.181428
1162 1.181204
1163 1.181410
1164 1.181742
1165 1.180750
1166 1.180464
1167 1.180466
1168 1.180670
1169 1.180772
1170 1.180212
1171 1.180106
1172 1.180532
1173 1.180578
1174 1.181644
1175 1.181932
1176 1.182048
1177 1.182240
1178 1.182204
1179 1.182354
1180 1.182044
1181 1.182116
1182 1.182648
1183 1.182836
1184 1.183342
1185 1.183262
1186 1.183438
1187 1.183256
1188 1.182514
1189 1.183018
1190 1.182526
1191 1.182144
1192 1.182322
1193 1.182620
1194 1.182346
1195 1.182532
1196 1.182448
1197 1.182906
1198 1.183524
1199 1.183850
1200 1.184572
1201 1.185192
1202 1.185242
1203 1.184556
1204 1.184102
1205 1.183692
1206 1.183216
1207 1.183274
1208 1.182700
1209 1.182838
1210 1.182446
1211 1.182528
1212 1.182272
1213 1.182202
1214 1.181836
1215 1.182438
1216 1.182060
1217 1.182280
1218 1.182212
1219 1.181830
1220 1.181690
1221 1.182322
1222 1.182442
1223 1.182374
1224 1.182158
1225 1.182424
1226 1.182374
1227 1.182532
1228 1.182830
1229 1.182662
1230 1.182404
1231 1.182298
1232 1.182620
1233 1.182856
1234 1.182810
1235 1.182802
1236 1.183116
1237 1.182968
1238 1.183352
1239 1.182760
1240 1.182748
1241 1.182960
1242 1.182876
1243 1.183310
1244 1.183930
1245 1.184502
1246 1.183980
1247 1.184476
1248 1.185094
1249 1.184344
1250 1.184234
1251 1.184926
1252 1.185266
1253 1.185130
1254 1.186096
1255 1.186058
1256 1.185966
1257 1.185730
1258 1.185332
1259 1.185656
1260 1.185752
1261 1.185224
1262 1.184820
1263 1.185312
1264 1.185556
1265 1.185356
1266 1.184858
1267 1.184780
1268 1.184798
1269 1.185160
1270 1.184822
1271 1.185644
1272 1.185420
1273 1.185072
1274 1.184546
1275 1.184754
1276 1.184540
1277 1.183328
1278 1.182432
1279 1.182166
1280 1.182706
1281 1.183158
1282 1.183410
1283 1.182968
1284 1.182962
1285 1.182792
1286 1.182354
1287 1.181516
1288 1.182166
1289 1.182364
1290 1.182962
1291 1.182762
1292 1.181686
1293 1.181626
1294 1.181982
1295 1.181750
1296 1.181260
1297 1.181728
1298 1.181902
1299 1.182020
1300 1.181906
1301 1.182822
1302 1.182222
1303 1.182142
1304 1.182896
1305 1.182762
1306 1.182804
1307 1.182886
1308 1.182644
1309 1.182626
1310 1.182512
1311 1.182352
1312 1.181936
1313 1.181966
1314 1.181272
1315 1.181042
1316 1.181186
1317 1.181546
1318 1.181588
1319 1.182192
1320 1.181640
1321 1.182078
1322 1.181724
1323 1.181194
1324 1.180832
1325 1.180688
1326 1.180270
1327 1.180108
1328 1.180420
1329 1.180890
1330 1.180858
1331 1.180978
1332 1.180960
1333 1.180814
1334 1.180888
1335 1.180262
1336 1.179596
1337 1.180196
1338 1.180090
1339 1.180272
1340 1.180014
1341 1.180572
1342 1.180882
1343 1.181560
1344 1.181972
1345 1.182058
1346 1.182080
1347 1.182252
1348 1.182476
1349 1.183012
1350 1.182754
1351 1.183820
1352 1.183844
1353 1.183340
1354 1.183952
1355 1.183796
1356 1.183952
1357 1.183924
1358 1.183474
1359 1.183512
1360 1.183384
1361 1.183658
1362 1.183638
1363 1.183574
1364 1.183238
1365 1.183410
1366 1.183108
1367 1.182900
1368 1.182314
1369 1.181992
1370 1.181410
1371 1.181224
1372 1.181094
1373 1.180942
1374 1.180352
1375 1.180990
1376 1.181218
1377 1.181182
1378 1.181638
1379 1.181350
1380 1.181128
1381 1.181898
1382 1.181242
1383 1.181344
1384 1.181498
1385 1.181156
1386 1.180914
1387 1.181246
1388 1.181140
1389 1.180860
1390 1.180508
1391 1.181060
1392 1.180442
1393 1.180270
1394 1.179980
1395 1.180756
1396 1.180680
1397 1.180726
1398 1.180788
1399 1.181568
1400 1.181128
1401 1.181440
1402 1.181780
1403 1.182288
1404 1.182646
1405 1.182164
1406 1.182082
1407 1.181730
1408 1.181922
1409 1.182082
1410 1.182310
1411 1.182070
1412 1.182120
1413 1.181788
1414 1.181922
1415 1.181586
1416 1.181700
1417 1.180792
1418 1.180642
1419 1.180764
1420 1.180524
1421 1.180564
1422 1.179796
1423 1.180004
1424 1.180612
1425 1.180504
1426 1.180204
1427 1.180194
1428 1.180246
1429 1.180458
1430 1.180214
1431 1.180822
1432 1.180728
1433 1.180366
1434 1.179872
1435 1.180052
1436 1.180568
1437 1.180434
1438 1.180102
1439 1.179962
1440 1.179792
1441 1.180002
1442 1.180590
1443 1.180732
1444 1.180778
1445 1.181050
1446 1.181408
1447 1.181590
1448 1.181550
1449 1.181952
1450 1.181828
1451 1.181846
1452 1.182284
1453 1.181854
1454 1.182522
1455 1.182780
1456 1.182830
1457 1.182646
1458 1.182614
1459 1.182668
1460 1.183422
1461 1.182770
1462 1.182694
1463 1.182616
1464 1.183066
1465 1.183380
1466 1.183200
1467 1.183742
1468 1.183860
1469 1.183462
1470 1.183714
1471 1.183654
1472 1.183710
1473 1.183532
1474 1.183582
1475 1.183442
1476 1.183330
1477 1.183448
1478 1.183408
1479 1.183786
1480 1.183802
1481 1.184252
1482 1.184464
1483 1.184248
1484 1.184158
1485 1.184136
1486 1.184254
1487 1.184130
1488 1.184372
1489 1.184332
1490 1.183682
1491 1.182960
1492 1.183174
1493 1.182470
1494 1.182470
1495 1.182334
1496 1.182452
1497 1.181768
1498 1.182164
1499 1.182320
1500 1.182226
1501 1.182322
1502 1.182802
1503 1.182354
1504 1.182446
1505 1.182236
1506 1.181852
1507 1.182074
1508 1.182518
1509 1.182456
1510 1.182356
1511 1.182404
1512 1.181928
1513 1.181812
1514 1.182294
1515 1.182608
1516 1.183432
1517 1.183250
1518 1.182230
1519 1.182122
1520 1.182192
1521 1.181974
1522 1.182036
1523 1.181920
1524 1.181976
1525 1.181968
1526 1.182312
1527 1.182166
1528 1.181438
1529 1.181272
1530 1.181132
1531 1.180834
1532 1.182144
1533 1.182144
1534 1.182356
1535 1.182228
1536 1.182322
1537 1.181972
1538 1.181874
1539 1.181512
1540 1.181964
1541 1.182062
1542 1.182096
1543 1.181376
1544 1.180858
1545 1.180782
1546 1.180290
1547 1.180064
1548 1.180168
1549 1.180524
1550 1.180288
1551 1.180790
1552 1.180184
1553 1.181150
1554 1.181840
1555 1.181850
1556 1.181754
1557 1.181472
1558 1.181518
1559 1.181422
1560 1.181280
1561 1.181718
1562 1.181452
1563 1.181018
1564 1.180734
1565 1.180308
1566 1.179990
1567 1.180146
1568 1.180336
1569 1.179746
1570 1.179832
1571 1.180456
1572 1.180774
1573 1.181100
1574 1.181348
1575 1.181782
1576 1.181438
1577 1.181936
1578 1.182310
1579 1.182748
1580 1.182818
1581 1.182774
1582 1.183226
1583 1.183722
1584 1.183906
1585 1.183464
1586 1.183562
1587 1.183140
1588 1.183536
1589 1.183702
1590 1.183036
1591 1.183436
1592 1.183620
1593 1.183246
1594 1.183328
1595 1.183356
1596 1.183418
1597 1.183512
1598 1.182892
1599 1.183282
1600 1.183568
1601 1.184006
1602 1.183934
1603 1.184138
1604 1.183986
1605 1.183742
1606 1.182884
1607 1.183196
1608 1.182612
1609 1.182510
1610 1.181792
1611 1.181868
1612 1.182012
1613 1.182320
1614 1.182880
1615 1.183176
1616 1.182818
1617 1.183038
1618 1.182914
1619 1.182500
1620 1.182192
1621 1.181916
1622 1.182240
1623 1.181892
1624 1.182024
1625 1.181706
1626 1.182126
1627 1.182458
1628 1.181702
1629 1.181630
1630 1.181458
1631 1.182082
1632 1.182386
1633 1.182688
1634 1.183244
1635 1.183110
1636 1.183264
1637 1.182938
1638 1.183294
1639 1.183518
1640 1.183046
1641 1.183374
1642 1.183308
1643 1.183382
1644 1.183548
1645 1.183390
1646 1.182826
1647 1.182774
1648 1.182948
1649 1.183256
1650 1.183118
1651 1.182482
1652 1.182850
1653 1.182000
1654 1.181356
1655 1.181248
1656 1.181310
1657 1.180752
1658 1.180978
1659 1.181114
1660 1.180326
1661 1.179838
1662 1.179518
1663 1.179004
1664 1.179096
1665 1.179908
1666 1.179922
1667 1.179824
1668 1.180006
1669 1.180662
1670 1.180342
1671 1.180334
1672 1.181282
1673 1.181070
1674 1.181614
1675 1.181328
1676 1.181542
1677 1.182004
1678 1.182416
1679 1.182282
1680 1.182752
1681 1.182130
1682 1.182916
1683 1.182560
1684 1.182734
1685 1.182476
1686 1.182092
1687 1.181912
1688 1.181530
1689 1.181826
1690 1.182208
1691 1.182138
1692 1.181664
1693 1.181414
1694 1.181176
1695 1.180784
1696 1.181200
1697 1.181362
1698 1.181450
1699 1.181078
1700 1.181134
1701 1.182044
1702 1.181904
1703 1.182242
1704 1.182518
1705 1.181644
1706 1.181282
1707 1.181196
1708 1.181162
1709 1.180270
1710 1.181108
1711 1.181252
1712 1.181446
1713 1.181152
1714 1.182382
1715 1.182350
1716 1.182376
1717 1.182130
1718 1.182020
1719 1.181972
1720 1.181680
1721 1.182400
1722 1.182698
1723 1.182434
1724 1.182156
1725 1.182056
1726 1.181674
1727 1.182234
1728 1.182352
1729 1.182302
1730 1.182876
1731 1.183226
1732 1.183218
1733 1.183542
1734 1.182772
1735 1.183014
1736 1.182872
1737 1.182580
1738 1.182356
1739 1.182844
1740 1.182978
1741 1.182860
1742 1.182766
1743 1.182914
1744 1.182814
1745 1.182902
1746 1.183306
1747 1.183542
1748 1.183666
1749 1.183508
1750 1.184168
1751 1.184074
1752 1.182868
1753 1.182636
1754 1.182032
1755 1.181596
1756 1.180906
1757 1.181216
1758 1.181328
1759 1.180938
1760 1.180710
1761 1.180842
1762 1.181158
1763 1.181808
1764 1.182506
1765 1.182638
1766 1.182808
1767 1.182494
1768 1.183118
1769 1.182868
1770 1.182590
1771 1.181934
1772 1.181914
1773 1.181098
1774 1.181408
1775 1.181332
1776 1.181108
1777 1.181084
1778 1.182502
1779 1.182768
1780 1.182632
1781 1.183000
1782 1.183148
1783 1.183278
1784 1.183380
1785 1.183412
1786 1.183232
1787 1.183458
1788 1.182896
1789 1.182128
1790 1.182796
1791 1.183542
1792 1.183810
1793 1.183336
1794 1.184002
1795 1.184422
1796 1.185278
1797 1.184724
1798 1.184658
1799 1.184794
1800 1.184064
1801 1.183816
1802 1.183472
1803 1.183588
1804 1.183742
1805 1.183898
1806 1.184220
1807 1.184102
1808 1.184252
1809 1.184264
1810 1.184382
1811 1.184152
1812 1.183854
1813 1.183642
1814 1.183888
1815 1.183482
1816 1.182906
1817 1.182612
1818 1.182752
1819 1.183586
1820 1.183274
1821 1.183182
1822 1.183504
1823 1.183686
1824 1.183230
1825 1.183314
1826 1.183318
1827 1.183236
1828 1.182946
1829 1.183102
1830 1.183328
1831 1.184074
1832 1.183856
1833 1.183442
1834 1.183558
1835 1.183952
1836 1.183540
1837 1.183642
1838 1.183970
1839 1.183954
1840 1.184914
1841 1.184506
1842 1.184102
1843 1.184352
1844 1.184482
1845 1.184388
1846 1.184636
1847 1.184646
1848 1.183836
1849 1.183788
1850 1.183344
1851 1.182582
1852 1.182942
1853 1.183772
1854 1.183610
1855 1.183364
1856 1.183598
1857 1.184328
1858 1.184922
1859 1.184926
1860 1.184778
1861 1.184480
1862 1.184628
1863 1.184820
1864 1.184724
1865 1.184170
1866 1.184020
1867 1.184430
1868 1.184172
1869 1.183968
1870 1.183626
1871 1.183828
1872 1.183240
1873 1.182602
1874 1.182358
1875 1.182760
1876 1.182666
1877 1.182738
1878 1.182492
1879 1.182774
1880 1.183304
1881 1.183090
1882 1.182584
1883 1.182316
1884 1.182602
1885 1.182106
1886 1.181930
1887 1.181520
1888 1.181596
1889 1.181466
1890 1.180590
1891 1.180852
1892 1.181314
1893 1.181768
1894 1.181756
1895 1.181038
1896 1.180998
1897 1.180986
1898 1.180652
1899 1.181050
1900 1.181250
1901 1.181336
1902 1.181690
1903 1.180968
1904 1.181232
1905 1.181366
1906 1.181068
1907 1.181014
1908 1.180316
1909 1.180410
1910 1.180236
1911 1.180206
1912 1.180400
1913 1.180142
1914 1.180226
1915 1.180122
1916 1.180190
1917 1.180782
1918 1.180956
1919 1.181098
1920 1.181280
1921 1.181104
1922 1.181782
1923 1.180908
1924 1.181530
1925 1.181382
1926 1.181754
1927 1.182314
1928 1.182150
1929 1.182500
1930 1.182956
1931 1.182680
1932 1.183030
1933 1.183040
1934 1.183442
1935 1.183120
1936 1.183084
1937 1.182790
1938 1.182570
1939 1.181888
1940 1.181490
1941 1.181070
1942 1.180618
1943 1.180558
1944 1.180466
1945 1.180402
1946 1.180374
1947 1.180234
1948 1.180152
1949 1.180126
1950 1.180598
1951 1.180772
1952 1.180820
1953 1.180618
1954 1.180556
1955 1.180122
1956 1.179764
1957 1.180256
1958 1.179436
1959 1.179828
1960 1.179850
1961 1.179542
1962 1.179628
1963 1.179596
1964 1.179632
1965 1.180208
1966 1.180750
1967 1.181090
1968 1.180914
1969 1.181686
1970 1.181884
1971 1.181832
1972 1.182066
1973 1.182196
1974 1.181292
1975 1.181222
1976 1.182110
1977 1.182324
1978 1.182202
1979 1.181936
1980 1.182090
1981 1.182490
1982 1.182336
1983 1.182126
1984 1.181474
1985 1.181810
1986 1.182140
1987 1.181188
1988 1.181740
1989 1.181466
1990 1.181622
1991 1.181242
1992 1.181354
1993 1.181492
1994 1.181284
1995 1.181342
1996 1.181548
1997 1.181720
1998 1.182082
1999 1.182088
2000 1.182514
2001 1.182594
2002 1.182908
2003 1.182388
2004 1.182194
2005 1.181650
2006 1.181892
2007 1.181952
2008 1.181756
2009 1.182036
2010 1.181876
2011 1.182716
2012 1.183330
2013 1.183698
2014 1.183428
2015 1.184090
2016 1.185162
2017 1.184984
2018 1.184806
2019 1.184818
2020 1.184772
2021 1.184512
2022 1.184660
2023 1.184848
2024 1.184712
2025 1.185144
2026 1.185400
2027 1.185088
2028 1.184586
2029 1.183790
2030 1.183518
2031 1.183854
2032 1.184166
2033 1.183706
2034 1.184204
2035 1.183792
2036 1.183388
2037 1.183232
2038 1.183612
2039 1.183672
2040 1.183564
2041 1.183926
2042 1.184306
2043 1.184788
2044 1.184604
2045 1.184166
2046 1.183964
2047 1.183932
2048 1.183784
2049 1.183652
2050 1.183856
2051 1.184140
2052 1.184620
2053 1.184708
2054 1.184206
2055 1.184184
2056 1.184358
2057 1.183612
2058 1.184262
2059 1.184338
2060 1.184360
2061 1.183672
2062 1.183396
2063 1.183286
2064 1.183402
2065 1.183022
2066 1.183734
2067 1.183766
2068 1.183402
2069 1.183984
2070 1.183774
2071 1.183838
2072 1.184180
2073 1.184016
2074 1.183844
2075 1.183428
2076 1.183648
2077 1.183276
2078 1.183322
2079 1.183028
2080 1.183080
2081 1.183660
2082 1.184588
2083 1.185022
2084 1.184318
2085 1.184990
2086 1.184944
2087 1.185002
2088 1.184808
2089 1.184172
2090 1.184424
2091 1.184344
2092 1.184668
2093 1.184378
2094 1.185110
2095 1.185224
2096 1.185820
2097 1.185638
2098 1.185204
2099 1.184948
2100 1.184742
2101 1.184430
2102 1.184688
2103 1.184286
2104 1.183792
2105 1.184138
2106 1.184246
2107 1.184074
2108 1.184046
2109 1.183974
2110 1.183730
2111 1.183730
2112 1.183702
2113 1.183494
2114 1.182988
2115 1.183108
2116 1.183368
2117 1.182998
2118 1.183428
2119 1.183462
2120 1.182954
2121 1.183034
2122 1.182846
2123 1.182876
2124 1.183354
2125 1.183518
2126 1.183310
2127 1.183400
2128 1.183880
2129 1.183482
2130 1.183820
2131 1.183704
2132 1.183392
2133 1.183224
2134 1.182856
2135 1.182456
2136 1.182130
2137 1.182226
2138 1.182856
2139 1.182946
2140 1.182566
2141 1.182048
2142 1.182532
2143 1.182660
2144 1.182898
2145 1.183516
2146 1.183676
2147 1.184066
2148 1.183180
2149 1.183130
2150 1.183846
2151 1.183428
2152 1.183694
2153 1.184284
2154 1.184066
2155 1.183896
2156 1.183822
2157 1.183482
2158 1.183246
2159 1.182724
2160 1.182760
2161 1.182362
2162 1.182484
2163 1.182054
2164 1.182496
2165 1.182838
2166 1.182700
2167 1.182032
2168 1.181764
2169 1.181422
2170 1.181448
2171 1.182398
2172 1.182394
2173 1.182604
2174 1.182660
2175 1.183172
2176 1.182822
2177 1.182134
2178 1.182494
2179 1.182540
2180 1.182408
2181 1.182430
2182 1.182536
2183 1.182844
2184 1.182684
2185 1.181984
2186 1.182610
2187 1.182334
2188 1.182138
2189 1.182326
2190 1.182346
2191 1.183144
2192 1.182864
2193 1.182664
2194 1.182640
2195 1.183126
2196 1.182726
2197 1.182554
2198 1.182442
2199 1.182132
2200 1.181828
2201 1.181566
2202 1.182552
2203 1.182298
2204 1.182260
2205 1.182628
2206 1.182826
2207 1.182896
2208 1.182578
2209 1.182082
2210 1.182494
2211 1.182874
2212 1.183306
2213 1.183052
2214 1.182294
2215 1.182570
2216 1.182722
2217 1.182646
2218 1.182598
2219 1.182890
2220 1.182450
2221 1.182624
2222 1.182466
2223 1.182626
2224 1.182694
2225 1.182756
2226 1.183224
2227 1.183568
2228 1.183668
2229 1.183926
2230 1.183820
2231 1.184032
2232 1.184216
2233 1.184182
2234 1.184142
2235 1.183978
2236 1.183540
2237 1.183514
2238 1.182822
2239 1.182820
2240 1.182906
2241 1.182870
2242 1.183636
2243 1.183728
2244 1.182818
2245 1.182694
2246 1.183130
2247 1.182206
2248 1.182026
2249 1.181946
2250 1.181994
2251 1.182556
2252 1.182874
2253 1.183490
2254 1.183442
2255 1.183990
2256 1.184294
2257 1.183766
2258 1.184450
2259 1.184244
2260 1.184462
2261 1.184570
2262 1.184556
2263 1.184772
2264 1.184890
2265 1.184594
2266 1.184768
2267 1.184646
2268 1.184326
2269 1.184278
2270 1.184120
2271 1.184666
2272 1.184624
2273 1.184098
2274 1.183588
2275 1.183012
2276 1.182892
2277 1.182990
2278 1.182728
2279 1.182098
2280 1.182270
2281 1.182498
2282 1.182024
2283 1.182390
2284 1.182452
2285 1.181964
2286 1.181922
2287 1.181902
2288 1.181904
2289 1.182074
2290 1.182062
2291 1.182266
2292 1.182426
2293 1.181948
2294 1.181868
2295 1.182354
2296 1.181904
2297 1.181986
2298 1.181474
2299 1.181302
2300 1.180580
2301 1.180570
2302 1.181244
2303 1.181856
2304 1.182100
2305 1.182200
2306 1.182428
2307 1.182688
2308 1.183000
2309 1.183126
2310 1.182988
2311 1.182870
2312 1.182952
2313 1.182626
2314 1.182896
2315 1.182912
2316 1.182366
2317 1.182632
2318 1.183102
2319 1.182636
2320 1.181934
2321 1.182090
2322 1.182628
2323 1.182454
2324 1.182318
2325 1.182110
2326 1.182074
2327 1.182044
2328 1.181864
2329 1.182012
2330 1.181612
2331 1.181974
2332 1.181842
2333 1.181494
2334 1.182074
2335 1.181216
2336 1.181476
2337 1.181114
2338 1.180868
2339 1.180806
2340 1.180346
2341 1.181038
2342 1.181552
2343 1.181776
2344 1.181534
2345 1.181482
2346 1.181064
2347 1.180918
2348 1.180990
2349 1.181020
2350 1.181434
2351 1.181566
2352 1.181376
2353 1.181528
2354 1.181610
2355 1.181936
2356 1.182058
2357 1.181990
2358 1.181882
2359 1.181564
2360 1.181724
2361 1.182208
2362 1.182238
2363 1.182446
2364 1.182000
2365 1.182312
2366 1.182040
2367 1.182400
2368 1.182498
2369 1.182762
2370 1.182934
2371 1.183184
2372 1.183134
2373 1.183714
2374 1.183896
2375 1.184142
2376 1.183886
2377 1.183298
2378 1.182262
2379 1.182600
2380 1.182448
2381 1.182462
2382 1.182628
2383 1.182352
2384 1.182348
2385 1.182066
2386 1.182240
2387 1.182592
2388 1.182632
2389 1.182972
2390 1.182588
2391 1.182390
2392 1.182278
2393 1.182272
2394 1.182614
2395 1.182274
2396 1.182408
2397 1.182040
2398 1.181902
2399 1.181956
2400 1.182114
2401 1.182812
2402 1.182690
2403 1.182822
2404 1.182696
2405 1.183056
2406 1.183660
2407 1.183314
2408 1.183438
2409 1.183054
2410 1.182900
2411 1.183184
2412 1.183502
2413 1.183606
2414 1.184244
2415 1.184412
2416 1.184284
2417 1.183936
2418 1.184040
2419 1.183818
2420 1.183506
2421 1.183662
2422 1.183412
2423 1.183216
2424 1.183720
2425 1.183340
2426 1.183696
2427 1.183788
2428 1.184104
2429 1.183654
2430 1.183928
2431 1.183796
2432 1.183572
2433 1.183096
2434 1.183402
2435 1.183886
2436 1.183604
2437 1.183572
2438 1.183492
2439 1.182900
2440 1.182360
2441 1.181748
2442 1.182252
2443 1.181868
2444 1.181920
2445 1.181672
2446 1.181608
2447 1.182214
2448 1.181992
2449 1.182448
2450 1.182886
2451 1.182692
2452 1.182918
2453 1.182992
2454 1.183584
2455 1.183942
2456 1.183626
2457 1.183574
2458 1.183912
2459 1.183016
2460 1.182922
2461 1.182848
2462 1.183768
2463 1.183150
2464 1.182734
2465 1.182604
2466 1.182316
2467 1.181892
2468 1.182046
2469 1.181346
2470 1.181240
2471 1.181746
2472 1.182104
2473 1.181760
2474 1.181376
2475 1.181604
2476 1.181226
2477 1.181854
2478 1.181814
2479 1.181880
2480 1.181582
2481 1.181752
2482 1.181634
2483 1.181734
2484 1.182152
2485 1.182084
2486 1.182238
2487 1.182506
2488 1.181890
2489 1.182016
2490 1.181788
2491 1.181910
2492 1.182380
2493 1.182154
2494 1.182686
2495 1.182958
2496 1.183686
2497 1.183654
2498 1.184228
2499 1.184124
2500 1.183518
2501 1.183420


Active cycles: 1000
k_mean: 1.182612
k_stddev(cycle): 0.001195
k_stderr(mean): 0.000038
