1 0.989512
2 0.984428
3 0.983044
4 0.983278
5 0.984004
6 0.983830
7 0.983484
8 0.982842
9 0.981838
10 0.980612
11 0.979784
12 0.978582
13 0.977430
14 0.976236
15 0.975348
16 0.974694
17 0.973972
18 0.973754
19 0.973944
20 0.973828
21 0.973828
22 0.974308
23 0.974578
24 0.974814
25 0.975796
26 0.976350
27 0.977272
28 0.978230
29 0.979242
30 0.979772
31 0.981026
32 0.982458
33 0.983710
34 0.984912
35 0.986066
36 0.987446
37 0.989104
38 0.991060
39 0.992302
40 0.993580
41 0.994894
42 0.996162
43 0.997826
44 1.000232
45 1.001820
46 1.003264
47 1.005506
48 1.007128
49 1.008334
50 1.010110
51 1.011000
52 1.012928
53 1.014486
54 1.016224
55 1.018386
56 1.020414
57 1.022212
58 1.023948
59 1.026404
60 1.028424
61 1.030696
62 1.032294
63 1.033970
64 1.035760
65 1.037828
66 1.039686
67 1.041680
68 1.043520
69 1.045280
70 1.046430
71 1.047686
72 1.049104
73 1.050692
74 1.052318
75 1.053836
76 1.056190
77 1.057780
78 1.058848
79 1.060530
80 1.061850
81 1.062860
82 1.064564
83 1.066234
84 1.068270
85 1.069802
86 1.071578
87 1.073524
88 1.075208
89 1.076534
90 1.078580
91 1.080296
92 1.082150
93 1.083378
94 1.084770
95 1.086980
96 1.088802
97 1.090852
98 1.092254
99 1.094130
100 1.095226
101 1.096226
102 1.097316
103 1.099074
104 1.100756
105 1.101976
106 1.102910
107 1.103714
108 1.103878
109 1.105196
110 1.106136
111 1.107372
112 1.108292
113 1.108768
114 1.109154
115 1.110296
116 1.110984
117 1.112890
118 1.113886
119 1.115034
120 1.115666
121 1.116500
122 1.117858
123 1.118526
124 1.119116
125 1.120750
126 1.121634
127 1.121848
128 1.122808
129 1.122960
130 1.123788
131 1.124920
132 1.125620
133 1.126316
134 1.126714
135 1.127678
136 1.128492
137 1.129464
138 1.129950
139 1.130418
140 1.131152
141 1.131926
142 1.133208
143 1.133644
144 1.134720
145 1.134582
146 1.135336
147 1.136846
148 1.137580
149 1.137828
150 1.138462
151 1.138270
152 1.138852
153 1.139212
154 1.140216
155 1.140332
156 1.140588
157 1.141140
158 1.142016
159 1.142226
160 1.142982
161 1.143788
162 1.143254
163 1.143388
164 1.143582
165 1.143760
166 1.144170
167 1.144910
168 1.145192
169 1.145562
170 1.146528
171 1.147722
172 1.148230
173 1.148614
174 1.148820
175 1.149632
176 1.149972
177 1.150448
178 1.151406
179 1.151916
180 1.152190
181 1.152674
182 1.152210
183 1.152546
184 1.152874
185 1.153524
186 1.153726
187 1.154130
188 1.154490
189 1.155120
190 1.155240
191 1.155316
192 1.155278
193 1.156028
194 1.155724
195 1.156670
196 1.157222
197 1.157882
198 1.158752
199 1.158706
200 1.158566
201 1.159184
202 1.159252
203 1.159532
204 1.159942
205 1.160012
206 1.160572
207 1.161150
208 1.161492
209 1.161112
210 1.161248
211 1.161622
212 1.161608
213 1.161494
214 1.161620
215 1.161580
216 1.161832
217 1.161720
218 1.161658
219 1.161552
220 1.162064
221 1.162612
222 1.162918
223 1.163254
224 1.163242
225 1.162852
226 1.162392
227 1.163118
228 1.163354
229 1.163300
230 1.163710
231 1.164188
232 1.164320
233 1.163850
234 1.164192
235 1.164752
236 1.164416
237 1.164392
238 1.164192
239 1.164842
240 1.165432
241 1.165694
242 1.165728
243 1.166358
244 1.166728
245 1.166738
246 1.167068
247 1.167098
248 1.167112
249 1.166828
250 1.167140
251 1.167582
252 1.167380
253 1.167482
254 1.167724
255 1.167680
256 1.168104
257 1.168184
258 1.168716
259 1.169528
260 1.169946
261 1.170194
262 1.169988
263 1.170326
264 1.170544
265 1.170366
266 1.170158
267 1.170434
268 1.170212
269 1.169744
270 1.169446
271 1.169570
272 1.170036
273 1.170140
274 1.170832
275 1.171612
276 1.172252
277 1.172494
278 1.172780
279 1.173146
280 1.172860
281 1.172760
282 1.172442
283 1.172784
284 1.172940
285 1.172256
286 1.172580
287 1.172034
288 1.171982
289 1.172166
290 1.172734
291 1.172508
292 1.172804
293 1.173410
294 1.173644
295 1.173788
296 1.173970
297 1.173728
298 1.174160
299 1.173656
300 1.174116
301 1.173970
302 1.173932
303 1.173848
304 1.174536
305 1.174678
306 1.174040
307 1.174276
308 1.174476
309 1.174172
310 1.173692
311 1.173796
312 1.173982
313 1.174392
314 1.174028
315 1.173700
316 1.173866
317 1.173774
318 1.173388
319 1.173516
320 1.173410
321 1.173812
322 1.173126
323 1.173726
324 1.173650
325 1.173738
326 1.174192
327 1.174894
328 1.174378
329 1.174708
330 1.174764
331 1.175002
332 1.174882
333 1.174832
334 1.175028
335 1.174984
336 1.174850
337 1.174920
338 1.175164
339 1.175240
340 1.175496
341 1.175914
342 1.175756
343 1.175536
344 1.175154
345 1.175022
346 1.174642
347 1.173864
348 1.174296
349 1.174616
350 1.175058
351 1.175356
352 1.175696
353 1.175812
354 1.175826
355 1.175778
356 1.175826
357 1.176524
358 1.176946
359 1.177006
360 1.176804
361 1.176096
362 1.175970
363 1.176064
364 1.176076
365 1.175898
366 1.175716
367 1.175228
368 1.175616
369 1.175726
370 1.176450
371 1.176878
372 1.176988
373 1.177432
374 1.177184
375 1.177286
376 1.177644
377 1.177650
378 1.177002
379 1.177238
380 1.177056
381 1.177360
382 1.177114
383 1.177594
384 1.177586
385 1.177768
386 1.177438
387 1.178088
388 1.177798
389 1.178212
390 1.178164
391 1.178116
392 1.178292
393 1.177980
394 1.177522
395 1.177220
396 1.177436
397 1.177294
398 1.177854
399 1.177744
400 1.178302
401 1.178078
402 1.177724
403 1.177676
404 1.177806
405 1.177996
406 1.177628
407 1.177034
408 1.177310
409 1.177932
410 1.178150
411 1.178324
412 1.178062
413 1.178154
414 1.178054
415 1.178058
416 1.178588
417 1.179204
418 1.179234
419 1.180116
420 1.179596
421 1.179482
422 1.179452
423 1.179138
424 1.178688
425 1.179122
426 1.179330
427 1.178742
428 1.178452
429 1.178182
430 1.177902
431 1.178298
432 1.178132
433 1.178170
434 1.178798
435 1.179446
436 1.179188
437 1.179474
438 1.179410
439 1.179404
440 1.179416
441 1.178812
442 1.178458
443 1.179124
444 1.179426
445 1.179800
446 1.179800
447 1.179644
448 1.178918
449 1.178622
450 1.178970
451 1.178430
452 1.177888
453 1.177570
454 1.177438
455 1.177718
456 1.177810
457 1.178310
458 1.178810
459 1.179088
460 1.178878
461 1.178940
462 1.179204
463 1.179062
464 1.178410
465 1.179008
466 1.179212
467 1.179062
468 1.178986
469 1.178770
470 1.178390
471 1.178478
472 1.178482
473 1.178688
474 1.178298
475 1.178548
476 1.178776
477 1.178826
478 1.178818
479 1.179156
480 1.178712
481 1.179228
482 1.178902
483 1.178830
484 1.178828
485 1.178500
486 1.179160
487 1.179298
488 1.179248
489 1.179778
490 1.179370
491 1.179634
492 1.178736
493 1.177966
494 1.177966
495 1.177886
496 1.177612
497 1.176916
498 1.177240
499 1.176814
500 1.177184
501 1.176792
502 1.176732
503 1.176748
504 1.176312
505 1.176416
506 1.176380
507 1.176484
508 1.176910
509 1.176576
510 1.176052
511 1.175608
512 1.175764
513 1.175542
514 1.175600
515 1.175856
516 1.176030
517 1.176112
518 1.176008
519 1.176286
520 1.176278
521 1.176444
522 1.176514
523 1.176680
524 1.177060
525 1.177608
526 1.177728
527 1.177970
528 1.178502
529 1.178886
530 1.179278
531 1.179094
532 1.179096
533 1.179280
534 1.180072
535 1.179960
536 1.179920
537 1.179878
538 1.180066
539 1.179384
540 1.179386
541 1.179712
542 1.179818
543 1.180536
544 1.180550
545 1.180356
546 1.180334
547 1.179950
548 1.180090
549 1.180150
550 1.179888
551 1.180014
552 1.180130
553 1.180306
554 1.181078
555 1.180440
556 1.180694
557 1.180762
558 1.181066
559 1.180624
560 1.180982
561 1.181344
562 1.181278
563 1.182028
564 1.182156
565 1.181496
566 1.181510
567 1.180878
568 1.180696
569 1.181376
570 1.181704
571 1.182052
572 1.182156
573 1.182302
574 1.181612
575 1.181322
576 1.180824
577 1.180418
578 1.180082
579 1.180320
580 1.180642
581 1.180596
582 1.180754
583 1.181254
584 1.180958
585 1.181078
586 1.180792
587 1.180730
588 1.180948
589 1.180684
590 1.181012
591 1.180764
592 1.180848
593 1.180710
594 1.180282
595 1.180452
596 1.179762
597 1.179596
598 1.179710
599 1.179856
600 1.180252
601 1.180440
602 1.180586
603 1.180662
604 1.180426
605 1.179984
606 1.179796
607 1.180490
608 1.180766
609 1.180818
610 1.181156
611 1.180886
612 1.180668
613 1.180768
614 1.180120
615 1.179732
616 1.179504
617 1.179576
618 1.179250
619 1.178620
620 1.178886
621 1.179062
622 1.179516
623 1.180322
624 1.179952
625 1.179940
626 1.179654
627 1.179816
628 1.180414
629 1.180250
630 1.180478
631 1.179982
632 1.180350
633 1.180508
634 1.180776
635 1.180488
636 1.180018
637 1.180082
638 1.180154
639 1.179898
640 1.179208
641 1.178928
642 1.178578
643 1.178530
644 1.178644
645 1.179188
646 1.179302
647 1.179906
648 1.179330
649 1.179536
650 1.180294
651 1.180786
652 1.181174
653 1.181344
654 1.181048
655 1.181592
656 1.181516
657 1.181534
658 1.181070
659 1.181076
660 1.181232
661 1.181482
662 1.181822
663 1.182298
664 1.181682
665 1.181546
666 1.181114
667 1.181290
668 1.181486
669 1.181214
670 1.180824
671 1.180604
672 1.181400
673 1.181276
674 1.181164
675 1.180908
676 1.180732
677 1.180720
678 1.180176
679 1.180816
680 1.181050
681 1.181650
682 1.181436
683 1.181562
684 1.181622
685 1.182042
686 1.182070
687 1.182520
688 1.181936
689 1.181610
690 1.181716
691 1.181522
692 1.181336
693 1.182088
694 1.182400
695 1.182606
696 1.182854
697 1.183554
698 1.183162
699 1.183092
700 1.183426
701 1.183050
702 1.183142
703 1.183094
704 1.183556
705 1.183466
706 1.183660
707 1.183426
708 1.183366
709 1.183846
710 1.183450
711 1.183962
712 1.184472
713 1.184398
714 1.183870
715 1.183662
716 1.183072
717 1.182984
718 1.183276
719 1.182854
720 1.183400
721 1.183030
722 1.182774
723 1.183124
724 1.182706
725 1.183164
726 1.183312
727 1.183386
728 1.183588
729 1.182858
730 1.182968
731 1.182862
732 1.182552
733 1.181840
734 1.181768
735 1.181354
736 1.181318
737 1.181410
738 1.180750
739 1.180754
740 1.181078
741 1.181158
742 1.180854
743 1.180962
744 1.180550
745 1.180954
746 1.181286
747 1.181436
748 1.181024
749 1.181288
750 1.181690
751 1.181926
752 1.181386
753 1.182256
754 1.182276
755 1.182110
756 1.182260
757 1.182244
758 1.182306
759 1.182146
760 1.181960
761 1.181948
762 1.181802
763 1.181584
764 1.181180
765 1.181488
766 1.181362
767 1.181050
768 1.180882
769 1.181298
770 1.181728
771 1.181860
772 1.181398
773 1.181384
774 1.181540
775 1.181756
776 1.181686
777 1.181588
778 1.181844
779 1.181342
780 1.181334
781 1.181582
782 1.181030
783 1.181416
784 1.181382
785 1.181566
786 1.180968
787 1.180182
788 1.180538
789 1.180652
790 1.180898
791 1.181232
792 1.180310
793 1.180446
794 1.180310
795 1.180868
796 1.181356
797 1.181258
798 1.181192
799 1.181170
800 1.181358
801 1.181204
802 1.181236
803 1.181276
804 1.181522
805 1.181592
806 1.181770
807 1.181558
808 1.182326
809 1.182616
810 1.182638
811 1.182478
812 1.182704
813 1.182040
814 1.181910
815 1.181964
816 1.181140
817 1.181272
818 1.181024
819 1.180944
820 1.181094
821 1.180330
822 1.180254
823 1.180362
824 1.180786
825 1.180704
826 1.180230
827 1.180054
828 1.179894
829 1.180184
830 1.180776
831 1.180080
832 1.179594
833 1.179624
834 1.179906
835 1.179990
836 1.180546
837 1.181350
838 1.181188
839 1.180672
840 1.180658
841 1.180584
842 1.180776
843 1.180912
844 1.180992
845 1.181508
846 1.181976
847 1.182730
848 1.182652
849 1.182172
850 1.182570
851 1.182902
852 1.182474
853 1.182350
854 1.181888
855 1.181894
856 1.181126
857 1.180934
858 1.180702
859 1.180980
860 1.181712
861 1.182186
862 1.182644
863 1.182518
864 1.181812
865 1.181402
866 1.181678
867 1.182232
868 1.182452
869 1.182326
870 1.182626
871 1.182300
872 1.182274
873 1.181856
874 1.182562
875 1.182242
876 1.182082
877 1.182274
878 1.181472
879 1.181030
880 1.180328
881 1.180288
882 1.180530
883 1.180796
884 1.180784
885 1.180814
886 1.180032
887 1.180290
888 1.180014
889 1.180042
890 1.179968
891 1.179922
892 1.180174
893 1.180640
894 1.180828
895 1.180738
896 1.180868
897 1.181172
898 1.181074
899 1.181408
900 1.181090
901 1.181182
902 1.180656
903 1.180732
904 1.180166
905 1.179792
906 1.180028
907 1.179730
908 1.179772
909 1.179668
910 1.180476
911 1.180700
912 1.180022
913 1.179868
914 1.180188
915 1.180836
916 1.181714
917 1.182064
918 1.182236
919 1.182100
920 1.182110
921 1.182530
922 1.182486
923 1.182232
924 1.181610
925 1.181476
926 1.181490
927 1.181364
928 1.181132
929 1.181010
930 1.181344
931 1.181408
932 1.181042
933 1.180896
934 1.180444
935 1.180136
936 1.180002
937 1.179796
938 1.179864
939 1.179590
940 1.179612
941 1.179864
942 1.180092
943 1.180406
944 1.180472
945 1.180152
946 1.179880
947 1.180030
948 1.179990
949 1.180060
950 1.179932
951 1.180120
952 1.179942
953 1.180338
954 1.180212
955 1.179918
956 1.179596
957 1.179764
958 1.179754
959 1.179508
960 1.178788
961 1.178820
962 1.178958
963 1.179168
964 1.179426
965 1.179358
966 1.179806
967 1.180386
968 1.179948
969 1.179526
970 1.179266
971 1.178986
972 1.178686
973 1.178866
974 1.179078
975 1.179016
976 1.179210
977 1.179782
978 1.179918
979 1.179922
980 1.179754
981 1.180268
982 1.181022
983 1.181316
984 1.181778
985 1.182266
986 1.182324
987 1.182944
988 1.183220
989 1.182740
990 1.182800
991 1.182356
992 1.182436
993 1.182336
994 1.182424
995 1.181906
996 1.181630
997 1.181178
998 1.181598
999 1.181872
1000 1.181820
1001 1.182278
1002 1.183098
1003 1.182822
1004 1.182670
1005 1.182016
1006 1.181742
1007 1.181264
1008 1.180726
1009 1.180874
1010 1.180952
1011 1.181068
1012 1.181534
1013 1.181858
1014 1.181706
1015 1.181142
1016 1.181442
1017 1.180948
1018 1.181000
1019 1.181356
1020 1.181068
1021 1.181412
1022 1.181362
1023 1.181780
1024 1.181486
1025 1.181682
1026 1.181108
1027 1.181038
1028 1.181000
1029 1.181566
1030 1.181762
1031 1.182286
1032 1.182442
1033 1.182242
1034 1.182380
1035 1.181976
1036 1.182360
1037 1.182442
1038 1.182312
1039 1.182956
1040 1.182956
1041 1.183190
1042 1.182894
1043 1.182832
1044 1.182852
1045 1.183140
1046 1.183400
1047 1.183500
1048 1.182946
1049 1.183066
1050 1.183152
1051 1.183414
1052 1.183514
1053 1.183434
1054 1.183172
1055 1.183434
1056 1.183638
1057 1.183822
1058 1.183564
1059 1.183514
1060 1.182740
1061 1.182694
1062 1.182548
1063 1.182936
1064 1.182580
1065 1.182582
1066 1.183034
1067 1.182928
1068 1.183832
1069 1.183736
1070 1.183732
1071 1.183492
1072 1.183424
1073 1.183614
1074 1.183644
1075 1.183532
1076 1.183086
1077 1.183364
1078 1.183400
1079 1.183318
1080 1.184070
1081 1.183736
1082 1.183690
1083 1.183426
1084 1.183234
1085 1.182716
1086 1.183046
1087 1.183046
1088 1.183492
1089 1.183596
1090 1.183708
1091 1.183666
1092 1.183684
1093 1.183692
1094 1.183656
1095 1.183468
1096 1.182976
1097 1.182328
1098 1.182988
1099 1.183388
1100 1.183212
1101 1.182752
1102 1.182910
1103 1.182094
1104 1.181786
1105 1.182090
1106 1.181990
1107 1.181640
1108 1.182040
1109 1.182174
1110 1.181686
1111 1.181264
1112 1.181588
1113 1.181602
1114 1.181400
1115 1.181036
1116 1.180866
1117 1.180606
1118 1.180990
1119 1.180780
1120 1.180910
1121 1.181398
1122 1.181670
1123 1.182236
1124 1.181750
1125 1.181384
1126 1.181400
1127 1.181598
1128 1.181548
1129 1.181458
1130 1.181586
1131 1.181070
1132 1.180474
1133 1.180642
1134 1.180250
1135 1.180368
1136 1.180720
1137 1.180834
1138 1.181528
1139 1.181506
1140 1.181472
1141 1.181802
1142 1.182086
1143 1.182002
1144 1.182146
1145 1.182122
1146 1.182424
1147 1.182298
1148 1.182264
1149 1.182290
1150 1.182534
1151 1.182988
1152 1.182860
1153 1.183492
1154 1.183950
1155 1.183488
1156 1.183322
1157 1.183404
1158 1.183748
1159 1.183964
1160 1.184440
1161 1.184424
1162 1.184232
1163 1.184454
1164 1.184596
1165 1.184358
1166 1.184230
1167 1.184342
1168 1.184810
1169 1.184966
1170 1.184560
1171 1.184518
1172 1.183928
1173 1.183818
1174 1.183386
1175 1.182794
1176 1.182760
1177 1.182368
1178 1.182986
1179 1.183116
1180 1.183030
1181 1.183378
1182 1.183846
1183 1.184122
1184 1.183966
1185 1.184216
1186 1.183962
1187 1.184118
1188 1.184092
1189 1.184382
1190 1.184080
1191 1.184024
1192 1.184080
1193 1.184538
1194 1.184376
1195 1.184494
1196 1.183426
1197 1.183500
1198 1.183440
1199 1.183314
1200 1.182876
1201 1.182330
1202 1.182220
1203 1.182030
1204 1.181456
1205 1.181392
1206 1.181742
1207 1.181650
1208 1.181790
1209 1.182238
1210 1.182382
1211 1.183026
1212 1.182740
1213 1.182024
1214 1.182054
1215 1.182352
1216 1.182174
1217 1.181884
1218 1.182180
1219 1.181220
1220 1.180850
1221 1.181216
1222 1.181774
1223 1.182226
1224 1.182344
1225 1.182348
1226 1.182564
1227 1.182228
1228 1.182508
1229 1.182912
1230 1.182812
1231 1.182896
1232 1.182786
1233 1.182946
1234 1.182588
1235 1.182196
1236 1.182462
1237 1.182550
1238 1.182756
1239 1.182586
1240 1.181882
1241 1.181796
1242 1.181338
1243 1.181412
1244 1.181216
1245 1.180828
1246 1.180944
1247 1.181660
1248 1.181912
1249 1.181728
1250 1.181810
1251 1.181910
1252 1.181698
1253 1.181248
1254 1.181714
1255 1.182346
1256 1.182554
1257 1.182148
1258 1.181780
1259 1.181770
1260 1.181470
1261 1.181212
1262 1.181314
1263 1.181654
1264 1.181496
1265 1.181206
1266 1.181212
1267 1.181170
1268 1.181676
1269 1.181260
1270 1.181404
1271 1.181646
1272 1.181246
1273 1.181560
1274 1.181586
1275 1.182020
1276 1.181068
1277 1.181342
1278 1.181672
1279 1.181638
1280 1.181916
1281 1.181556
1282 1.181614
1283 1.182214
1284 1.182014
1285 1.181462
1286 1.181600
1287 1.181516
1288 1.182248
1289 1.181648
1290 1.181404
1291 1.181424
1292 1.180938
1293 1.180666
1294 1.180598
1295 1.181066
1296 1.180876
1297 1.180606
1298 1.180380
1299 1.180334
1300 1.179834
1301 1.180070
1302 1.179994
1303 1.179556
1304 1.180764
1305 1.180810
1306 1.180756
1307 1.180506
1308 1.180434
1309 1.181040
1310 1.181076
1311 1.181202
1312 1.180634
1313 1.180276
1314 1.180196
1315 1.179888
1316 1.179348
1317 1.179908
1318 1.179954
1319 1.180174
1320 1.180156
1321 1.180986
1322 1.181240
1323 1.181684
1324 1.181380
1325 1.181522
1326 1.182016
1327 1.182336
1328 1.182586
1329 1.182900
1330 1.183640
1331 1.183156
1332 1.182868
1333 1.183190
1334 1.183230
1335 1.183004
1336 1.183472
1337 1.183358
1338 1.182238
1339 1.182326
1340 1.182636
1341 1.183034
1342 1.183820
1343 1.183436
1344 1.183734
1345 1.183002
1346 1.182728
1347 1.181930
1348 1.181808
1349 1.181962
1350 1.181588
1351 1.181958
1352 1.182346
1353 1.181814
1354 1.182452
1355 1.182530
1356 1.183440
1357 1.183550
1358 1.183298
1359 1.183134
1360 1.182658
1361 1.183036
1362 1.182958
1363 1.182178
1364 1.182058
1365 1.182026
1366 1.182114
1367 1.182392
1368 1.182300
1369 1.182014
1370 1.182524
1371 1.182642
1372 1.182800
1373 1.183188
1374 1.183372
1375 1.183398
1376 1.183688
1377 1.183714
1378 1.183846
1379 1.184278
1380 1.184186
1381 1.183808
1382 1.183736
1383 1.183728
1384 1.183760
1385 1.184128
1386 1.184112
1387 1.184234
1388 1.183702
1389 1.183124
1390 1.182574
1391 1.181778
1392 1.181212
1393 1.181570
1394 1.181226
1395 1.181244
1396 1.181578
1397 1.181684
1398 1.181288
1399 1.181290
1400 1.181402
1401 1.181232
1402 1.180766
1403 1.181302
1404 1.181228
1405 1.181908
1406 1.182294
1407 1.182546
1408 1.182804
1409 1.183344
1410 1.182276
1411 1.182964
1412 1.182318
1413 1.182526
1414 1.182562
1415 1.182638
1416 1.182064
1417 1.181354
1418 1.181792
1419 1.182036
1420 1.182616
1421 1.182942
1422 1.183536
1423 1.183858
1424 1.183938
1425 1.184120
1426 1.183682
1427 1.183470
1428 1.183408
1429 1.182974
1430 1.183280
1431 1.183530
1432 1.183150
1433 1.182972
1434 1.182862
1435 1.182730
1436 1.183642
1437 1.183824
1438 1.184108
1439 1.184114
1440 1.184406
1441 1.184480
1442 1.184210
1443 1.184022
1444 1.184352
1445 1.184460
1446 1.184772
1447 1.184190
1448 1.184402
1449 1.184912
1450 1.184940
1451 1.184808
1452 1.185236
1453 1.185632
1454 1.185142
1455 1.184792
1456 1.185276
1457 1.184980
1458 1.184844
1459 1.184864
1460 1.184674
1461 1.184792
1462 1.184762
1463 1.185310
1464 1.185586
1465 1.185524
1466 1.184716
1467 1.184236
1468 1.184264
1469 1.184492
1470 1.185166
1471 1.185368
1472 1.185382
1473 1.185370
1474 1.185328
1475 1.185358
1476 1.184560
1477 1.183988
1478 1.184146
1479 1.184290
1480 1.184276
1481 1.184496
1482 1.184572
1483 1.184602
1484 1.184922
1485 1.185336
1486 1.186100
1487 1.185860
1488 1.185308
1489 1.185356
1490 1.185468
1491 1.185538
1492 1.185678
1493 1.185622
1494 1.185760
1495 1.186082
1496 1.186584
1497 1.186128
1498 1.185856
1499 1.185674
1500 1.185994
1501 1.185790
1502 1.186114
1503 1.186332
1504 1.185938
1505 1.185224
1506 1.184746
1507 1.183702
1508 1.183122
1509 1.183754
1510 1.183416
1511 1.183624
1512 1.183742
1513 1.183738
1514 1.183814
1515 1.184496
1516 1.184078
1517 1.183842
1518 1.183948
1519 1.184192
1520 1.183624
1521 1.183414
1522 1.183900
1523 1.183628
1524 1.184208
1525 1.183600
1526 1.183864
1527 1.183664
1528 1.183952
1529 1.184056
1530 1.182968
1531 1.182822
1532 1.182778
1533 1.182638
1534 1.182112
1535 1.181906
1536 1.181904
1537 1.182404
1538 1.181794
1539 1.182200
1540 1.181932
1541 1.181828
1542 1.181908
1543 1.181758
1544 1.181388
1545 1.181166
1546 1.181334
1547 1.181012
1548 1.181676
1549 1.181448
1550 1.181324
1551 1.181322
1552 1.181156
1553 1.180836
1554 1.180718
1555 1.180668
1556 1.180974
1557 1.180772
1558 1.181092
1559 1.181002
1560 1.181846
1561 1.182290
1562 1.182350
1563 1.182582
1564 1.182712
1565 1.182690
1566 1.182906
1567 1.183032
1568 1.183472
1569 1.183426
1570 1.183346
1571 1.183120
1572 1.183188
1573 1.182896
1574 1.182660
1575 1.182746
1576 1.183108
1577 1.183452
1578 1.183158
1579 1.183230
1580 1.183646
1581 1.183682
1582 1.183448
1583 1.184042
1584 1.183166
1585 1.183524
1586 1.183154
1587 1.182990
1588 1.182986
1589 1.182968
1590 1.183530
1591 1.183484
1592 1.183340
1593 1.183186
1594 1.182798
1595 1.183270
1596 1.183720
1597 1.183796
1598 1.182594
1599 1.182204
1600 1.182882
1601 1.182688
1602 1.182340
1603 1.181858
1604 1.181404
1605 1.180754
1606 1.180754
1607 1.181130
1608 1.181328
1609 1.181412
1610 1.181690
1611 1.181618
1612 1.180880
1613 1.180710
1614 1.181048
1615 1.181158
1616 1.181138
1617 1.181336
1618 1.180802
1619 1.180428
1620 1.179686
1621 1.179076
1622 1.179626
1623 1.179452
1624 1.179234
1625 1.179224
1626 1.179774
1627 1.180164
1628 1.180836
1629 1.180988
1630 1.180912
1631 1.181306
1632 1.180462
1633 1.181142
1634 1.180984
1635 1.181662
1636 1.182088
1637 1.182254
1638 1.182016
1639 1.182120
1640 1.182284
1641 1.182146
1642 1.181300
1643 1.181460
1644 1.182510
1645 1.183134
1646 1.183148
1647 1.182958
1648 1.183220
1649 1.183346
1650 1.183544
1651 1.183336
1652 1.183070
1653 1.182722
1654 1.182140
1655 1.182018
1656 1.182168
1657 1.182286
1658 1.182302
1659 1.182288
1660 1.182472
1661 1.182620
1662 1.182088
1663 1.181626
1664 1.180852
1665 1.180320
1666 1.179868
1667 1.179936
1668 1.180248
1669 1.180022
1670 1.179752
1671 1.179820
1672 1.180114
1673 1.180204
1674 1.180368
1675 1.180286
1676 1.179594
1677 1.179806
1678 1.180504
1679 1.180668
1680 1.180232
1681 1.180120
1682 1.180026
1683 1.179924
1684 1.179386
1685 1.179634
1686 1.179188
1687 1.179676
1688 1.179110
1689 1.179656
1690 1.179670
1691 1.180102
1692 1.180120
1693 1.180058
1694 1.180062
1695 1.180134
1696 1.180010
1697 1.180428
1698 1.180738
1699 1.180908
1700 1.180766
1701 1.181384
1702 1.181898
1703 1.183070
1704 1.183172
1705 1.182834
1706 1.183202
1707 1.182932
1708 1.182686
1709 1.182272
1710 1.182718
1711 1.183002
1712 1.183056
1713 1.183472
1714 1.183066
1715 1.182718
1716 1.182682
1717 1.182488
1718 1.182080
1719 1.181900
1720 1.181890
1721 1.181778
1722 1.182350
1723 1.182822
1724 1.183122
1725 1.182352
1726 1.182268
1727 1.182668
1728 1.182112
1729 1.181328
1730 1.181222
1731 1.181296
1732 1.181864
1733 1.181096
1734 1.181260
1735 1.181640
1736 1.181574
1737 1.181428
1738 1.181700
1739 1.181626
1740 1.182152
1741 1.181956
1742 1.182004
1743 1.181666
1744 1.181912
1745 1.181558
1746 1.181446
1747 1.181758
1748 1.182102
1749 1.182350
1750 1.181954
1751 1.182024
1752 1.181896
1753 1.181858
1754 1.182112
1755 1.181872
1756 1.181806
1757 1.181414
1758 1.180874
1759 1.181464
1760 1.180986
1761 1.181818
1762 1.181852
1763 1.181940
1764 1.181562
1765 1.181598
1766 1.181804
1767 1.182106
1768 1.181620
1769 1.181374
1770 1.180492
1771 1.181070
1772 1.181276
1773 1.180760
1774 1.180902
1775 1.181548
1776 1.181692
1777 1.181616
1778 1.180520
1779 1.180846
1780 1.180024
1781 1.180106
1782 1.180974
1783 1.180960
1784 1.180734
1785 1.180950
1786 1.181078
1787 1.180710
1788 1.181178
1789 1.181130
1790 1.180238
1791 1.180326
1792 1.180532
1793 1.180656
1794 1.180562
1795 1.180838
1796 1.180812
1797 1.180772
1798 1.180484
1799 1.181500
1800 1.181890
1801 1.181696
1802 1.181316
1803 1.181754
1804 1.182098
1805 1.181934
1806 1.181642
1807 1.181344
1808 1.181440
1809 1.181580
1810 1.181808
1811 1.181746
1812 1.181440
1813 1.181596
1814 1.181266
1815 1.181178
1816 1.180476
1817 1.180912
1818 1.181434
1819 1.181346
1820 1.181600
1821 1.180986
1822 1.181440
1823 1.181810
1824 1.182052
1825 1.182212
1826 1.182752
1827 1.182624
1828 1.182774
1829 1.183388
1830 1.183414
1831 1.183520
1832 1.183378
1833 1.183154
1834 1.183658
1835 1.183756
1836 1.183650
1837 1.183930
1838 1.184234
1839 1.184222
1840 1.184514
1841 1.183844
1842 1.183530
1843 1.183796
1844 1.183580
1845 1.183620
1846 1.184574
1847 1.184706
1848 1.184352
1849 1.184364
1850 1.183730
1851 1.183442
1852 1.183078
1853 1.183178
1854 1.182404
1855 1.182728
1856 1.182736
1857 1.183164
1858 1.183074
1859 1.182902
1860 1.183350
1861 1.182756
1862 1.182784
1863 1.182578
1864 1.182938
1865 1.182300
1866 1.182140
1867 1.181936
1868 1.182534
1869 1.182828
1870 1.182764
1871 1.183128
1872 1.182982
1873 1.182700
1874 1.182632
1875 1.181872
1876 1.181696
1877 1.181132
1878 1.181606
1879 1.181474
1880 1.181084
1881 1.181076
1882 1.180868
1883 1.180646
1884 1.180178
1885 1.180524
1886 1.180064
1887 1.180310
1888 1.180922
1889 1.181228
1890 1.181232
1891 1.181378
1892 1.181528
1893 1.181934
1894 1.180950
1895 1.181960
1896 1.181188
1897 1.181806
1898 1.181806
1899 1.181990
1900 1.181888
1901 1.181778
1902 1.181916
1903 1.182144
1904 1.182528
1905 1.182798
1906 1.182748
1907 1.181844
1908 1.182324
1909 1.182146
1910 1.181884
1911 1.182224
1912 1.182618
1913 1.182696
1914 1.182862
1915 1.183184
1916 1.182610
1917 1.183304
1918 1.183816
1919 1.184134
1920 1.183868
1921 1.184064
1922 1.183774
1923 1.183816
1924 1.183226
1925 1.182958
1926 1.183170
1927 1.183296
1928 1.183694
1929 1.184286
1930 1.184196
1931 1.183670
1932 1.183112
1933 1.183200
1934 1.183480
1935 1.183452
1936 1.183010
1937 1.183398
1938 1.183032
1939 1.183182
1940 1.183402
1941 1.183692
1942 1.183918
1943 1.184512
1944 1.184806
1945 1.184504
1946 1.184882
1947 1.185050
1948 1.184674
1949 1.184992
1950 1.184586
1951 1.184988
1952 1.184850
1953 1.184368
1954 1.184202
1955 1.184686
1956 1.184410
1957 1.183712
1958 1.183932
1959 1.183674
1960 1.183616
1961 1.182814
1962 1.183198
1963 1.183546
1964 1.183554
1965 1.183534
1966 1.182802
1967 1.183262
1968 1.183142
1969 1.183188
1970 1.183000
1971 1.182858
1972 1.182756
1973 1.183162
1974 1.183086
1975 1.183284
1976 1.183924
1977 1.184204
1978 1.183872
1979 1.183304
1980 1.182920
1981 1.182784
1982 1.182646
1983 1.182930
1984 1.182682
1985 1.182462
1986 1.182786
1987 1.182846
1988 1.182866
1989 1.182828
1990 1.182728
1991 1.182716
1992 1.182212
1993 1.182040
1994 1.182230
1995 1.181746
1996 1.182038
1997 1.181478
1998 1.181444
1999 1.181000
2000 1.181612
2001 1.181524
2002 1.181478
2003 1.181978
2004 1.182072
2005 1.182352
2006 1.182414
2007 1.182552
2008 1.182504
2009 1.183046
2010 1.183674
2011 1.183394
2012 1.184042
2013 1.183842
2014 1.183576
2015 1.184054
2016 1.184794
2017 1.184178
2018 1.183248
2019 1.182714
2020 1.182278
2021 1.182444
2022 1.182652
2023 1.182344
2024 1.182914
2025 1.182676
2026 1.182966
2027 1.183256
2028 1.183628
2029 1.183442
2030 1.183214
2031 1.183894
2032 1.183736
2033 1.183970
2034 1.183308
2035 1.183950
2036 1.183630
2037 1.183332
2038 1.182834
2039 1.182812
2040 1.181978
2041 1.182362
2042 1.182288
2043 1.182234
2044 1.182208
2045 1.181616
2046 1.181898
2047 1.181322
2048 1.181102
2049 1.181860
2050 1.182514
2051 1.182862
2052 1.182746
2053 1.182622
2054 1.182560
2055 1.182218
2056 1.182284
2057 1.181930
2058 1.181920
2059 1.181488
2060 1.181992
2061 1.181936
2062 1.181968
2063 1.182488
2064 1.182908
2065 1.182834
2066 1.183072
2067 1.183324
2068 1.183180
2069 1.182656
2070 1.182286
2071 1.182298
2072 1.182754
2073 1.182138
2074 1.181852
2075 1.181780
2076 1.181798
2077 1.181856
2078 1.182266
2079 1.182408
2080 1.182748
2081 1.182628
2082 1.182926
2083 1.182470
2084 1.181756
2085 1.181578
2086 1.181286
2087 1.181724
2088 1.182380
2089 1.182606
2090 1.182608
2091 1.182402
2092 1.182448
2093 1.183214
2094 1.183126
2095 1.183280
2096 1.183292
2097 1.182820
2098 1.182726
2099 1.182516
2100 1.182016
2101 1.182206
2102 1.182352
2103 1.182920
2104 1.183214
2105 1.183630
2106 1.183548
2107 1.183452
2108 1.183470
2109 1.183372
2110 1.182892
2111 1.183014
2112 1.183158
2113 1.183030
2114 1.183458
2115 1.183096
2116 1.183254
2117 1.183440
2118 1.183796
2119 1.183786
2120 1.183286
2121 1.182810
2122 1.183722
2123 1.183444
2124 1.183806
2125 1.184062
2126 1.184464
2127 1.184190
2128 1.184134
2129 1.184152
2130 1.183956
2131 1.183674
2132 1.183654
2133 1.183958
2134 1.183794
2135 1.183902
2136 1.184622
2137 1.184224
2138 1.184008
2139 1.183920
2140 1.183832
2141 1.183950
2142 1.183620
2143 1.183314
2144 1.184054
2145 1.184036
2146 1.184302
2147 1.184008
2148 1.183574
2149 1.183234
2150 1.183788
2151 1.183752
2152 1.183878
2153 1.184346
2154 1.184748
2155 1.184796
2156 1.184476
2157 1.184086
2158 1.183752
2159 1.183600
2160 1.183076
2161 1.183470
2162 1.182840
2163 1.182558
2164 1.183602
2165 1.183872
2166 1.183938
2167 1.184554
2168 1.185010
2169 1.185088
2170 1.185064
2171 1.185166
2172 1.184714
2173 1.185080
2174 1.184854
2175 1.185186
2176 1.184950
2177 1.185064
2178 1.184942
2179 1.184774
2180 1.184574
2181 1.184258
2182 1.183948
2183 1.183438
2184 1.183522
2185 1.183450
2186 1.183802
2187 1.182964
2188 1.183648
2189 1.183964
2190 1.184200
2191 1.183544
2192 1.183724
2193 1.183816
2194 1.184156
2195 1.183968
2196 1.183902
2197 1.183548
2198 1.183260
2199 1.183926
2200 1.183356
2201 1.183448
2202 1.184074
2203 1.183854
2204 1.183550
2205 1.183834
2206 1.183926
2207 1.183510
2208 1.183588
2209 1.183186
2210 1.183004
2211 1.183020
2212 1.183658
2213 1.183960
2214 1.183858
2215 1.184138
2216 1.183868
2217 1.184472
2218 1.184654
2219 1.184562
2220 1.184618
2221 1.185186
2222 1.185184
2223 1.185240
2224 1.184426
2225 1.183836
2226 1.183794
2227 1.183506
2228 1.184192
2229 1.184708
2230 1.184376
2231 1.184744
2232 1.184578
2233 1.183926
2234 1.183882
2235 1.183778
2236 1.183878
2237 1.183526
2238 1.183472
2239 1.183908
2240 1.184078
2241 1.183770
2242 1.183542
2243 1.183328
2244 1.183438
2245 1.183096
2246 1.182924
2247 1.182762
2248 1.182614
2249 1.182760
2250 1.182834
2251 1.182272
2252 1.182146
2253 1.181782
2254 1.182002
2255 1.182046
2256 1.182378
2257 1.181938
2258 1.181768
2259 1.181242
2260 1.181436
2261 1.181222
2262 1.181424
2263 1.181668
2264 1.181420
2265 1.181562
2266 1.180966
2267 1.180790
2268 1.180198
2269 1.180932
2270 1.181396
2271 1.181382
2272 1.181414
2273 1.181888
2274 1.182096
2275 1.182646
2276 1.182956
2277 1.182850
2278 1.182926
2279 1.182870
2280 1.183286
2281 1.183472
2282 1.183154
2283 1.182100
2284 1.182380
2285 1.182142
2286 1.181754
2287 1.182118
2288 1.182194
2289 1.182644
2290 1.182902
2291 1.183312
2292 1.183694
2293 1.183654
2294 1.183678
2295 1.183496
2296 1.183606
2297 1.183544
2298 1.183582
2299 1.183280
2300 1.183404
2301 1.182638
2302 1.182478
2303 1.182362
2304 1.181886
2305 1.182394
2306 1.183394
2307 1.183442
2308 1.183576
2309 1.183928
2310 1.184154
2311 1.183708
2312 1.183766
2313 1.184108
2314 1.183710
2315 1.183698
2316 1.183524
2317 1.183442
2318 1.183252
2319 1.183354
2320 1.182968
2321 1.183058
2322 1.183008
2323 1.182800
2324 1.183536
2325 1.183250
2326 1.182894
2327 1.183218
2328 1.183680
2329 1.183954
2330 1.184032
2331 1.184130
2332 1.183786
2333 1.183670
2334 1.183816
2335 1.183672
2336 1.183750
2337 1.183500
2338 1.183856
2339 1.183280
2340 1.183252
2341 1.183238
2342 1.183586
2343 1.183868
2344 1.183996
2345 1.183806
2346 1.182826
2347 1.182916
2348 1.182656
2349 1.182756
2350 1.182960
2351 1.182830
2352 1.183302
2353 1.182714
2354 1.182714
2355 1.183026
2356 1.182886
2357 1.182784
2358 1.183110
2359 1.183272
2360 1.182514
2361 1.182784
2362 1.183028
2363 1.182774
2364 1.182270
2365 1.182454
2366 1.182676
2367 1.182550
2368 1.181706
2369 1.181702
2370 1.181774
2371 1.182000
2372 1.182346
2373 1.181492
2374 1.181244
2375 1.181410
2376 1.181614
2377 1.181582
2378 1.182252
2379 1.182214
2380 1.182116
2381 1.182166
2382 1.182430
2383 1.182472
2384 1.182576
2385 1.183016
2386 1.182120
2387 1.182206
2388 1.181978
2389 1.182220
2390 1.182440
2391 1.182920
2392 1.182756
2393 1.182738
2394 1.182790
2395 1.182474
2396 1.182218
2397 1.182038
2398 1.182470
2399 1.183008
2400 1.183482
2401 1.184098
2402 1.184156
2403 1.183582
2404 1.183078
2405 1.183620
2406 1.183558
2407 1.182664
2408 1.183272
2409 1.183374
2410 1.183220
2411 1.182762
2412 1.182252
2413 1.182292
2414 1.183076
2415 1.182796
2416 1.182780
2417 1.182306
2418 1.182930
2419 1.182158
2420 1.181496
2421 1.181736
2422 1.181598
2423 1.182498
2424 1.182770
2425 1.182838
2426 1.182604
2427 1.182578
2428 1.182228
2429 1.182312
2430 1.182354
2431 1.182208
2432 1.182012
2433 1.181850
2434 1.182416
2435 1.182958
2436 1.183438
2437 1.183200
2438 1.183290
2439 1.183470
2440 1.182780
2441 1.182582
2442 1.182304
2443 1.182460
2444 1.182796
2445 1.183378
2446 1.183750
2447 1.183932
2448 1.184228
2449 1.184268
2450 1.184240
2451 1.184144
2452 1.184172
2453 1.184454
2454 1.184214
2455 1.184032
2456 1.184506
2457 1.184284
2458 1.184142
2459 1.183746
2460 1.183368
2461 1.183598
2462 1.183910
2463 1.184188
2464 1.184268
2465 1.184420
2466 1.184192
2467 1.183470
2468 1.182856
2469 1.183378
2470 1.183404
2471 1.183168
2472 1.182582
2473 1.181976
2474 1.181288
2475 1.181288
2476 1.181172
2477 1.181098
2478 1.181438
2479 1.181488
2480 1.181104
2481 1.181812
2482 1.181588
2483 1.182084
2484 1.182266
2485 1.182082
2486 1.181686
2487 1.181506
2488 1.181328
2489 1.181256
2490 1.180958
2491 1.180700
2492 1.181132
2493 1.180812
2494 1.180662
2495 1.181110
2496 1.181444
2497 1.181486
2498 1.181230
2499 1.181194
2500 1.181368
2501 1.181612
2502 1.181422
2503 1.181486
2504 1.181138
2505 1.180770
2506 1.180438
2507 1.181326
2508 1.180354
2509 1.179724
2510 1.179614
2511 1.179828
2512 1.180372
2513 1.180732
2514 1.180304
2515 1.180864
2516 1.180958
2517 1.181404
2518 1.181468
2519 1.181734
2520 1.182228
2521 1.182516
2522 1.182672
2523 1.182830
2524 1.182798
2525 1.182414
2526 1.182232
2527 1.182376
2528 1.183010
2529 1.183132
2530 1.183360
2531 1.183312
2532 1.182990
2533 1.182580
2534 1.182660
2535 1.182650
2536 1.183126
2537 1.183040
2538 1.183136
2539 1.183138
2540 1.183056
2541 1.183044
2542 1.182592
2543 1.182074
2544 1.181876
2545 1.182426
2546 1.181858
2547 1.181184
2548 1.181488
2549 1.181918
2550 1.182032
2551 1.182292
2552 1.182692
2553 1.182184
2554 1.182144
2555 1.182186
2556 1.182178
2557 1.182366
2558 1.182516
2559 1.182636
2560 1.182662
2561 1.182280
2562 1.181952
2563 1.181782
2564 1.181280
2565 1.180838
2566 1.181314
2567 1.181190
2568 1.180812
2569 1.181208
2570 1.180878
2571 1.181786
2572 1.181414
2573 1.181296
2574 1.182096
2575 1.181536
2576 1.182034
2577 1.181838
2578 1.181946
2579 1.182014
2580 1.181966
2581 1.181690
2582 1.181212
2583 1.181554
2584 1.181986
2585 1.181896
2586 1.181662
2587 1.182052
2588 1.182080
2589 1.181982
2590 1.181562
2591 1.181024
2592 1.180888
2593 1.180466
2594 1.180776
2595 1.180886
2596 1.181910
2597 1.182112
2598 1.182088
2599 1.181446
2600 1.181434
2601 1.181570
2602 1.181030
2603 1.181474
2604 1.181558
2605 1.182342
2606 1.182406
2607 1.183010
2608 1.183324
2609 1.183460
2610 1.183060
2611 1.182794
2612 1.182666
2613 1.182690
2614 1.182462
2615 1.182686
2616 1.182878
2617 1.183004
2618 1.183080
2619 1.183022
2620 1.182926
2621 1.182504
2622 1.182504
2623 1.181820
2624 1.182236
2625 1.181432
2626 1.180904
2627 1.181104
2628 1.181176
2629 1.181792
2630 1.182336
2631 1.182174
2632 1.182990
2633 1.182718
2634 1.183210
2635 1.182698
2636 1.183050
2637 1.182762
2638 1.183114
2639 1.182954
2640 1.182906
2641 1.182248
2642 1.182658
2643 1.182976
2644 1.182758
2645 1.183468
2646 1.183508
2647 1.183422
2648 1.183090
2649 1.182534
2650 1.182476
2651 1.182222
2652 1.182478
2653 1.182168
2654 1.182226
2655 1.181606
2656 1.181016
2657 1.180946
2658 1.181044
2659 1.181330
2660 1.181088
2661 1.181172
2662 1.181404
2663 1.181668
2664 1.181256
2665 1.181660
2666 1.182176
2667 1.182436
2668 1.182340
2669 1.182344
2670 1.182138
2671 1.182100
2672 1.181608
2673 1.181076
2674 1.180244
2675 1.180804
2676 1.181104
2677 1.180388
2678 1.181010
2679 1.180960
2680 1.181268
2681 1.181496
2682 1.181984
2683 1.182602
2684 1.182014
2685 1.182376
2686 1.182008
2687 1.181954
2688 1.182232
2689 1.182380
2690 1.182702
2691 1.181980
2692 1.182566
2693 1.181984
2694 1.181478
2695 1.182010
2696 1.181578
2697 1.181414
2698 1.181562
2699 1.181884
2700 1.182064
2701 1.181690
2702 1.181974
2703 1.181462
2704 1.180998
2705 1.180724
2706 1.180852
2707 1.181096
2708 1.181188
2709 1.180720
2710 1.180318
2711 1.180242
2712 1.180730
2713 1.180806
2714 1.180566
2715 1.181472
2716 1.180924
2717 1.180642
2718 1.181200
2719 1.181178
2720 1.181378
2721 1.181422
2722 1.181658
2723 1.182182
2724 1.182148
2725 1.182958
2726 1.183622
2727 1.183920
2728 1.183298
2729 1.183230
2730 1.183660
2731 1.183138
2732 1.183456
2733 1.183228
2734 1.182918
2735 1.183514
2736 1.183322
2737 1.183852
2738 1.183298
2739 1.183648
2740 1.183866
2741 1.183786
2742 1.183480
2743 1.183350
2744 1.182708
2745 1.182574
2746 1.183056
2747 1.183272
2748 1.183290
2749 1.183166
2750 1.183286
2751 1.183458
2752 1.183358
2753 1.183284
2754 1.183534
2755 1.183480
2756 1.183496
2757 1.183084
2758 1.183006
2759 1.182842
2760 1.182828
2761 1.183044
2762 1.183164
2763 1.182652
2764 1.182960
2765 1.182846
2766 1.182802
2767 1.182922
2768 1.183048
2769 1.182926
2770 1.182552
2771 1.182136
2772 1.181836
2773 1.181602
2774 1.181708
2775 1.181616
2776 1.181376
2777 1.181862
2778 1.181512
2779 1.181016
2780 1.180446
2781 1.180818
2782 1.180450
2783 1.181564
2784 1.181524
2785 1.181846
2786 1.182470
2787 1.182632
2788 1.183154
2789 1.183100
2790 1.182902
2791 1.183274
2792 1.183028
2793 1.182948
2794 1.182660
2795 1.182658
2796 1.182662
2797 1.182840
2798 1.182560
2799 1.182290
2800 1.181762
2801 1.181504
2802 1.181520
2803 1.181582
2804 1.182256
2805 1.182412
2806 1.182806
2807 1.182464
2808 1.182684
2809 1.182046
2810 1.182082
2811 1.182590
2812 1.182426
2813 1.182042
2814 1.182264
2815 1.182350
2816 1.181750
2817 1.180856
2818 1.181222
2819 1.180942
2820 1.180568
2821 1.180746
2822 1.180702
2823 1.180950
2824 1.181060
2825 1.181002
2826 1.181024
2827 1.181636
2828 1.181584
2829 1.181168
2830 1.182018
2831 1.181548
2832 1.181584
2833 1.181562
2834 1.181562
2835 1.181126
2836 1.181144
2837 1.181076
2838 1.181366
2839 1.182364
2840 1.182540
2841 1.182750
2842 1.182296
2843 1.182358
2844 1.182298
2845 1.182538
2846 1.182896
2847 1.182886
2848 1.182932
2849 1.182580
2850 1.182550
2851 1.182694
2852 1.182500
2853 1.182536
2854 1.182648
2855 1.182784
2856 1.182676
2857 1.182138
2858 1.181836
2859 1.182158
2860 1.182198
2861 1.182118
2862 1.182632
2863 1.182604
2864 1.182356
2865 1.182332
2866 1.182936
2867 1.182906
2868 1.183232
2869 1.183394
2870 1.183100
2871 1.183032
2872 1.183326
2873 1.182858
2874 1.183190
2875 1.183492
2876 1.183888
2877 1.183640
2878 1.183184
2879 1.182566
2880 1.182266
2881 1.182226
2882 1.182430
2883 1.182820
2884 1.182462
2885 1.182704
2886 1.183012
2887 1.182874
2888 1.182860
2889 1.183030
2890 1.182382
2891 1.183102
2892 1.183276
2893 1.183516
2894 1.183298
2895 1.183204
2896 1.183716
2897 1.184016
2898 1.184336
2899 1.183802
2900 1.184004
2901 1.183960
2902 1.183622
2903 1.183480
2904 1.184170
2905 1.184336
2906 1.184758
2907 1.184318
2908 1.183878
2909 1.184170
2910 1.184552
2911 1.184466
2912 1.184724
2913 1.184860
2914 1.184954
2915 1.184428
2916 1.184412
2917 1.184742
2918 1.184370
2919 1.184340
2920 1.183954
2921 1.184260
2922 1.183574
2923 1.184016
2924 1.183784
2925 1.184102
2926 1.183426
2927 1.183110
2928 1.183380
2929 1.182740
2930 1.182930
2931 1.182754
2932 1.182620
2933 1.183160
2934 1.183402
2935 1.184190
2936 1.184188
2937 1.183364
2938 1.183364
2939 1.183700
2940 1.183580
2941 1.183804
2942 1.184046
2943 1.184494
2944 1.184640
2945 1.184260
2946 1.184062
2947 1.184240
2948 1.184828
2949 1.184448
2950 1.184080
2951 1.183594
2952 1.183788
2953 1.184100
2954 1.184212
2955 1.184120
2956 1.184186
2957 1.184032
2958 1.184378
2959 1.184094
2960 1.184868
2961 1.184608
2962 1.184808
2963 1.185018
2964 1.184740
2965 1.184074
2966 1.183850
2967 1.184260
2968 1.183830
2969 1.183498
2970 1.183988
2971 1.183648
2972 1.183184
2973 1.182682
2974 1.182638
2975 1.182770
2976 1.182214
2977 1.182246
2978 1.182302
2979 1.182256
2980 1.182700
2981 1.183184
2982 1.182604
2983 1.182768
2984 1.182348
2985 1.182782
2986 1.183208
2987 1.182952
2988 1.183236
2989 1.182658
2990 1.182338
2991 1.182676
2992 1.182296
2993 1.182446
2994 1.182548
2995 1.183186
2996 1.183700
2997 1.183722
2998 1.183964
2999 1.183818
3000 1.184468
3001 1.184226
3002 1.184524
3003 1.184230
3004 1.184652
3005 1.184310
3006 1.184360
3007 1.184472
3008 1.184244
3009 1.184690
3010 1.184590
3011 1.184174
3012 1.184578
3013 1.184478
3014 1.184942
3015 1.184616
3016 1.184814
3017 1.184382
3018 1.184578
3019 1.184366
3020 1.183970
3021 1.184694
3022 1.185078
3023 1.186254
3024 1.186464
3025 1.186186
3026 1.185998
3027 1.186156
3028 1.185642
3029 1.185924
3030 1.185546
3031 1.185010
3032 1.184648
3033 1.184506
3034 1.183830
3035 1.183762
3036 1.183280
3037 1.183284
3038 1.183584
3039 1.183286
3040 1.182966
3041 1.182948
3042 1.182924
3043 1.183396
3044 1.183508
3045 1.183310
3046 1.183490
3047 1.182890
3048 1.182604
3049 1.183206
3050 1.183018
3051 1.182866
3052 1.182468
3053 1.182232
3054 1.182730
3055 1.183380
3056 1.183090
3057 1.182874
3058 1.182420
3059 1.182360
3060 1.182482
3061 1.182762
3062 1.182590
3063 1.182354
3064 1.182578
3065 1.182078
3066 1.182022
3067 1.182744
3068 1.183284
3069 1.184358
3070 1.184168
3071 1.184354
3072 1.184178
3073 1.184174
3074 1.183982
3075 1.184460
3076 1.184734
3077 1.184722
3078 1.184976
3079 1.184748
3080 1.184976
3081 1.184874
3082 1.184468
3083 1.184678
3084 1.184434
3085 1.184210
3086 1.183242
3087 1.182948
3088 1.183652
3089 1.183836
3090 1.184202
3091 1.183468
3092 1.183792
3093 1.183686
3094 1.184006
3095 1.183690
3096 1.183800
3097 1.184232
3098 1.184238
3099 1.184824
3100 1.184338
3101 1.184052
3102 1.185068
3103 1.185046
3104 1.185154
3105 1.185312
3106 1.185100
3107 1.184758
3108 1.185114
3109 1.185336
3110 1.184740
3111 1.184686
3112 1.184742
3113 1.184220
3114 1.184578
3115 1.184052
3116 1.184774
3117 1.184150
3118 1.184256
3119 1.183914
3120 1.184150
3121 1.184102
3122 1.184058
3123 1.184556
3124 1.184894
3125 1.184930
3126 1.184888
3127 1.184672
3128 1.184864
3129 1.184576
3130 1.184952
3131 1.183880
3132 1.183794
3133 1.183252
3134 1.182710
3135 1.183214
3136 1.183390
3137 1.183676
3138 1.183340
3139 1.183470
3140 1.182962
3141 1.183026
3142 1.182912
3143 1.182610
3144 1.182042
3145 1.182590
3146 1.183028
3147 1.183220
3148 1.183860
3149 1.183940
3150 1.184108
3151 1.184968
3152 1.184692
3153 1.184618
3154 1.184636
3155 1.184320
3156 1.184522
3157 1.183896
3158 1.184264
3159 1.183522
3160 1.183012
3161 1.182684
3162 1.182562
3163 1.182126
3164 1.181668
3165 1.182154
3166 1.182656
3167 1.182852
3168 1.182520
3169 1.182072
3170 1.181744
3171 1.181940
3172 1.181364
3173 1.181134
3174 1.180656
3175 1.180774
3176 1.180512
3177 1.180650
3178 1.180568
3179 1.180482
3180 1.180238
3181 1.180686
3182 1.180516
3183 1.180996
3184 1.181326
3185 1.181514
3186 1.181412
3187 1.180968
3188 1.181216
3189 1.180940
3190 1.181440
3191 1.181332
3192 1.181464
3193 1.181804
3194 1.181528
3195 1.181856
3196 1.181566
3197 1.181494
3198 1.181540
3199 1.180650
3200 1.180214
3201 1.180146
3202 1.180668
3203 1.180884
3204 1.181438
3205 1.181872
3206 1.181886
3207 1.182216
3208 1.182768
3209 1.182990
3210 1.182650
3211 1.181460
3212 1.181680
3213 1.181834
3214 1.181780
3215 1.181534
3216 1.181834
3217 1.182354
3218 1.182380
3219 1.182198
3220 1.181986
3221 1.181818
3222 1.181958
3223 1.181710
3224 1.181704
3225 1.182100
3226 1.182042
3227 1.182208
3228 1.181936
3229 1.182076
3230 1.182348
3231 1.181614
3232 1.181664
3233 1.180622
3234 1.180240
3235 1.181054
3236 1.181592
3237 1.181170
3238 1.180918
3239 1.180912
3240 1.181616
3241 1.181518
3242 1.182026
3243 1.182108
3244 1.181964
3245 1.181936
3246 1.182120
3247 1.182696
3248 1.182178
3249 1.182324
3250 1.182512
3251 1.182634
3252 1.182190
3253 1.182518
3254 1.182782
3255 1.181934
3256 1.182444
3257 1.182416
3258 1.181792
3259 1.182030
3260 1.182132
3261 1.182104
3262 1.182258
3263 1.181486
3264 1.182208
3265 1.182188
3266 1.182040
3267 1.182746
3268 1.182326
3269 1.182504
3270 1.182918
3271 1.182766
3272 1.183078
3273 1.182460
3274 1.183158
3275 1.183148
3276 1.182914
3277 1.182470
3278 1.182172
3279 1.182370
3280 1.182490
3281 1.182712
3282 1.181800
3283 1.181250
3284 1.180690
3285 1.181202
3286 1.180502
3287 1.180366
3288 1.180418
3289 1.180574
3290 1.181216
3291 1.181014
3292 1.180892
3293 1.181200
3294 1.180952
3295 1.181288
3296 1.181546
3297 1.181660
3298 1.182150
3299 1.182374
3300 1.182140
3301 1.181928
3302 1.182312
3303 1.182002
3304 1.181736
3305 1.181250
3306 1.181136
3307 1.181620
3308 1.181220
3309 1.181746
3310 1.181472
3311 1.181522
3312 1.182118
3313 1.182320
3314 1.182128
3315 1.181680
3316 1.181622
3317 1.180902
3318 1.181676
3319 1.181836
3320 1.181386
3321 1.181228
3322 1.181172
3323 1.180700
3324 1.181288
3325 1.181660
3326 1.181676
3327 1.182096
3328 1.182448
3329 1.182492
3330 1.182648
3331 1.182910
3332 1.183218
3333 1.183814
3334 1.184502
3335 1.184748
3336 1.184558
3337 1.184714
3338 1.184848
3339 1.184926
3340 1.184896
3341 1.184754
3342 1.184400
3343 1.184492
3344 1.183806
3345 1.184238
3346 1.184118
3347 1.184790
3348 1.184800
3349 1.184644
3350 1.184936
3351 1.184548
3352 1.184752
3353 1.184320
3354 1.184926
3355 1.184124
3356 1.183684
3357 1.184160
3358 1.183510
3359 1.183938
3360 1.182992
3361 1.182894
3362 1.183394
3363 1.183186
3364 1.183536
3365 1.183824
3366 1.183424
3367 1.183656
3368 1.183890
3369 1.183836
3370 1.184002
3371 1.184090
3372 1.184194
3373 1.182962
3374 1.182740
3375 1.183032
3376 1.182920
3377 1.182590
3378 1.183368
3379 1.183748
3380 1.183986
3381 1.184034
3382 1.184768
3383 1.184898
3384 1.184814
3385 1.184580
3386 1.185018
3387 1.185614
3388 1.185682
3389 1.185656
3390 1.185850
3391 1.185944
3392 1.185562
3393 1.185646
3394 1.185806
3395 1.185712
3396 1.186538
3397 1.186146
3398 1.185774
3399 1.185440
3400 1.185316
3401 1.185702
3402 1.184982
3403 1.184970
3404 1.184896
3405 1.185048
3406 1.184680
3407 1.185102
3408 1.184702
3409 1.184784
3410 1.185026
3411 1.185096
3412 1.184806
3413 1.184768
3414 1.183780
3415 1.183524
3416 1.183884
3417 1.183906
3418 1.184014
3419 1.184278
3420 1.184624
3421 1.184304
3422 1.183790
3423 1.183526
3424 1.183296
3425 1.183762
3426 1.183664
3427 1.183490
3428 1.183828
3429 1.183772
3430 1.183482
3431 1.183710
3432 1.183694
3433 1.183604
3434 1.184076
3435 1.183938
3436 1.184394
3437 1.184802
3438 1.184330
3439 1.184336
3440 1.183852
3441 1.184584
3442 1.184576
3443 1.184268
3444 1.184132
3445 1.183896
3446 1.184070
3447 1.184330
3448 1.184570
3449 1.184734
3450 1.184994
3451 1.185234
3452 1.184380
3453 1.184594
3454 1.184062
3455 1.184208
3456 1.183728
3457 1.184154
3458 1.184068
3459 1.183892
3460 1.183688
3461 1.183988
3462 1.184212
3463 1.184502
3464 1.183972
3465 1.184046
3466 1.184306
3467 1.184260
3468 1.184378
3469 1.184902
3470 1.185334
3471 1.185206
3472 1.185028
3473 1.185542
3474 1.185906
3475 1.185774
3476 1.185396
3477 1.184924
3478 1.184974
3479 1.184564
3480 1.184678
3481 1.184688
3482 1.184104
3483 1.184220
3484 1.183824
3485 1.184434
3486 1.184574
3487 1.185174
3488 1.184942
3489 1.185362
3490 1.184910
3491 1.185276
3492 1.185260
3493 1.184808
3494 1.185436
3495 1.186014
3496 1.185470
3497 1.184978
3498 1.184846
3499 1.185270
3500 1.185326
3501 1.184764
3502 1.184930
3503 1.184496
3504 1.184104
3505 1.183576
3506 1.183758
3507 1.183858
3508 1.183344
3509 1.182786
3510 1.182924
3511 1.182030
3512 1.181858
3513 1.181854
3514 1.181906
3515 1.182120
3516 1.182512
3517 1.182608
3518 1.182576
3519 1.182250
3520 1.181932
3521 1.182180
3522 1.183166
3523 1.183166
3524 1.183218
3525 1.183486
3526 1.183490
3527 1.183924
3528 1.184064
3529 1.184476
3530 1.184090
3531 1.184376
3532 1.183838
3533 1.184196
3534 1.184386
3535 1.184460
3536 1.183964
3537 1.184226
3538 1.184346
3539 1.184178
3540 1.184202
3541 1.183792
3542 1.183226
3543 1.183202
3544 1.183342
3545 1.183766
3546 1.183930
3547 1.184270
3548 1.184848
3549 1.185084
3550 1.185542
3551 1.185256
3552 1.185538
3553 1.185162
3554 1.185358
3555 1.184920
3556 1.184922
3557 1.184726
3558 1.184446
3559 1.184468
3560 1.184210
3561 1.184480
3562 1.184642
3563 1.185078
3564 1.185454
3565 1.185834
3566 1.185722
3567 1.185312
3568 1.185328
3569 1.185914
3570 1.185876
3571 1.185624
3572 1.185718
3573 1.185582
3574 1.184936
3575 1.185194
3576 1.184744
3577 1.184390
3578 1.184352
3579 1.184158
3580 1.184038
3581 1.183348
3582 1.183108
3583 1.183662
3584 1.183094
3585 1.182888
3586 1.183074
3587 1.182430
3588 1.182484
3589 1.181906
3590 1.181860
3591 1.181998
3592 1.181936
3593 1.181918
3594 1.181652
3595 1.182102
3596 1.182368
3597 1.182456
3598 1.182228
3599 1.181946
3600 1.182194
3601 1.182038
3602 1.181740
3603 1.181900
3604 1.181846
3605 1.181794
3606 1.182368
3607 1.182524
3608 1.182514
3609 1.182560
3610 1.182402
3611 1.182160
3612 1.182142
3613 1.182256
3614 1.181820
3615 1.181534
3616 1.181486
3617 1.180902
3618 1.181002
3619 1.181452
3620 1.181436
3621 1.181640
3622 1.181998
3623 1.182466
3624 1.182172
3625 1.182376
3626 1.182292
3627 1.182674
3628 1.182542
3629 1.182530
3630 1.182594
3631 1.182706
3632 1.182988
3633 1.182924
3634 1.182976
3635 1.182654
3636 1.182706
3637 1.183648
3638 1.183588
3639 1.183302
3640 1.183312
3641 1.183226
3642 1.183264
3643 1.182508
3644 1.182628
3645 1.182268
3646 1.183184
3647 1.183208
3648 1.183294
3649 1.183410
3650 1.184022
3651 1.184692
3652 1.184658
3653 1.184124
3654 1.184352
3655 1.183998
3656 1.183704
3657 1.184054
3658 1.183960
3659 1.183558
3660 1.183594
3661 1.183152
3662 1.183170
3663 1.182864
3664 1.182170
3665 1.182746
3666 1.182962
3667 1.182956
3668 1.183218
3669 1.183750
3670 1.183252
3671 1.183916
3672 1.184364
3673 1.183830
3674 1.183296
3675 1.183414
3676 1.183358
3677 1.182942
3678 1.182916
3679 1.183008
3680 1.183116
3681 1.182720
3682 1.182190
3683 1.182580
3684 1.182156
3685 1.182546
3686 1.182952
3687 1.181996
3688 1.181782
3689 1.181338
3690 1.181154
3691 1.180856
3692 1.180624
3693 1.180790
3694 1.181286
3695 1.181650
3696 1.181660
3697 1.181616
3698 1.181504
3699 1.181456
3700 1.182044
3701 1.182156
3702 1.181548
3703 1.181986
3704 1.182006
3705 1.182176
3706 1.182246
3707 1.182404
3708 1.182432
3709 1.182716
3710 1.182546
3711 1.182826
3712 1.182884
3713 1.182938
3714 1.183248
3715 1.183108
3716 1.183572
3717 1.183300
3718 1.184074
3719 1.183992
3720 1.183820
3721 1.183668
3722 1.183690
3723 1.183792
3724 1.183516
3725 1.183468
3726 1.183890
3727 1.184652
3728 1.184496
3729 1.184964
3730 1.184616
3731 1.185272
3732 1.184680
3733 1.184412
3734 1.184386
3735 1.183986
3736 1.184914
3737 1.184566
3738 1.184462
3739 1.184368
3740 1.184358
3741 1.183556
3742 1.183680
3743 1.183258
3744 1.183076
3745 1.183118
3746 1.182668
3747 1.182512
3748 1.182978
3749 1.182956
3750 1.182886
3751 1.183622
3752 1.183592
3753 1.183866
3754 1.184644
3755 1.184792
3756 1.184808
3757 1.184256
3758 1.184364
3759 1.184100
3760 1.184122
3761 1.183436
3762 1.183914
3763 1.183754
3764 1.183390
3765 1.183216
3766 1.182944
3767 1.182626
3768 1.182712
3769 1.182858
3770 1.182874
3771 1.183054
3772 1.182474
3773 1.182170
3774 1.181762
3775 1.181818
3776 1.181886
3777 1.182840
3778 1.182710
3779 1.182984
3780 1.182530
3781 1.182100
3782 1.181844
3783 1.182798
3784 1.182684
3785 1.182488
3786 1.182858
3787 1.183290
3788 1.182794
3789 1.183070
3790 1.182726
3791 1.182514
3792 1.182420
3793 1.182616
3794 1.182778
3795 1.183120
3796 1.182830
3797 1.183364
3798 1.183320
3799 1.183186
3800 1.182498
3801 1.181922
3802 1.182796
3803 1.182508
3804 1.183156
3805 1.183154
3806 1.182790
3807 1.183222
3808 1.183076
3809 1.183040
3810 1.182848
3811 1.182950
3812 1.183400
3813 1.183046
3814 1.182984
3815 1.182456
3816 1.182100
3817 1.182754
3818 1.182122
3819 1.182844
3820 1.182546
3821 1.182074
3822 1.182498
3823 1.183284
3824 1.183642
3825 1.184006
3826 1.184132
3827 1.184226
3828 1.183904
3829 1.184076
3830 1.183668
3831 1.183374
3832 1.183706
3833 1.183420
3834 1.183398
3835 1.183454
3836 1.183716
3837 1.183370
3838 1.182988
3839 1.182602
3840 1.182006
3841 1.182298
3842 1.182112
3843 1.181774
3844 1.181346
3845 1.181424
3846 1.180836
3847 1.180838
3848 1.181192
3849 1.181728
3850 1.181440
3851 1.180752
3852 1.180116
3853 1.180258
3854 1.180292
3855 1.180630
3856 1.180480
3857 1.180544
3858 1.180822
3859 1.180122
3860 1.179804
3861 1.180476
3862 1.180678
3863 1.180506
3864 1.180782
3865 1.180412
3866 1.180334
3867 1.181350
3868 1.181238
3869 1.180754
3870 1.180698
3871 1.181368
3872 1.181040
3873 1.181194
3874 1.181352
3875 1.181034
3876 1.180990
3877 1.180388
3878 1.180668
3879 1.180864
3880 1.181256
3881 1.181424
3882 1.182076
3883 1.181660
3884 1.182050
3885 1.182486
3886 1.182396
3887 1.182270
3888 1.182248
3889 1.181928
3890 1.182762
3891 1.182758
3892 1.182948
3893 1.183180
3894 1.183508
3895 1.183748
3896 1.183530
3897 1.183280
3898 1.183290
3899 1.182782
3900 1.182362
3901 1.182332


Active cycles: 2400
k_mean: 1.182811
k_stddev(cycle): 0.001285
k_stderr(mean): 0.000026
