1 0.589842
2 1.075234
3 1.112074
4 1.128778
5 1.139033
6 1.147671
7 1.157086
8 1.160213
9 1.166882
10 1.168090
11 1.174020
12 1.171096
13 1.174425
14 1.178188
15 1.175964
16 1.177277
17 1.178087
18 1.178699
19 1.180066
20 1.180210
21 1.181387
22 1.179445
23 1.178988
24 1.183003
25 1.177922
26 1.183111
27 1.183345
28 1.181226
29 1.182643
30 1.180150
31 1.182135
32 1.178692
33 1.180632
34 1.183052
35 1.179489
36 1.181805
37 1.182174
38 1.181237
39 1.181699
40 1.183754
41 1.182040
42 1.178564
43 1.181465
44 1.181031
45 1.179898
46 1.184339
47 1.181613
48 1.184860
49 1.183453
50 1.182607
51 1.178374
52 1.177435
53 1.185667
54 1.185383
55 1.181796
56 1.183211
57 1.181838
58 1.180388
59 1.180487
60 1.183385
61 1.182486
62 1.181251
63 1.183246
64 1.177291
65 1.180778
66 1.181366
67 1.182304
68 1.184301
69 1.185584
70 1.181771
71 1.182406
72 1.181753
73 1.183377
74 1.182762
75 1.178043
76 1.180030
77 1.185648
78 1.185438
79 1.184729
80 1.183306
81 1.185618
82 1.183393
83 1.181737
84 1.183007
85 1.185302
86 1.187133
87 1.183155
88 1.181730
89 1.180792
90 1.185137
91 1.179264
92 1.182610
93 1.184101
94 1.182234
95 1.185620
96 1.184618
97 1.184675
98 1.180964
99 1.183077
100 1.181889
101 1.183677
102 1.184554
103 1.183303
104 1.180592
105 1.178030
106 1.182939
107 1.178824
108 1.182540
109 1.184702
110 1.178438
111 1.180862
112 1.182190
113 1.183390
114 1.180076
115 1.181742
116 1.180752
117 1.181724
118 1.180494
119 1.180564
120 1.181822
121 1.184336
122 1.182982
123 1.182654
124 1.180559
125 1.183964
126 1.182717
127 1.183458
128 1.179986
129 1.182510
130 1.183514
131 1.179207
132 1.184021
133 1.183032
134 1.184413
135 1.181119
136 1.183512
137 1.183975
138 1.178426
139 1.181128
140 1.183916
141 1.181869
142 1.183290
143 1.180683
144 1.180727
145 1.177831
146 1.179527
147 1.185307
148 1.183559
149 1.179709
150 1.178815
151 1.181330
152 1.182689
153 1.181240
154 1.182137
155 1.182168
156 1.185077
157 1.184631
158 1.184040
159 1.183426
160 1.183123
161 1.188538
162 1.187353
163 1.182324
164 1.184890
165 1.182102
166 1.188419
167 1.183979
168 1.181585
169 1.182054
170 1.182848
171 1.180679
172 1.183063
173 1.183518
174 1.184592
175 1.182289
176 1.181188
177 1.182446
178 1.182006
179 1.179749
180 1.182932
181 1.181904
182 1.185365
183 1.184038
184 1.180547
185 1.182056
186 1.177500
187 1.183886
188 1.186250
189 1.181252
190 1.186375
191 1.180835
192 1.182744
193 1.183516
194 1.183619
195 1.182588
196 1.182307
197 1.181933
198 1.182998
199 1.184902
200 1.181488
201 1.182339
202 1.182359
203 1.184176
204 1.180020
205 1.181024
206 1.179909
207 1.183124
208 1.184726
209 1.186305
210 1.185508
211 1.185497
212 1.181825
213 1.179964
214 1.179254
215 1.179833
216 1.179667
217 1.182058
218 1.182061
219 1.181035
220 1.184736
221 1.182540
222 1.183549
223 1.186916
224 1.181529
225 1.180790
226 1.183766
227 1.184870
228 1.186241
229 1.180396
230 1.183841
231 1.182021
232 1.183727
233 1.184424
234 1.181929
235 1.182712
236 1.182936
237 1.180748
238 1.181121
239 1.183003
240 1.179810
241 1.184034
242 1.182850
243 1.183343
244 1.180525
245 1.180763
246 1.182324
247 1.182900
248 1.182997
249 1.181470
250 1.182980
251 1.182585
252 1.180516
253 1.180596
254 1.181083
255 1.183225
256 1.181741
257 1.182388
258 1.183157
259 1.179366
260 1.184794
261 1.186024
262 1.183393
263 1.182994
264 1.182887
265 1.184770
266 1.183291
267 1.182883
268 1.183489
269 1.184399
270 1.179487
271 1.182484
272 1.183486
273 1.181618
274 1.183070
275 1.180950
276 1.186626
277 1.178061
278 1.181901
279 1.180761
280 1.185823
281 1.183109
282 1.184031
283 1.184649
284 1.185273
285 1.185229
286 1.183087
287 1.183805
288 1.183492
289 1.182911
290 1.181377
291 1.185693
292 1.182201
293 1.178047
294 1.178860
295 1.180225
296 1.179680
297 1.179911
298 1.182431
299 1.180745
300 1.184198
301 1.184087
302 1.178577
303 1.181133
304 1.183663
305 1.183546
306 1.185399
307 1.185783
308 1.182219
309 1.184068
310 1.187940
311 1.185696
312 1.182858
313 1.182603
314 1.182939
315 1.182351
316 1.184168
317 1.182124
318 1.181588
319 1.183256
320 1.180949
321 1.186742
322 1.183892
323 1.186814
324 1