1 1.209168
2 1.079936
3 1.106582
4 1.129370
5 1.143338
6 1.150726
7 1.158273
8 1.162054
9 1.167378
10 1.165966
11 1.175464
12 1.171620
13 1.175498
14 1.175508
15 1.178144
16 1.175862
17 1.177188
18 1.177692
19 1.181536
20 1.179590
21 1.173717
22 1.182274
23 1.178260
24 1.179668
25 1.176998
26 1.178644
27 1.180915
28 1.179726
29 1.185497
30 1.182823
31 1.178134
32 1.179585
33 1.181731
34 1.184614
35 1.177246
36 1.180638
37 1.179842
38 1.181789
39 1.181502
40 1.181032
41 1.182881
42 1.181357
43 1.187147
44 1.183269
45 1.185162
46 1.185609
47 1.185812
48 1.181313
49 1.179483
50 1.184390
51 1.182599
52 1.182958
53 1.182269
54 1.181095
55 1.180546
56 1.184055
57 1.179726
58 1.180789
59 1.181536
60 1.183056
61 1.177105
62 1.183648
63 1.181444
64 1.181565
65 1.186293
66 1.183832
67 1.180420
68 1.179158
69 1.182473
70 1.185861
71 1.182148
72 1.183512
73 1.180891
74 1.181721
75 1.186550
76 1.182934
77 1.184419
78 1.179697
79 1.181483
80 1.181143
81 1.180556
82 1.181017
83 1.181129
84 1.182536
85 1.181134
86 1.181313
87 1.182692
88 1.184449
89 1.186589
90 1.184929
91 1.183900
92 1.180556
93 1.181284
94 1.185628
95 1.179241
96 1.178318
97 1.181541
98 1.181745
99 1.186948
100 1.182090
101 1.182750
102 1.184376
103 1.181362
104 1.184376
105 1.181828
106 1.182633
107 1.183599
108 1.184934
109 1.179639
110 1.181454
111 1.184284
112 1.178979
113 1.184715
114 1.182235
115 1.185677
116 1.185686
117 1.185701
118 1.182235
119 1.180003
120 1.183007
121 1.179192
122 1.176416
123 1.181415
124 1.179677
125 1.181255
126 1.183779
127 1.182124
128 1.184701
129 1.181362
130 1.183541
131 1.182119
132 1.184740
133 1.182565
134 1.181119
135 1.183119
136 1.184410
137 1.184094
138 1.186934
139 1.181002
140 1.176557
141 1.187589
142 1.187084
143 1.184182
144 1.182454
145 1.182599
146 1.182905
147 1.181847
148 1.177513
149 1.176833
150 1.182260
151 1.184487
152 1.181721
153 1.180784
154 1.184837
155 1.182104
156 1.183517
157 1.179469
158 1.181828
159 1.184589
160 1.181735
161 1.183764
162 1.181041
163 1.184284
164 1.182958
165 1.185162
166 1.183434
167 1.179401
168 1.181944
169 1.185584
170 1.177474
171 1.183531
172 1.177950
173 1.183332
174 1.185021
175 1.182842
176 1.183517
177 1.182201
178 1.178784
179 1.187288
180 1.186696
181 1.183318
182 1.183944
183 1.178275
184 1.183643
185 1.177251
186 1.180915
187 1.184526
188 1.181575
189 1.175751
190 1.181881
191 1.180964
192 1.183953
193 1.182395
194 1.185084
195 1.182119
196 1.181663
197 1.185429
198 1.182027
199 1.184279
200 1.179901
201 1.184157
202 1.182866
203 1.185633
204 1.187055
205 1.180770
206 1.180837
207 1.183488
208 1.182342
209 1.183580
210 1.182580
211 1.184516
212 1.184847
213 1.182823
214 1.188128
215 1.189035
216 1.181570
217 1.183429
218 1.180682
219 1.178857
220 1.184259
221 1.184580
222 1.180682
223 1.184992
224 1.183318
225 1.181672
226 1.183677
227 1.185303
228 1.180566
229 1.178828
230 1.180027
231 1.183759
232 1.177882
233 1.181357
234 1.183677
235 1.182556
236 1.181619
237 1.184293
238 1.184609
239 1.187225
240 1.183648
241 1.181658
242 1.179512
243 1.180954
244 1.184885
245 1.184284
246 1.181129
247 1.184235
248 1.175746
249 1.177862
250 1.181930
251 1.186235
252 1.180973
253 1.183575
254 1.181818
255 1.183803
256 1.178037
257 1.181832
258 1.181284
259 1.180420
260 1.180338
261 1.183759
262 1.184342
263 1.183754
264 1.183026
265 1.183992
266 1.182323
267 1.186147
268 1.185016
269 1.186108
270 1.184206
271 1.184157
272 1.184944
273 1.185274
274 1.185080
275 1.184041
276 1.181677
277 1.182759
278 1.186968
279 1.185997
280 1.181444
281 1.185594
282 1.186123
283 1.182988
284 1.181124
285 1.182784
286 1.179969
287 1.185662
288 1.178784
289 1.178692
290 1.181352
291 1.181847
292 1.178241
293 1.178357
294 1.181294
295 1.183987
296 1.181881
297 1.183662
298 1.182696
299 1.183818
300 1.183264
301 1.181308
302 1.181114
303 1.179192
304 1.182575
305 1.182002
306 1.181347
307 1.183128
308 1.183400
309 1.183449
310 1.184516
311 1.186769
312 1.185846
313 1.182085
314 1.181167
315 1.182070
316 1.180672
317 1.183541
318 1.178629
319 1.182124
320 1.185890
321 1.183575
322 1.183303
323 1.181352
324 1.183502
325 1.182245
326 1.186443
327 1.185410
328 1.183172
329 1.183468
330 1.185434
331 1.179522
332 1.181813
333 1.180308
334 1.184123
335 1.179527
336 1.182827
337 1.184429
338 1.181896
339 1.181032
340 1.182328
341 1.181109
342 1.181405
343 1.180731
344 1.187710
345 1.181104
346 1.187103
347 1.183138
348 1.183041
349 1.181973
350 1.183458
351 1.180294
352 1.184837
353 1.182085
354 1.184667
355 1.184701
356 1.185691
357 1.184415
358 1.186458
359 1.183822
360 1.187540
361 1.180206
362 1.184851
363 1.189225
364 1.180420
365 1.184735
366 1.185104
367 1.188443
368 1.182861
369 1.183196
370 1.185822
371 1.186861
372 1.182056
373 1.186492
374 1.179139
375 1.180794
376 1.182279
377 1.180226
378 1.186613
379 1.182386
380 1.182536
381 1.180507
382 1.182954
383 1.184390
384 1.182294
385 1.183604
386 1.178843
387 1.185162
388 1.180041
389 1.185890
390 1.185497
391 1.182541
392 1.180085
393 1.179876
394 1.181910
395 1.178415
396 1.187540
397 1.186662
398 1.181760
399 1.181090
400 1.180571
401 1.183128
402 1.183298
403 1.184298
404 1.184652
405 1.180813
406 1.185400
407 1.184890
408 1.182007
409 1.183094
410 1.186235
411 1.181357
412 1.180187
413 1.185579
414 1.185113
415 1.187705
416 1.181522
417 1.183303
418 1.182410
419 1.184871
420 1.181153
421 1.182357
422 1.181400
423 1.181289
424 1.183356
425 1.184114
426 1.182531
427 1.183997
428 1.179891
429 1.189254
430 1.186599
431 1.183138
432 1.181536
433 1.181954
434 1.179697
435 1.184463
436 1.181847
437 1.180944
438 1.181595
439 1.181968
440 1.184390
441 1.182332
442 1.183022
443 1.181022
444 1.183701
445 1.186521
446 1.185526
447 1.179799
448 1.178100
449 1.182459
450 1.178464
451 1.184177
452 1.181745
453 1.183279
454 1.181104
455 1.179944
456 1.184322
457 1.185783
458 1.182017
459 1.181905
460 1.183920
461 1.181745
462 1.183468
463 1.184822
464 1.179896
465 1.183963
466 1.182764
467 1.181842
468 1.183910
469 1.181192
470 1.184250
471 1.182934
472 1.182153
473 1.177702
474 1.186861
475 1.182400
476 1.186206
477 1.185706
478 1.181536
479 1.184672
480 1.182706
481 1.184332
482 1.186482
483 1.183041
484 1.181993
485 1.186477
486 1.183944
487 1.183483
488 1.183856
489 1.184356
490 1.184851
491 1.179236
492 1.180420
493 1.182895
494 1.186240
495 1.179537
496 1.183434
497 1.182949
498 1.182759
499 1.179818
500 1.180527
501 1.179765
502 1.184361
503 1.185812
504 1.179517
505 1.184914
506 1.181876
507 1.183871
508 1.182182
509 1.181871
510 1.183128
511 1.183468
512 1.180037
513 1.180600
514 1.184521
515 1.185007
516 1.184453
517 1.179211
518 1.183289
519 1.183638
520 1.183541
521 1.180085
522 1.181279
523 1.184638
524 1.180745
525 1.186871
526 1.187802
527 1.184381
528 1.185152
529 1.183779
530 1.185138
531 1.182318
532 1.181726
533 1.183934
534 1.178454
535 1.184507
536 1.181905
537 1.184288
538 1.184987
539 1.187720
540 1.186414
541 1.182095
542 1.185376
543 1.181920
544 1.183570
545 1.186574
546 1.186332
547 1.180022
548 1.180886
549 1.187594
550 1.184779
551 1.181517
552 1.181129
553 1.184177
554 1.184245
555 1.181658
556 1.185385
557 1.184162
558 1.182410
559 1.181672
560 1.184837
561 1.180425
562 1.180789
563 1.182716
564 1.182939
565 1.184298
566 1.179202
567 1.182328
568 1.181823
569 1.181027
570 1.183788
571 1.182429
572 1.182279
573 1.184560
574 1.182415
575 1.182007
576 1.183623
577 1.184274
578 1.185429
579 1.181900
580 1.179974
581 1.182512
582 1.180755
583 1.182444
584 1.182230
585 1.183788
586 1.185822
587 1.186506
588 1.188356
589 1.187856
590 1.183473
591 1.185458
592 1.184322
593 1.180537
594 1.184458
595 1.181565
596 1.182434
597 1.181546
598 1.184225
599 1.180886
600 1.181250
601 1.183861
602 1.186133
603 1.182861
604 1.182730
605 1.181017
606 1.181134
607 1.183526
608 1.187487
609 1.184196
610 1.186104
611 1.184555
612 1.186448
613 1.180046
614 1.180187
615 1.181886
616 1.183458
617 1.180124
618 1.181051
619 1.181100
620 1.183662
621 1.184483
622 1.182662
623 1.179891
624 1.182764
625 1.182434
626 1.182653
627 1.180750
628 1.181983
629 1.182978
630 1.178013
631 1.179459
632 1.181347
633 1.182633
634 1.183356
635 1.185531
636 1.186322
637 1.181556
638 1.182769
639 1.185934
640 1.185808
641 1.178508
642 1.181731
643 1.185536
644 1.182129
645 1.185555
646 1.182308
647 1.182832
648 1.180173
649 1.179896
650 1.185638
651 1.181337
652 1.189865
653 1.181847
654 1.182255
655 1.185303
656 1.180823
657 1.184186
658 1.180910
659 1.186031
660 1.179978
661 1.179794
662 1.184143
663 1.181449
664 1.184206
665 1.181968
666 1.179279
667 1.181007
668 1.184177
669 1.185618
670 1.185618
671 1.178411
672 1.179207
673 1.180837
674 1.180095
675 1.187987
676 1.184162
677 1.183929
678 1.183531
679 1.186448
680 1.180517
681 1.183143
682 1.186963
683 1.183968
684 1.185274
685 1.183235
686 1.185259
687 1.183415
688 1.186108
689 1.183798
690 1.184250
691 1.184313
692 1.184526
693 1.182604
694 1.185652
695 1.181172
696 1.182750
697 1.180862
698 1.183007
699 1.186710
700 1.183182
701 1.183090
702 1.183653
703 1.182551
704 1.182027
705 1.182522
706 1.182929
707 1.184119
708 1.180784
709 1.184017
710 1.183779
711 1.182099
712 1.189312
713 1.183434
714 1.181187
715 1.184089
716 1.182502
717 1.188021
718 1.183944
719 1.181726
720 1.181934
721 1.184317
722 1.184128
723 1.178430
724 1.187011
725 1.178988
726 1.182269
727 1.183633
728 1.179823
729 1.184633
730 1.180313
731 1.184677
732 1.183798
733 1.181939
734 1.185550
735 1.181095
736 1.185249
737 1.185866
738 1.179571
739 1.182420
740 1.182696
741 1.189288
742 1.181949
743 1.183157
744 1.179643
745 1.182934
746 1.187113
747 1.185744
748 1.182395
749 1.183114
750 1.181478
751 1.183890
752 1.186094
753 1.184779
754 1.184410
755 1.181925
756 1.184672
757 1.182332
758 1.181167
759 1.187162
760 1.184483
761 1.183352
762 1.179347
763 1.184046
764 1.183822
765 1.181051
766 1.182517
767 1.182866
768 1.182012
769 1.181163
770 1.181129
771 1.182638
772 1.185429
773 1.182386
774 1.185444
775 1.182357
776 1.182386
777 1.181842
778 1.182381
779 1.182279
780 1.180173
781 1.180061
782 1.186259
783 1.182988
784 1.184910
785 1.186186
786 1.187070
787 1.185744
788 1.181590
789 1.185060
790 1.184968
791 1.182881
792 1.183347
793 1.182158
794 1.183920
795 1.180372
796 1.187404
797 1.183619
798 1.185099
799 1.183041
800 1.183274
801 1.177707
802 1.186958
803 1.183871
804 1.182949
805 1.182216
806 1.181905
807 1.185609
808 1.180236
809 1.181143
810 1.179508
811 1.187142
812 1.185769
813 1.186133
814 1.181561
815 1.184007
816 1.184667
817 1.186206
818 1.182614
819 1.181517
820 1.184371
821 1.182061
822 1.184051
823 1.184075
824 1.184701
825 1.184415
826 1.184492
827 1.184274
828 1.181483
829 1.183793
830 1.181663
831 1.180187
832 1.185075
833 1.188953
834 1.186652
835 1.183036
836 1.182624
837 1.182502
838 1.184735
839 1.179372
840 1.181876
841 1.181274
842 1.185638
843 1.183745
844 1.182905
845 1.181080
846 1.187832
847 1.184473
848 1.185181
849 1.182051
850 1.184987
851 1.182755
852 1.181750
853 1.185181
854 1.188375
855 1.185123
856 1.183614
857 1.185696
858 1.182230
859 1.185332
860 1.183094
861 1.186230
862 1.183323
863 1.183881
864 1.183735
865 1.179546
866 1.184536
867 1.180556
868 1.184356
869 1.186851
870 1.185453
871 1.185070
872 1.185992
873 1.186089
874 1.181386
875 1.183080
876 1.185788
877 1.182274
878 1.184284
879 1.183206
880 1.186662
881 1.187870
882 1.180580
883 1.183114
884 1.181473
885 1.179891
886 1.184715
887 1.183725
888 1.179954
889 1.185312
890 1.186589
891 1.185123
892 1.182294
893 1.183327
894 1.184842
895 1.180939
896 1.184143
897 1.179867
898 1.178537
899 1.182080
900 1.185992
901 1.184211
902 1.182400
903 1.179076
904 1.182949
905 1.182750
906 1.180988
907 1.184478
908 1.182692
909 1.183492
910 1.182332
911 1.181240
912 1.184036
913 1.185579
914 1.186167
915 1.184264
916 1.183653
917 1.183866
918 1.184682
919 1.184953
920 1.184119
921 1.185487
922 1.185031
923 1.181915
924 1.186264
925 1.185842
926 1.178076
927 1.187302
928 1.180750
929 1.181697
930 1.179027
931 1.186536
932 1.181216
933 1.182745
934 1.182381
935 1.180236
936 1.182298
937 1.190103
938 1.184866
939 1.184682
940 1.184866
941 1.180750
942 1.184298
943 1.187938
944 1.185031
945 1.180658
946 1.183725
947 1.185380
948 1.183124
949 1.182886
950 1.185366
951 1.179663
952 1.184026
953 1.183958
954 1.180808
955 1.183327
956 1.188132
957 1.184085
958 1.185759
959 1.184565
960 1.183881
961 1.183255
962 1.181454
963 1.186220
964 1.184871
965 1.184381
966 1.181502
967 1.182497
968 1.182696
969 1.182827
970 1.181172
971 1.182284
972 1.182852
973 1.181609
974 1.183623
975 1.181056
976 1.184924
977 1.178367
978 1.188885
979 1.178891
980 1.184827
981 1.185511
982 1.182876
983 1.185167
984 1.184031
985 1.183716
986 1.182551
987 1.181648
988 1.181794
989 1.184395
990 1.184468
991 1.184419
992 1.181333
993 1.185240
994 1.185084
995 1.185759
996 1.183167
997 1.184133
998 1.180828
999 1.181507
1000 1.181498
1001 1.186904


Active cycles: 200
k_mean: 1.183571
k_stddev(cycle): 0.002230
k_stderr(mean): 0.000158
Reactivity(rho): 0.155099, Per Cent error compared to reference: 0.017055
Total Time: 1805.066031seconds. Average: 1.803263 seconds per cycle.
