1 0.989512
2 0.984604
3 0.983000
4 0.983142
5 0.983704
6 0.983438
7 0.982800
8 0.981904
9 0.981112
10 0.979986
11 0.978880
12 0.978066
13 0.977118
14 0.975944
15 0.975224
16 0.974082
17 0.973104
18 0.972950
19 0.972984
20 0.973412
21 0.973744
22 0.973980
23 0.974064
24 0.974704
25 0.975888
26 0.976214
27 0.976416
28 0.977406
29 0.978194
30 0.978582
31 0.980442
32 0.981098
33 0.982366
34 0.983094
35 0.984512
36 0.986006
37 0.986970
38 0.988128
39 0.989524
40 0.991148
41 0.992352
42 0.994226
43 0.995994
44 0.997494
45 0.999270
46 1.000498
47 1.002340
48 1.003916
49 1.005270
50 1.007216
51 1.009026
52 1.010348
53 1.011918
54 1.014138
55 1.016096
56 1.018312
57 1.019686
58 1.021598
59 1.024352
60 1.026318
61 1.028356
62 1.029754
63 1.031448
64 1.032962
65 1.035114
66 1.037364
67 1.039302
68 1.040886
69 1.042614
70 1.044554
71 1.046310
72 1.047776
73 1.049064
74 1.051864
75 1.054464
76 1.055530
77 1.057050
78 1.058466
79 1.060114
80 1.062478
81 1.064174
82 1.065552
83 1.066506
84 1.068000
85 1.069606
86 1.070706
87 1.071402
88 1.073542
89 1.074594
90 1.075890
91 1.077066
92 1.078300
93 1.079892
94 1.081690
95 1.083440
96 1.084778
97 1.086856
98 1.088746
99 1.090332
100 1.091974
101 1.093162
102 1.094450
103 1.095642
104 1.096874
105 1.098472
106 1.099614
107 1.100982
108 1.101920
109 1.103108
110 1.104590
111 1.105022
112 1.105982
113 1.107408
114 1.108306
115 1.109364
116 1.110094
117 1.110984
118 1.111440
119 1.112678
120 1.114056
121 1.115500
122 1.115908
123 1.117172
124 1.118420
125 1.119464
126 1.120140
127 1.120558
128 1.120940
129 1.122054
130 1.122266
131 1.122426
132 1.123464
133 1.123792
134 1.124960
135 1.125908
136 1.126878
137 1.127386
138 1.128988
139 1.129936
140 1.130322
141 1.131112
142 1.131472
143 1.131896
144 1.132156
145 1.132826
146 1.133852
147 1.134380
148 1.134676
149 1.134994
150 1.135534
151 1.136040
152 1.137272
153 1.138126
154 1.138466
155 1.139064
156 1.139870
157 1.139388
158 1.139906
159 1.140622
160 1.141430
161 1.142096
162 1.143232
163 1.143524
164 1.144632
165 1.145240
166 1.145390
167 1.145282
168 1.146086
169 1.146620
170 1.147280
171 1.147968
172 1.148692
173 1.148818
174 1.148856
175 1.149088
176 1.149270
177 1.149588
178 1.150606
179 1.150674
180 1.150780
181 1.151050
182 1.151750
183 1.151780
184 1.152406
185 1.152624
186 1.153210
187 1.153360
188 1.154212
189 1.154300
190 1.155348
191 1.154960
192 1.155692
193 1.155346
194 1.155708
195 1.156064
196 1.156386
197 1.155986
198 1.155820
199 1.155660
200 1.155416
201 1.155302
202 1.154974
203 1.155538
204 1.156466
205 1.156984
206 1.156958
207 1.157808
208 1.158786
209 1.158458
210 1.158972
211 1.158670
212 1.158914
213 1.159514
214 1.160090
215 1.160710
216 1.160756
217 1.161168
218 1.161160
219 1.160866
220 1.161136
221 1.161822
222 1.161628
223 1.162126
224 1.161786
225 1.162502
226 1.162554
227 1.162552
228 1.161872
229 1.162434
230 1.162680
231 1.162612
232 1.163418
233 1.163378
234 1.164164
235 1.164496
236 1.164898
237 1.164952
238 1.165246
239 1.165236
240 1.165362
241 1.165448
242 1.166108
243 1.166322
244 1.166074
245 1.165952
246 1.165472
247 1.165586
248 1.166110
249 1.166020
250 1.166212
251 1.166976
252 1.167062
253 1.167792
254 1.167892
255 1.168214
256 1.168178
257 1.168070
258 1.167846
259 1.168084
260 1.168116
261 1.168178
262 1.169348
263 1.169484
264 1.168830
265 1.169260
266 1.169344
267 1.169094
268 1.169626
269 1.169212
270 1.168992
271 1.169412
272 1.169254
273 1.169672
274 1.169786
275 1.169688
276 1.169944
277 1.169556
278 1.169752
279 1.169610
280 1.169886
281 1.170200
282 1.170016
283 1.169752
284 1.169894
285 1.169964
286 1.170244
287 1.170680
288 1.170672
289 1.169998
290 1.170108
291 1.169898
292 1.170462
293 1.171386
294 1.171876
295 1.171786
296 1.171904
297 1.171434
298 1.171598
299 1.171982
300 1.172262
301 1.171952
302 1.172680
303 1.172850
304 1.172948
305 1.173580
306 1.174194
307 1.175004
308 1.174788
309 1.174752
310 1.174928
311 1.174936
312 1.174986
313 1.174794
314 1.175616
315 1.175074
316 1.175532
317 1.175894
318 1.175936
319 1.175596
320 1.175550
321 1.174928
322 1.175352
323 1.175250
324 1.175170
325 1.175102
326 1.175402
327 1.175824
328 1.176252
329 1.175370
330 1.175484
331 1.175012
332 1.174834
333 1.175016
334 1.175146
335 1.174878
336 1.174848
337 1.174894
338 1.174498
339 1.174090
340 1.174260
341 1.174532
342 1.174568
343 1.175446
344 1.174670
345 1.175374
346 1.175672
347 1.176026
348 1.176216
349 1.175738
350 1.175976
351 1.176158
352 1.176196
353 1.176364
354 1.175756
355 1.175710
356 1.176454
357 1.176596
358 1.176090
359 1.176362
360 1.176402
361 1.176550
362 1.176588
363 1.176592
364 1.176536
365 1.176916
366 1.177628
367 1.178024
368 1.178008
369 1.177924
370 1.177590
371 1.177756
372 1.177394
373 1.177252
374 1.177782
375 1.177140
376 1.177590
377 1.177086
378 1.177014
379 1.177196
380 1.176882
381 1.176806
382 1.177162
383 1.176978
384 1.176946
385 1.177014
386 1.176676
387 1.176014
388 1.176346
389 1.176546
390 1.176070
391 1.175842
392 1.175988
393 1.176344
394 1.176148
395 1.176526
396 1.176292
397 1.176996
398 1.177040
399 1.177508
400 1.177518
401 1.177364
402 1.176906
403 1.177224
404 1.176748
405 1.177190
406 1.177424
407 1.177086
408 1.176932
409 1.176114
410 1.176740
411 1.177218
412 1.177180
413 1.178094
414 1.178248
415 1.177888
416 1.177818
417 1.178440
418 1.179198
419 1.178986
420 1.179864
421 1.179932
422 1.179870
423 1.179812
424 1.180168
425 1.180448
426 1.179958
427 1.179750
428 1.179760
429 1.179554
430 1.178886
431 1.178490
432 1.178618
433 1.178530
434 1.178504
435 1.178286
436 1.177882
437 1.178338
438 1.178034
439 1.178304
440 1.178176
441 1.178228
442 1.178372
443 1.178410
444 1.178528
445 1.178922
446 1.179656
447 1.178640
448 1.178936
449 1.178932
450 1.179096
451 1.178814
452 1.179054
453 1.179178
454 1.178854
455 1.178986
456 1.179370
457 1.179188
458 1.178656
459 1.178154
460 1.178308
461 1.178314
462 1.178180
463 1.178198
464 1.178584
465 1.178848
466 1.178578
467 1.179020
468 1.179076
469 1.178766
470 1.179144
471 1.179002
472 1.178646
473 1.178428
474 1.178176
475 1.179366
476 1.179148
477 1.179610
478 1.180030
479 1.179536
480 1.179618
481 1.179498
482 1.179160
483 1.179098
484 1.179220
485 1.179478
486 1.179324
487 1.179100
488 1.178604
489 1.178736
490 1.178614
491 1.179232
492 1.179780
493 1.180178
494 1.180026
495 1.179864
496 1.179916
497 1.180088
498 1.179732
499 1.179620
500 1.179296
501 1.179292
502 1.179752
503 1.179890
504 1.180164
505 1.180532
506 1.180498
507 1.180020
508 1.180648
509 1.180508
510 1.180118
511 1.180366
512 1.180834
513 1.181340
514 1.181504
515 1.181994
516 1.182460
517 1.182180
518 1.182206
519 1.181964
520 1.181748
521 1.181544
522 1.181710
523 1.181420
524 1.181062
525 1.180798
526 1.181294
527 1.181356
528 1.181288
529 1.181456
530 1.181756
531 1.181698
532 1.181622
533 1.181592
534 1.181598
535 1.181436
536 1.180940
537 1.181060
538 1.180808
539 1.180464
540 1.180528
541 1.180246
542 1.180560
543 1.180944
544 1.180304
545 1.179792
546 1.180074
547 1.179972
548 1.180026
549 1.180160
550 1.180794
551 1.180616
552 1.180352
553 1.180778
554 1.180706
555 1.180818
556 1.180556
557 1.180028
558 1.179774
559 1.179678
560 1.180078
561 1.180062
562 1.180352
563 1.181344
564 1.181642
565 1.181324
566 1.181556
567 1.181306
568 1.181358
569 1.181850
570 1.181678
571 1.181742
572 1.182142
573 1.181334
574 1.181742
575 1.181384
576 1.181438
577 1.181552
578 1.180970
579 1.181024
580 1.181542
581 1.181194
582 1.181940
583 1.181526
584 1.181390
585 1.181392
586 1.181258
587 1.181064
588 1.181518
589 1.181226
590 1.180672
591 1.181046
592 1.181100
593 1.181096
594 1.180902
595 1.180588
596 1.180642
597 1.180618
598 1.180616
599 1.180848
600 1.180326
601 1.180742
602 1.179856
603 1.179320
604 1.179796
605 1.179640
606 1.179794
607 1.180482
608 1.180634
609 1.180382
610 1.180432
611 1.180838
612 1.181158
613 1.181062
614 1.181348
615 1.181594
616 1.181770
617 1.181950
618 1.181524
619 1.181244
620 1.182240
621 1.182328
622 1.182266
623 1.181878
624 1.182364
625 1.182628
626 1.182714
627 1.182800
628 1.182258
629 1.181670
630 1.181618
631 1.181732
632 1.182190
633 1.181540
634 1.182486
635 1.181380
636 1.181268
637 1.180510
638 1.180302
639 1.180128
640 1.179736
641 1.179652
642 1.179836
643 1.180146
644 1.180590
645 1.180522
646 1.181660
647 1.181470
648 1.181404
649 1.181476
650 1.181836
651 1.181748
652 1.181996
653 1.181896
654 1.181944
655 1.181400
656 1.181424
657 1.180990
658 1.180978
659 1.180736
660 1.180782
661 1.181376
662 1.181488
663 1.180900
664 1.180894
665 1.181000
666 1.180460
667 1.180342
668 1.181202
669 1.181004
670 1.181374
671 1.180894
672 1.180884
673 1.181094
674 1.180584
675 1.180806
676 1.180420
677 1.180302
678 1.179178
679 1.179318
680 1.178794
681 1.178970
682 1.179664
683 1.179962
684 1.179668
685 1.179962
686 1.179994
687 1.179832
688 1.179788
689 1.179930
690 1.179924
691 1.179468
692 1.179648
693 1.179218
694 1.180530
695 1.180680
696 1.180310
697 1.180132
698 1.179818
699 1.180198
700 1.180042
701 1.179936
702 1.180128
703 1.180864
704 1.181206
705 1.181422
706 1.181158
707 1.180738
708 1.180800
709 1.180830
710 1.180466
711 1.180456
712 1.180208
713 1.180558
714 1.180828
715 1.181096
716 1.180874
717 1.180584
718 1.180888
719 1.180974
720 1.180914
721 1.179658
722 1.179404
723 1.179614
724 1.179532
725 1.179678
726 1.179798
727 1.179998
728 1.180028
729 1.179970
730 1.180994
731 1.181054
732 1.180988
733 1.180398
734 1.180702
735 1.180352
736 1.180964
737 1.180644
738 1.181268
739 1.180636
740 1.180702
741 1.180824
742 1.180682
743 1.180418
744 1.180674
745 1.180398
746 1.180306
747 1.180524
748 1.180020
749 1.180346
750 1.180396
751 1.180820
752 1.181364
753 1.181526
754 1.181550
755 1.181682
756 1.181614
757 1.180658
758 1.180200
759 1.180012
760 1.179778
761 1.179388
762 1.178556
763 1.178886
764 1.179266
765 1.179160
766 1.179178
767 1.179908
768 1.180234
769 1.180006
770 1.180296
771 1.180224
772 1.180380
773 1.180752
774 1.180492
775 1.179946
776 1.180550
777 1.181296
778 1.181584
779 1.182130
780 1.181670
781 1.181216
782 1.181342
783 1.181476
784 1.181570
785 1.181244
786 1.181520
787 1.181560
788 1.181114
789 1.181196
790 1.180876
791 1.180916
792 1.180772
793 1.180632
794 1.180344
795 1.180154
796 1.180100
797 1.180202
798 1.180678
799 1.180510
800 1.179990
801 1.180610
802 1.180052
803 1.180050
804 1.179866
805 1.180358
806 1.180266
807 1.181232
808 1.181328
809 1.181236
810 1.181530
811 1.180962
812 1.180932
813 1.181112
814 1.180854
815 1.181710
816 1.181716
817 1.181526
818 1.181432
819 1.181538
820 1.181602
821 1.181814
822 1.182118
823 1.181622
824 1.182274
825 1.182122
826 1.181846
827 1.181690
828 1.182110
829 1.182784
830 1.182634
831 1.182252
832 1.182354
833 1.181922
834 1.182312
835 1.182368
836 1.182230
837 1.181676
838 1.181808
839 1.182316
840 1.182440
841 1.182296
842 1.181356
843 1.181514
844 1.180910
845 1.181470
846 1.181288
847 1.180570
848 1.180816
849 1.180348
850 1.180328
851 1.180376
852 1.180210
853 1.179932
854 1.179810
855 1.180148
856 1.180098
857 1.180292
858 1.180340
859 1.180320
860 1.180326
861 1.180200
862 1.180426
863 1.180016
864 1.179416
865 1.179694
866 1.179178
867 1.179924
868 1.180274
869 1.180290
870 1.180338
871 1.180408
872 1.180358
873 1.180710
874 1.180664
875 1.179992
876 1.179660
877 1.179408
878 1.179568
879 1.179528
880 1.179404
881 1.179358
882 1.179496
883 1.179774
884 1.180182
885 1.180080
886 1.179694
887 1.180412
888 1.180070
889 1.180376
890 1.179922
891 1.179856
892 1.179856
893 1.180482
894 1.180722
895 1.180232
896 1.180550
897 1.181160
898 1.181444
899 1.180492
900 1.181104
901 1.180664
902 1.180562
903 1.180144
904 1.180464
905 1.180210
906 1.179956
907 1.179782
908 1.179264
909 1.178884
910 1.179564
911 1.179876
912 1.179308
913 1.179286
914 1.179050
915 1.179718
916 1.179878
917 1.180376
918 1.180386
919 1.179974
920 1.180548
921 1.180378
922 1.180580
923 1.181082
924 1.181072
925 1.180552
926 1.180628
927 1.181232
928 1.180886
929 1.180798
930 1.181588
931 1.181530
932 1.181758
933 1.181882
934 1.181908
935 1.181954
936 1.182222
937 1.181736
938 1.182156
939 1.181964
940 1.181452
941 1.181682
942 1.181546
943 1.180758
944 1.180472
945 1.180428
946 1.179974
947 1.179858
948 1.179676
949 1.179750
950 1.179802
951 1.179564
952 1.179296
953 1.180150
954 1.180456
955 1.181000
956 1.180932
957 1.181426
958 1.181402
959 1.181576
960 1.180998
961 1.180944
962 1.181194
963 1.180952
964 1.180862
965 1.181604
966 1.181834
967 1.182350
968 1.183038
969 1.182724
970 1.182548
971 1.182434
972 1.182990
973 1.182812
974 1.182490
975 1.182036
976 1.182066
977 1.181556
978 1.181576
979 1.181186
980 1.181488
981 1.181492
982 1.181394
983 1.181928
984 1.181684
985 1.181684
986 1.182000
987 1.182312
988 1.182470
989 1.183088
990 1.183176
991 1.183256
992 1.183186
993 1.183502
994 1.183392
995 1.183486
996 1.183280
997 1.183956
998 1.183882
999 1.183506
1000 1.183736
1001 1.183532
1002 1.183222
1003 1.183080
1004 1.182674
1005 1.182334
1006 1.182264
1007 1.182554
1008 1.182382
1009 1.182300
1010 1.182230
1011 1.182266
1012 1.182480
1013 1.182650
1014 1.182854
1015 1.183324
1016 1.183884
1017 1.183746
1018 1.183372
1019 1.182860
1020 1.183274
1021 1.183022
1022 1.183320
1023 1.183512
1024 1.183846
1025 1.183812
1026 1.184156
1027 1.184108
1028 1.183690
1029 1.183368
1030 1.182700
1031 1.183140
1032 1.183040
1033 1.183190
1034 1.183258
1035 1.183526
1036 1.182844
1037 1.182542
1038 1.182630
1039 1.182888
1040 1.183134
1041 1.183276
1042 1.183802
1043 1.183872
1044 1.183488
1045 1.183302
1046 1.183104
1047 1.182852
1048 1.182624
1049 1.182326
1050 1.182134
1051 1.181942
1052 1.182560
1053 1.182344
1054 1.182742
1055 1.182978
1056 1.182952
1057 1.183318
1058 1.182770
1059 1.182784
1060 1.182992
1061 1.183406
1062 1.183508
1063 1.183038
1064 1.183110
1065 1.183146
1066 1.183254
1067 1.182864
1068 1.183014
1069 1.182936
1070 1.182796
1071 1.183384
1072 1.183232
1073 1.183178
1074 1.182836
1075 1.182082
1076 1.181772
1077 1.182230
1078 1.182502
1079 1.182264
1080 1.182808
1081 1.183086
1082 1.183480
1083 1.183924
1084 1.184052
1085 1.184270
1086 1.184782
1087 1.184620
1088 1.184156
1089 1.184740
1090 1.185062
1091 1.184820
1092 1.183952
1093 1.184464
1094 1.184582
1095 1.184728
1096 1.184394
1097 1.183846
1098 1.183578
1099 1.183778
1100 1.183906
1101 1.184508
1102 1.184124
1103 1.184260
1104 1.184150
1105 1.184394
1106 1.184248
1107 1.184122
1108 1.184286
1109 1.184454
1110 1.184086
1111 1.183578
1112 1.183938
1113 1.183914
1114 1.184124
1115 1.183776
1116 1.183512
1117 1.183102
1118 1.183078
1119 1.183210
1120 1.183102
1121 1.182426
1122 1.182294
1123 1.182540
1124 1.182648
1125 1.182210
1126 1.182046
1127 1.180966
1128 1.181646
1129 1.181532
1130 1.181578
1131 1.181680
1132 1.181486
1133 1.181618
1134 1.181724
1135 1.181500
1136 1.181002
1137 1.180964
1138 1.180392
1139 1.181062
1140 1.180826
1141 1.181514
1142 1.181242
1143 1.181352
1144 1.181554
1145 1.181738
1146 1.181962
1147 1.182388
1148 1.183214
1149 1.182982
1150 1.183944
1151 1.183698
1152 1.183352
1153 1.183056
1154 1.183044
1155 1.183544
1156 1.183716
1157 1.183568
1158 1.183654
1159 1.183418
1160 1.183652
1161 1.183154
1162 1.182344
1163 1.181802
1164 1.181258
1165 1.181228
1166 1.181050
1167 1.181262
1168 1.180882
1169 1.181182
1170 1.181110
1171 1.181218
1172 1.181122
1173 1.181158
1174 1.181240
1175 1.181470
1176 1.181460
1177 1.182030
1178 1.182480
1179 1.182642
1180 1.182912
1181 1.183034
1182 1.183024
1183 1.182908
1184 1.183366
1185 1.182896
1186 1.182792
1187 1.182814
1188 1.182596
1189 1.182664
1190 1.182684
1191 1.183316
1192 1.183732
1193 1.183144
1194 1.183420
1195 1.183100
1196 1.182798
1197 1.182566
1198 1.182798
1199 1.182800
1200 1.182864
1201 1.182580
1202 1.182474
1203 1.182730
1204 1.182782
1205 1.182692
1206 1.182636
1207 1.182398
1208 1.182000
1209 1.181500
1210 1.180920
1211 1.180316
1212 1.181110
1213 1.181474
1214 1.181014
1215 1.181188
1216 1.181574
1217 1.181702
1218 1.181688
1219 1.181572
1220 1.180836
1221 1.180658
1222 1.180340
1223 1.180880
1224 1.181044
1225 1.180900
1226 1.181304
1227 1.180840
1228 1.181498
1229 1.181842
1230 1.182486
1231 1.182486
1232 1.181920
1233 1.182206
1234 1.182876
1235 1.182742
1236 1.182672
1237 1.182080
1238 1.181546
1239 1.181962
1240 1.181882
1241 1.181312
1242 1.180768
1243 1.181058
1244 1.180782
1245 1.180418
1246 1.180226
1247 1.180040
1248 1.180426
1249 1.180466
1250 1.180276
1251 1.180436
1252 1.180106
1253 1.180920
1254 1.181512
1255 1.181426
1256 1.181038
1257 1.180652
1258 1.181224
1259 1.181462
1260 1.181268
1261 1.181822
1262 1.181224
1263 1.181530
1264 1.182106
1265 1.182208
1266 1.181932
1267 1.181624
1268 1.181306
1269 1.181252
1270 1.181244
1271 1.181532
1272 1.181542
1273 1.181416
1274 1.181276
1275 1.181676
1276 1.181402
1277 1.181014
1278 1.181390
1279 1.181394
1280 1.181408
1281 1.181770
1282 1.181658
1283 1.181458
1284 1.181160
1285 1.181278
1286 1.181406
1287 1.181928
1288 1.182292
1289 1.181438
1290 1.181706
1291 1.181778
1292 1.182098
1293 1.182264
1294 1.181970
1295 1.182202
1296 1.182166
1297 1.182170
1298 1.181684
1299 1.181876
1300 1.182008
1301 1.182286
1302 1.182228
1303 1.182466
1304 1.182472
1305 1.182340
1306 1.181932
1307 1.182452
1308 1.182668
1309 1.182990
1310 1.183394
1311 1.183368
1312 1.182878
1313 1.182412
1314 1.183094
1315 1.182908
1316 1.183008
1317 1.183446
1318 1.183814
1319 1.183942
1320 1.184020
1321 1.184042
1322 1.183784
1323 1.183670
1324 1.183082
1325 1.182282
1326 1.182692
1327 1.183134
1328 1.183050
1329 1.183112
1330 1.182808
1331 1.182660
1332 1.182342
1333 1.182540
1334 1.182766
1335 1.182780
1336 1.182462
1337 1.182550
1338 1.182864
1339 1.183716
1340 1.183502
1341 1.183086
1342 1.183288
1343 1.183220
1344 1.183074
1345 1.183018
1346 1.183092
1347 1.182198
1348 1.182126
1349 1.181560
1350 1.181718
1351 1.181286
1352 1.181536
1353 1.181928
1354 1.181828
1355 1.181966
1356 1.181826
1357 1.182112
1358 1.182162
1359 1.182508
1360 1.182434
1361 1.182758
1362 1.182886
1363 1.182810
1364 1.182376
1365 1.182306
1366 1.182156
1367 1.182426
1368 1.182730
1369 1.182802
1370 1.181392
1371 1.181498
1372 1.181742
1373 1.181346
1374 1.181436
1375 1.182176
1376 1.182448
1377 1.183392
1378 1.183702
1379 1.183454
1380 1.182756
1381 1.182748
1382 1.182282
1383 1.182978
1384 1.183654
1385 1.184288
1386 1.184510
1387 1.184144
1388 1.184352
1389 1.183582
1390 1.183282
1391 1.183020
1392 1.183322
1393 1.184102
1394 1.184946
1395 1.184696
1396 1.184520
1397 1.184046
1398 1.184748
1399 1.184550
1400 1.184640
1401 1.184300
1402 1.183668
1403 1.183296
1404 1.182934
1405 1.182468
1406 1.181894
1407 1.181648
1408 1.182632
1409 1.182558
1410 1.182504
1411 1.182232
1412 1.182010
1413 1.181974
1414 1.182402
1415 1.182434
1416 1.182702
1417 1.182470
1418 1.182590
1419 1.182980
1420 1.182112
1421 1.182462
1422 1.182490
1423 1.182154
1424 1.181978
1425 1.182606
1426 1.182012
1427 1.181838
1428 1.181728
1429 1.182394
1430 1.182552
1431 1.182714
1432 1.182864
1433 1.183682
1434 1.183390
1435 1.183450
1436 1.183562
1437 1.183714
1438 1.182624
1439 1.182102
1440 1.182380
1441 1.182036
1442 1.182780
1443 1.181876
1444 1.181690
1445 1.181028
1446 1.181286
1447 1.180900
1448 1.180958
1449 1.180722
1450 1.180704
1451 1.180324
1452 1.180538
1453 1.180612
1454 1.180622
1455 1.180624
1456 1.180512
1457 1.180180
1458 1.180834
1459 1.180712
1460 1.180566
1461 1.181166
1462 1.181828
1463 1.182008
1464 1.181680
1465 1.181380
1466 1.181062
1467 1.181192
1468 1.181538
1469 1.181974
1470 1.182120
1471 1.182674
1472 1.183062
1473 1.182634
1474 1.182180
1475 1.182310
1476 1.182412
1477 1.182492
1478 1.182706
1479 1.182762
1480 1.182640
1481 1.181640
1482 1.181902
1483 1.181652
1484 1.181034
1485 1.181422
1486 1.181364
1487 1.181152
1488 1.181024
1489 1.180518
1490 1.180540
1491 1.180218
1492 1.180416
1493 1.180366
1494 1.180568
1495 1.179836
1496 1.179898
1497 1.179242
1498 1.179006
1499 1.179718
1500 1.179754
1501 1.179816
1502 1.179864
1503 1.179484
1504 1.180040
1505 1.180752
1506 1.180886
1507 1.181092
1508 1.181488
1509 1.181698
1510 1.182098
1511 1.182198
1512 1.181224
1513 1.180610
1514 1.180936
1515 1.180866
1516 1.180878
1517 1.180932
1518 1.181912
1519 1.182150
1520 1.182378
1521 1.182576
1522 1.182782
1523 1.183004
1524 1.183256
1525 1.183448
1526 1.184206
1527 1.184198
1528 1.185084
1529 1.184648
1530 1.184782
1531 1.184446
1532 1.184102
1533 1.184092
1534 1.184288
1535 1.184246
1536 1.184240
1537 1.183800
1538 1.183728
1539 1.183658
1540 1.183502
1541 1.183560
1542 1.182660
1543 1.182182
1544 1.182086
1545 1.182630
1546 1.182236
1547 1.182680
1548 1.183500
1549 1.183628
1550 1.184090
1551 1.184540
1552 1.184290
1553 1.183946
1554 1.184152
1555 1.184086
1556 1.184290
1557 1.184328
1558 1.184022
1559 1.184528
1560 1.185020
1561 1.184590
1562 1.184296
1563 1.183590
1564 1.184058
1565 1.184662
1566 1.184724
1567 1.184716
1568 1.184898
1569 1.184920
1570 1.184648
1571 1.184768
1572 1.184832
1573 1.185088
1574 1.184742
1575 1.184616
1576 1.184684
1577 1.183976
1578 1.184044
1579 1.184588
1580 1.184724
1581 1.185322
1582 1.184702
1583 1.184404
1584 1.184254
1585 1.184422
1586 1.184028
1587 1.184208
1588 1.184218
1589 1.184270
1590 1.183716
1591 1.184148
1592 1.184044
1593 1.184046
1594 1.183492
1595 1.184004
1596 1.184024
1597 1.184020
1598 1.183744
1599 1.183502
1600 1.183462
1601 1.183516
1602 1.184270
1603 1.183584
1604 1.183106
1605 1.183124
1606 1.183204
1607 1.183168
1608 1.183418
1609 1.182966
1610 1.182646
1611 1.182924
1612 1.182830
1613 1.183540
1614 1.183492
1615 1.183050
1616 1.182968
1617 1.183010
1618 1.182924
1619 1.182414
1620 1.182804
1621 1.183954
1622 1.183254
1623 1.182624
1624 1.182552
1625 1.182242
1626 1.182736
1627 1.182244
1628 1.182812
1629 1.182716
1630 1.182314
1631 1.181956
1632 1.182068
1633 1.182550
1634 1.182292
1635 1.182666
1636 1.182822
1637 1.182820
1638 1.182270
1639 1.182524
1640 1.181962
1641 1.181688
1642 1.181426
1643 1.181508
1644 1.181184
1645 1.181054
1646 1.182024
1647 1.181402
1648 1.181102
1649 1.181306
1650 1.181346
1651 1.181432
1652 1.181438
1653 1.181864
1654 1.181662
1655 1.181718
1656 1.181948
1657 1.182046
1658 1.182636
1659 1.182536
1660 1.182612
1661 1.182532
1662 1.182726
1663 1.182878
1664 1.182458
1665 1.183414
1666 1.183658
1667 1.183486
1668 1.183520
1669 1.183386
1670 1.183092
1671 1.183654
1672 1.182790
1673 1.183030
1674 1.182592
1675 1.182178
1676 1.182198
1677 1.181680
1678 1.181626
1679 1.181660
1680 1.181158
1681 1.180828
1682 1.181118
1683 1.181878
1684 1.182120
1685 1.181904
1686 1.182632
1687 1.182502
1688 1.182588
1689 1.182088
1690 1.181740
1691 1.181514
1692 1.181928
1693 1.181804
1694 1.181762
1695 1.181792
1696 1.181774
1697 1.181588
1698 1.181236
1699 1.180830
1700 1.181268
1701 1.181142
1702 1.181338
1703 1.181744
1704 1.181602
1705 1.181376
1706 1.181956
1707 1.181328
1708 1.181262
1709 1.181688
1710 1.181752
1711 1.182062
1712 1.180992
1713 1.180630
1714 1.179918
1715 1.179580
1716 1.179696
1717 1.179398
1718 1.179574
1719 1.179608
1720 1.179650
1721 1.179314
1722 1.178892
1723 1.179026
1724 1.178890
1725 1.179226
1726 1.179914
1727 1.180598
1728 1.181400
1729 1.181582
1730 1.181878
1731 1.182724
1732 1.183014
1733 1.183240
1734 1.183072
1735 1.183620
1736 1.183814
1737 1.183258
1738 1.182794
1739 1.183042
1740 1.183186
1741 1.183624
1742 1.183856
1743 1.183320
1744 1.183762
1745 1.184684
1746 1.184110
1747 1.184290
1748 1.184110
1749 1.184540
1750 1.184456
1751 1.184558
1752 1.184628
1753 1.184130
1754 1.183874
1755 1.184112
1756 1.184238
1757 1.184464
1758 1.184344
1759 1.184182
1760 1.184424
1761 1.183536
1762 1.183550
1763 1.183962
1764 1.184078
1765 1.183490
1766 1.183668
1767 1.183824
1768 1.183574
1769 1.183308
1770 1.183232
1771 1.182946
1772 1.182552
1773 1.183050
1774 1.183006
1775 1.184090
1776 1.183750
1777 1.183706
1778 1.183110
1779 1.182736
1780 1.182600
1781 1.182296
1782 1.181968
1783 1.182572
1784 1.182750
1785 1.182712
1786 1.182816
1787 1.183452
1788 1.183168
1789 1.183346
1790 1.183410
1791 1.183636
1792 1.183608
1793 1.184236
1794 1.183916
1795 1.183822
1796 1.183140
1797 1.182818
1798 1.182306
1799 1.182462
1800 1.182576
1801 1.182980
1802 1.183052
1803 1.183496
1804 1.182896
1805 1.182724
1806 1.182540
1807 1.182266
1808 1.182578
1809 1.182028
1810 1.181246
1811 1.181154
1812 1.181624
1813 1.180936
1814 1.181278
1815 1.180724
1816 1.180550
1817 1.180864
1818 1.180556
1819 1.180216
1820 1.180774
1821 1.181346
1822 1.182040
1823 1.182276
1824 1.181398
1825 1.181746
1826 1.181794
1827 1.181804
1828 1.181514
1829 1.181576
1830 1.181936
1831 1.181736
1832 1.181432
1833 1.181648
1834 1.181450
1835 1.181374
1836 1.181874
1837 1.181202
1838 1.180856
1839 1.180826
1840 1.181598
1841 1.181722
1842 1.182122
1843 1.182160
1844 1.182528
1845 1.182704
1846 1.182542
1847 1.182194
1848 1.182578
1849 1.182394
1850 1.182046
1851 1.181930
1852 1.181908
1853 1.182278
1854 1.182864
1855 1.182832
1856 1.182760
1857 1.182868
1858 1.182992
1859 1.183072
1860 1.183136
1861 1.183026
1862 1.183068
1863 1.182988
1864 1.183046
1865 1.183144
1866 1.183432
1867 1.183698
1868 1.184854
1869 1.185142
1870 1.185392
1871 1.185478
1872 1.185150
1873 1.185004
1874 1.184602
1875 1.184252
1876 1.183370
1877 1.183788
1878 1.184066
1879 1.183706
1880 1.184772
1881 1.185516
1882 1.185090
1883 1.185102
1884 1.185072
1885 1.185158
1886 1.185224
1887 1.185332
1888 1.184780
1889 1.184624
1890 1.184074
1891 1.184138
1892 1.183994
1893 1.184426
1894 1.184980
1895 1.185198
1896 1.184948
1897 1.185002
1898 1.184818
1899 1.184754
1900 1.184824
1901 1.185008
1902 1.185178
1903 1.184990
1904 1.184928
1905 1.184794
1906 1.184126
1907 1.183816
1908 1.183518
1909 1.183518
1910 1.183078
1911 1.182702
1912 1.182634
1913 1.182758
1914 1.183004
1915 1.183268
1916 1.183286
1917 1.183316
1918 1.183392
1919 1.183856
1920 1.183784
1921 1.183488
1922 1.183382
1923 1.182824
1924 1.182914
1925 1.183094
1926 1.182988
1927 1.182424
1928 1.182172
1929 1.182748
1930 1.182348
1931 1.182518
1932 1.182700
1933 1.182616
1934 1.182562
1935 1.182478
1936 1.182874
1937 1.182668
1938 1.182038
1939 1.182054
1940 1.182774
1941 1.183400
1942 1.183608
1943 1.183640
1944 1.183020
1945 1.182750
1946 1.182528
1947 1.183310
1948 1.182424
1949 1.182420
1950 1.182134
1951 1.181730
1952 1.182154
1953 1.182116
1954 1.182090
1955 1.181798
1956 1.181966
1957 1.181486
1958 1.181434
1959 1.181566
1960 1.182094
1961 1.182394
1962 1.182470
1963 1.182170
1964 1.182952
1965 1.182696
1966 1.182800
1967 1.182780
1968 1.182776
1969 1.182698
1970 1.182496
1971 1.182762
1972 1.182886
1973 1.182168
1974 1.182254
1975 1.181848
1976 1.181976
1977 1.181942
1978 1.182420
1979 1.182684
1980 1.182728
1981 1.182490
1982 1.182508
1983 1.182458
1984 1.181752
1985 1.182258
1986 1.182104
1987 1.182004
1988 1.181740
1989 1.181092
1990 1.181508
1991 1.181560
1992 1.181702
1993 1.181488
1994 1.181486
1995 1.181538
1996 1.181692
1997 1.182134
1998 1.182516
1999 1.182750
2000 1.182664
2001 1.182192
2002 1.182546
2003 1.183290
2004 1.184180
2005 1.184384
2006 1.184498
2007 1.184230
2008 1.184072
2009 1.184522
2010 1.184272
2011 1.183590
2012 1.183592
2013 1.183430
2014 1.182978
2015 1.183192
2016 1.183086
2017 1.182424
2018 1.182102
2019 1.181590
2020 1.181308
2021 1.181474
2022 1.181782
2023 1.181940
2024 1.182112
2025 1.181582
2026 1.181750
2027 1.181918
2028 1.182184
2029 1.182232
2030 1.182238
2031 1.181918
2032 1.181554
2033 1.181908
2034 1.181836
2035 1.182532
2036 1.182752
2037 1.182520
2038 1.182880
2039 1.183386
2040 1.183622
2041 1.183724
2042 1.183484
2043 1.183254
2044 1.183086
2045 1.182840
2046 1.183350
2047 1.183248
2048 1.182922
2049 1.182912
2050 1.182652
2051 1.182732
2052 1.182748
2053 1.182576
2054 1.182108
2055 1.182382
2056 1.182410
2057 1.181892
2058 1.181852
2059 1.181068
2060 1.180490
2061 1.179988
2062 1.180454
2063 1.180692
2064 1.181034
2065 1.181076
2066 1.181640
2067 1.182280
2068 1.182220
2069 1.182338
2070 1.182586
2071 1.182524
2072 1.181834
2073 1.182310
2074 1.182962
2075 1.182948
2076 1.182814
2077 1.183262
2078 1.182700
2079 1.182954
2080 1.182962
2081 1.183090
2082 1.183292
2083 1.183642
2084 1.183730
2085 1.183114
2086 1.182790
2087 1.182022
2088 1.181988
2089 1.181722
2090 1.181892
2091 1.181900
2092 1.181148
2093 1.181258
2094 1.181908
2095 1.181840
2096 1.182308
2097 1.181896
2098 1.182204
2099 1.182118
2100 1.181968
2101 1.181476
2102 1.181942
2103 1.182146
2104 1.181296
2105 1.181540
2106 1.181504
2107 1.181940
2108 1.182184
2109 1.182102
2110 1.182952
2111 1.183502
2112 1.182750
2113 1.182408
2114 1.182474
2115 1.182754
2116 1.183438
2117 1.183752
2118 1.183380
2119 1.183668
2120 1.183826
2121 1.183624
2122 1.183996
2123 1.184256
2124 1.183480
2125 1.183720
2126 1.184284
2127 1.184226
2128 1.184316
2129 1.184924
2130 1.184900
2131 1.184800
2132 1.184626
2133 1.184710
2134 1.184764
2135 1.184820
2136 1.184462
2137 1.184192
2138 1.184154
2139 1.183524
2140 1.183636
2141 1.183864
2142 1.183652
2143 1.183462
2144 1.182566
2145 1.182090
2146 1.182436
2147 1.182396
2148 1.182764
2149 1.182986
2150 1.183156
2151 1.182436
2152 1.182040
2153 1.181946
2154 1.182066
2155 1.181826
2156 1.181880
2157 1.181674
2158 1.181556
2159 1.181340
2160 1.181756
2161 1.182052
2162 1.182234
2163 1.182366
2164 1.182048
2165 1.182516
2166 1.182684
2167 1.182754
2168 1.182676
2169 1.182238
2170 1.182396
2171 1.181962
2172 1.182284
2173 1.182424
2174 1.182952
2175 1.182664
2176 1.182700
2177 1.182544
2178 1.182468
2179 1.182994
2180 1.183050
2181 1.183044
2182 1.182968
2183 1.182670
2184 1.182388
2185 1.182272
2186 1.181870
2187 1.182038
2188 1.182968
2189 1.182888
2190 1.182160
2191 1.182422
2192 1.183372
2193 1.183390
2194 1.184210
2195 1.184142
2196 1.183690
2197 1.184060
2198 1.184138
2199 1.184160
2200 1.184124
2201 1.183816
2202 1.184276
2203 1.184068
2204 1.184102
2205 1.184320
2206 1.184484
2207 1.183944
2208 1.183634
2209 1.183488
2210 1.184282
2211 1.184588
2212 1.184302
2213 1.184116
2214 1.184318
2215 1.183500
2216 1.183400
2217 1.182490
2218 1.182568
2219 1.182440
2220 1.182848
2221 1.182690
2222 1.182856
2223 1.183218
2224 1.183586
2225 1.183052
2226 1.183742
2227 1.183722
2228 1.183912
2229 1.184142
2230 1.183982
2231 1.183136
2232 1.183068
2233 1.183108
2234 1.182694
2235 1.182202
2236 1.181982
2237 1.181542
2238 1.181482
2239 1.181644
2240 1.182196
2241 1.181900
2242 1.181692
2243 1.181382
2244 1.181698
2245 1.181366
2246 1.181294
2247 1.181680
2248 1.181964
2249 1.181962
2250 1.181742
2251 1.181662
2252 1.182112
2253 1.182724
2254 1.182988
2255 1.183142
2256 1.183508
2257 1.184054
2258 1.184522
2259 1.184216
2260 1.184132
2261 1.184366
2262 1.184382
2263 1.184846
2264 1.184536
2265 1.184152
2266 1.184328
2267 1.184040
2268 1.184148
2269 1.184148
2270 1.184168
2271 1.184122
2272 1.183704
2273 1.183224
2274 1.182930
2275 1.183290
2276 1.183380
2277 1.183052
2278 1.182928
2279 1.183016
2280 1.182772
2281 1.182234
2282 1.182612
2283 1.182522
2284 1.182380
2285 1.182716
2286 1.182828
2287 1.182792
2288 1.183754
2289 1.183896
2290 1.183694
2291 1.183568
2292 1.183696
2293 1.183990
2294 1.184040
2295 1.184310
2296 1.184510
2297 1.184168
2298 1.184662
2299 1.184546
2300 1.184382
2301 1.184634
2302 1.184526
2303 1.184164
2304 1.183932
2305 1.183838
2306 1.183420
2307 1.183516
2308 1.183662
2309 1.183750
2310 1.183988
2311 1.183542
2312 1.183208
2313 1.184208
2314 1.184226
2315 1.184308
2316 1.184612
2317 1.184568
2318 1.184210
2319 1.184046
2320 1.184110
2321 1.183140
2322 1.181986
2323 1.182662
2324 1.182634
2325 1.182076
2326 1.182410
2327 1.183074
2328 1.183434
2329 1.183548
2330 1.183408
2331 1.183536
2332 1.183744
2333 1.183670
2334 1.183504
2335 1.183800
2336 1.183716
2337 1.184330
2338 1.184644
2339 1.184456
2340 1.184494
2341 1.185298
2342 1.185770
2343 1.185462
2344 1.184866
2345 1.184284
2346 1.184574
2347 1.184686
2348 1.184260
2349 1.183864
2350 1.183620
2351 1.183738
2352 1.183242
2353 1.182796
2354 1.182988
2355 1.182582
2356 1.182154
2357 1.181870
2358 1.181350
2359 1.181390
2360 1.181302
2361 1.181642
2362 1.181058
2363 1.181256
2364 1.181238
2365 1.181166
2366 1.180602
2367 1.181048
2368 1.181184
2369 1.181158
2370 1.181144
2371 1.181692
2372 1.181656
2373 1.181554
2374 1.181712
2375 1.181692
2376 1.181240
2377 1.180830
2378 1.180562
2379 1.180902
2380 1.181002
2381 1.181624
2382 1.182112
2383 1.182572
2384 1.182630
2385 1.182298
2386 1.182322
2387 1.181340
2388 1.181422
2389 1.181092
2390 1.181220
2391 1.181078
2392 1.181164
2393 1.181260
2394 1.181196
2395 1.180896
2396 1.180734
2397 1.179962
2398 1.180080
2399 1.180590
2400 1.180984
2401 1.180720
2402 1.181266
2403 1.181806
2404 1.182038
2405 1.182204
2406 1.182350
2407 1.182802
2408 1.182904
2409 1.183818
2410 1.182906
2411 1.182288
2412 1.181996
2413 1.181836
2414 1.181378
2415 1.181332
2416 1.181572
2417 1.181652
2418 1.181690
2419 1.181308
2420 1.181392
2421 1.181400
2422 1.181582
2423 1.181456
2424 1.182036
2425 1.181650
2426 1.181744
2427 1.181870
2428 1.182036
2429 1.181992
2430 1.181984
2431 1.182068
2432 1.182740
2433 1.182660
2434 1.182504
2435 1.182636
2436 1.182830
2437 1.182672
2438 1.182236
2439 1.181732
2440 1.181954
2441 1.182058
2442 1.181896
2443 1.182058
2444 1.181712
2445 1.182170
2446 1.181718
2447 1.182558
2448 1.182790
2449 1.182760
2450 1.182134
2451 1.181952
2452 1.181842
2453 1.181678
2454 1.181628
2455 1.181384
2456 1.181694
2457 1.181364
2458 1.181506
2459 1.181650
2460 1.181834
2461 1.181304
2462 1.180794
2463 1.180960
2464 1.181042
2465 1.181446
2466 1.182076
2467 1.181870
2468 1.181310
2469 1.181442
2470 1.181220
2471 1.180942
2472 1.181488
2473 1.181570
2474 1.181360
2475 1.181416
2476 1.181468
2477 1.182128
2478 1.182100
2479 1.181766
2480 1.181364
2481 1.181304
2482 1.181090
2483 1.180850
2484 1.180784
2485 1.181348
2486 1.181402
2487 1.181182
2488 1.181450
2489 1.181550
2490 1.181234
2491 1.181348
2492 1.181216
2493 1.180952
2494 1.181046
2495 1.180584
2496 1.180970
2497 1.181648
2498 1.181968
2499 1.181796
2500 1.182032
2501 1.182360


Active cycles: 1000
k_mean: 1.182725
k_stddev(cycle): 0.001219
k_stderr(mean): 0.000039
