1 1.183810
2 1.361768
3 1.408851
4 1.455089
5 1.500715
6 1.545754
7 1.590100
8 1.633575
9 1.675989
10 1.717189
11 1.756988
12 1.795296
13 1.832082
14 1.867264
15 1.900854
16 1.907700
17 1.914422
18 1.921051
19 1.927593
20 1.934035
21 1.940344
22 1.946499
23 1.952467
24 1.958235
25 1.963787
26 1.969107
27 1.974191
28 1.979028
29 1.983630
30 1.988010
31 1.992163
32 1.996096
33 1.999839
34 2.003384
35 2.006751
36 2.009949
37 2.012978
38 2.015856
39 2.018595
40 2.021208
41 2.023698
42 2.026067
43 2.028325
44 2.030483
45 2.032546
46 2.034523
47 2.036417
48 2.038239
49 2.039983
50 2.041653
51 2.043255
52 2.044793
53 2.046271
54 2.047690
55 2.049053
56 2.050364
57 2.051626
58 2.052842
59 2.054014
60 2.055144
61 2.056235
62 2.056341
63 2.056446
64 2.056550
65 2.056653
66 2.056754
67 2.056854
68 2.056951
69 2.057046
70 2.057138
71 2.057227
72 2.057314
73 2.057396
74 2.057475
75 2.057552
76 2.057626
77 2.057696
78 2.057763
79 2.057827
80 2.057889
81 2.057947
82 2.058003
83 2.058057
84 2.058109
85 2.058159
86 2.058206
87 2.058252
88 2.058295
89 2.058335
90 2.058374
91 2.058412
92 2.058449
93 2.058483
94 2.058516
95 2.058549
96 2.058580
97 2.058610
98 2.058640
99 2.058669
100 2.058696
101 2.058723
102 2.058749
103 2.058775
104 2.058800
105 2.058824
106 2.058848
107 2.058871
108 2.058894
109 2.058916
110 2.058937
111 2.058958
112 2.058978
113 2.058998
114 2.059017
115 2.059036
116 2.059054
