1 0.989512
2 0.984414
3 0.982916
4 0.983246
5 0.983698
6 0.983506
7 0.982580
8 0.981772
9 0.980862
10 0.979712
11 0.978920
12 0.978104
13 0.977160
14 0.976228
15 0.975420
16 0.974750
17 0.973178
18 0.972836
19 0.972738
20 0.972836
21 0.972548
22 0.972396
23 0.972544
24 0.973244
25 0.974084
26 0.975108
27 0.976074
28 0.977192
29 0.978504
30 0.978810
31 0.980166
32 0.981444
33 0.982914
34 0.983546
35 0.984270
36 0.985700
37 0.986936
38 0.988064
39 0.989574
40 0.991192
41 0.993202
42 0.994944
43 0.997054
44 0.999334
45 1.001328
46 1.002946
47 1.004692
48 1.006406
49 1.008198
50 1.010634
51 1.011868
52 1.013500
53 1.015682
54 1.017016
55 1.019506
56 1.020880
57 1.022330
58 1.023574
59 1.025476
60 1.026598
61 1.028732
62 1.030046
63 1.032042
64 1.033772
65 1.035624
66 1.037878
67 1.039320
68 1.040760
69 1.042408
70 1.043838
71 1.045770
72 1.047460
73 1.049068
74 1.051020
75 1.052606
76 1.054556
77 1.056004
78 1.058314
79 1.059982
80 1.061534
81 1.063270
82 1.064550
83 1.065672
84 1.066680
85 1.068744
86 1.070410
87 1.071574
88 1.073320
89 1.075260
90 1.076368
91 1.078526
92 1.080912
93 1.082182
94 1.083632
95 1.085210
96 1.086720
97 1.088064
98 1.089380
99 1.091296
100 1.092436
101 1.093842
102 1.095456
103 1.096348
104 1.098274
105 1.099956
106 1.101080
107 1.102366
108 1.102858
109 1.103998
110 1.105248
111 1.106094
112 1.106950
113 1.107980
114 1.109792
115 1.111294
116 1.113044
117 1.114122
118 1.115064
119 1.116526
120 1.117616
121 1.118908
122 1.119596
123 1.119208
124 1.119884
125 1.121198
126 1.121888
127 1.123212
128 1.123936
129 1.125052
130 1.126558
131 1.127092
132 1.127516
133 1.127878
134 1.128372
135 1.129234
136 1.130772
137 1.131432
138 1.131938
139 1.133060
140 1.133722
141 1.134286
142 1.135228
143 1.135078
144 1.136280
145 1.136894
146 1.137224
147 1.137262
148 1.137466
149 1.137362
150 1.138106
151 1.138702
152 1.138836
153 1.139538
154 1.140494
155 1.140682
156 1.140964
157 1.141884
158 1.142430
159 1.142792
160 1.143064
161 1.143056
162 1.143182
163 1.143742
164 1.144600
165 1.145782
166 1.146442
167 1.146766
168 1.147020
169 1.147218
170 1.147336
171 1.147854
172 1.148786
173 1.148914
174 1.149638
175 1.149714
176 1.149476
177 1.150044
178 1.150424
179 1.150420
180 1.150290
181 1.150318
182 1.150238
183 1.150180
184 1.150864
185 1.151542
186 1.152030
187 1.152428
188 1.153174
189 1.153950
190 1.155034
191 1.155092
192 1.155964
193 1.156208
194 1.156294
195 1.156868
196 1.156296
197 1.156260
198 1.156098
199 1.156130
200 1.156382
201 1.157066
202 1.157780
203 1.158640
204 1.159012
205 1.159640
206 1.159828
207 1.159716
208 1.159654
209 1.159932
210 1.160428
211 1.160830
212 1.160400
213 1.160028
214 1.159796
215 1.160134
216 1.160136
217 1.161018
218 1.161366
219 1.161218
220 1.161004
221 1.160876
222 1.161144
223 1.161446
224 1.161974
225 1.161904
226 1.161518
227 1.162246
228 1.163272
229 1.162784
230 1.163322
231 1.163184
232 1.163900
233 1.163974
234 1.164566
235 1.165062
236 1.165254
237 1.164712
238 1.164754
239 1.165014
240 1.164586
241 1.164436
242 1.163860
243 1.163786
244 1.164220
245 1.164638
246 1.164888
247 1.165022
248 1.165180
249 1.165588
250 1.166098
251 1.165938
252 1.166360
253 1.166398
254 1.166338
255 1.166602
256 1.167580
257 1.168066
258 1.167762
259 1.168460
260 1.168372
261 1.168536
262 1.168736
263 1.169806
264 1.170296
265 1.170578
266 1.170760
267 1.170710
268 1.170972
269 1.171000
270 1.170910
271 1.170950
272 1.170994
273 1.170966
274 1.170614
275 1.170708
276 1.170938
277 1.171222
278 1.170906
279 1.170502
280 1.170656
281 1.170778
282 1.171202
283 1.171760
284 1.172198
285 1.173126
286 1.173028
287 1.173238
288 1.173364
289 1.173442
290 1.173700
291 1.173532
292 1.172990
293 1.173364
294 1.173276
295 1.172998
296 1.173250
297 1.173440
298 1.173626
299 1.174246
300 1.174102
301 1.175034
302 1.175320
303 1.175500
304 1.175866
305 1.176332
306 1.175524
307 1.174742
308 1.175088
309 1.174706
310 1.174484
311 1.174392
312 1.174016
313 1.174624
314 1.174572
315 1.174646
316 1.175044
317 1.175356
318 1.175576
319 1.176162
320 1.176920
321 1.176746
322 1.176818
323 1.176506
324 1.176142
325 1.175532
326 1.174688
327 1.174862
328 1.175066
329 1.174192
330 1.173700
331 1.174014
332 1.173890
333 1.174138
334 1.174382
335 1.174136
336 1.174598
337 1.174560
338 1.174070
339 1.174546
340 1.174306
341 1.174072
342 1.173416
343 1.173116
344 1.173370
345 1.173882
346 1.174324
347 1.174662
348 1.174584
349 1.174040
350 1.174064
351 1.174182
352 1.173872
353 1.174720
354 1.174970
355 1.175212
356 1.175596
357 1.176032
358 1.176638
359 1.176516
360 1.176190
361 1.175686
362 1.175302
363 1.174878
364 1.174646
365 1.174534
366 1.174246
367 1.174742
368 1.174690
369 1.174444
370 1.174876
371 1.174666
372 1.175158
373 1.175406
374 1.175378
375 1.175854
376 1.176092
377 1.176126
378 1.176500
379 1.176352
380 1.176548
381 1.176508
382 1.176932
383 1.177520
384 1.177114
385 1.177284
386 1.177046
387 1.177140
388 1.176994
389 1.177068
390 1.177522
391 1.177384
392 1.176888
393 1.176598
394 1.176748
395 1.176282
396 1.175634
397 1.175458
398 1.175770
399 1.175838
400 1.176632
401 1.176932
402 1.177282
403 1.177508
404 1.177728
405 1.178088
406 1.178418
407 1.178276
408 1.178188
409 1.178414
410 1.177764
411 1.177460
412 1.177480
413 1.177606
414 1.177362
415 1.177242
416 1.176728
417 1.176886
418 1.177258
419 1.177228
420 1.177160
421 1.177104
422 1.177408
423 1.177676
424 1.177662
425 1.177576
426 1.177484
427 1.177310
428 1.177988
429 1.177622
430 1.177976
431 1.177476
432 1.177084
433 1.177010
434 1.176730
435 1.177290
436 1.177532
437 1.177804
438 1.177844
439 1.178310
440 1.178426
441 1.178626
442 1.178896
443 1.178280
444 1.177776
445 1.177576
446 1.177278
447 1.177870
448 1.178124
449 1.178134
450 1.178208
451 1.178428
452 1.178698
453 1.178966
454 1.178926
455 1.179252
456 1.179854
457 1.180472
458 1.180000
459 1.180194
460 1.180646
461 1.181780
462 1.182028
463 1.182120
464 1.181848
465 1.181594
466 1.181348
467 1.181180
468 1.181282
469 1.180954
470 1.180960
471 1.180338
472 1.180606
473 1.180246
474 1.179458
475 1.179332
476 1.178924
477 1.179380
478 1.179284
479 1.179414
480 1.178914
481 1.178862
482 1.178870
483 1.178392
484 1.179166
485 1.179596
486 1.180358
487 1.180422
488 1.180088
489 1.179878
490 1.180156
491 1.179960
492 1.179870
493 1.180308
494 1.180150
495 1.179310
496 1.179382
497 1.179530
498 1.179372
499 1.179054
500 1.178790
501 1.178348
502 1.178482
503 1.178964
504 1.178498
505 1.178490
506 1.178034
507 1.178452
508 1.178188
509 1.178020
510 1.178354
511 1.178222
512 1.178032
513 1.178038
514 1.178152
515 1.178884
516 1.178976
517 1.178938
518 1.178780
519 1.178448
520 1.178090
521 1.178750
522 1.178788
523 1.179004
524 1.178780
525 1.178782
526 1.178638
527 1.179326
528 1.179938
529 1.179850
530 1.179524
531 1.180008
532 1.180726
533 1.180924
534 1.180862
535 1.180622
536 1.180004
537 1.179756
538 1.180386
539 1.180496
540 1.179656
541 1.179780
542 1.180408
543 1.180008
544 1.180274
545 1.180356
546 1.180718
547 1.180730
548 1.180638
549 1.180462
550 1.180296
551 1.180362
552 1.180224
553 1.180088
554 1.180024
555 1.179682
556 1.179556
557 1.179052
558 1.179152
559 1.179526
560 1.178956
561 1.179008
562 1.178332
563 1.178324
564 1.177954
565 1.177546
566 1.178248
567 1.178314
568 1.178258
569 1.178708
570 1.178720
571 1.179484
572 1.179588
573 1.179304
574 1.179848
575 1.179662
576 1.179472
577 1.179700
578 1.180534
579 1.181044
580 1.181096
581 1.181134
582 1.180214
583 1.180526
584 1.180286
585 1.180478
586 1.180486
587 1.181162
588 1.180862
589 1.181520
590 1.181768
591 1.182896
592 1.183284
593 1.183110
594 1.182890
595 1.183490
596 1.183162
597 1.183504
598 1.183238
599 1.183334
600 1.182384
601 1.182532
602 1.182386
603 1.181972
604 1.181828
605 1.181502
606 1.181238
607 1.181114
608 1.181270
609 1.181564
610 1.181506
611 1.180706
612 1.181034
613 1.180684
614 1.180476
615 1.180842
616 1.180104
617 1.180538
618 1.180744
619 1.180818
620 1.180688
621 1.179996
622 1.179434
623 1.180016
624 1.180134
625 1.180380
626 1.180230
627 1.180578
628 1.180362
629 1.179876
630 1.180614
631 1.180912
632 1.180802
633 1.180554
634 1.180562
635 1.180344
636 1.180682
637 1.180958
638 1.181168
639 1.180184
640 1.180948
641 1.181160
642 1.181074
643 1.180768
644 1.180116
645 1.180166
646 1.179516
647 1.179248
648 1.179548
649 1.179410
650 1.179868
651 1.180226
652 1.180038
653 1.179968
654 1.180666
655 1.180254
656 1.180476
657 1.179926
658 1.179930
659 1.179816
660 1.180232
661 1.180168
662 1.180244
663 1.180432
664 1.180096
665 1.180626
666 1.180444
667 1.180582
668 1.180730
669 1.181472
670 1.182092
671 1.182084
672 1.182116
673 1.182660
674 1.182752
675 1.182224
676 1.181590
677 1.181938
678 1.181774
679 1.182194
680 1.181754
681 1.181388
682 1.181596
683 1.181816
684 1.181748
685 1.181504
686 1.182162
687 1.182668
688 1.182546
689 1.182630
690 1.182960
691 1.183494
692 1.183632
693 1.183782
694 1.184318
695 1.184456
696 1.184332
697 1.184460
698 1.183856
699 1.184058
700 1.184408
701 1.184394
702 1.184764
703 1.184322
704 1.184158
705 1.184122
706 1.184390
707 1.184122
708 1.184232
709 1.184136
710 1.184100
711 1.183932
712 1.184298
713 1.184398
714 1.183716
715 1.184096
716 1.184474
717 1.184492
718 1.183956
719 1.184026
720 1.185036
721 1.184732
722 1.184880
723 1.184622
724 1.184960
725 1.184694
726 1.184662
727 1.184018
728 1.184348
729 1.183398
730 1.184268
731 1.184014
732 1.183790
733 1.183658
734 1.183692
735 1.184092
736 1.183820
737 1.184060
738 1.184474
739 1.184160
740 1.183128
741 1.183072
742 1.182860
743 1.182726
744 1.182496
745 1.182466
746 1.182952
747 1.183070
748 1.183456
749 1.183450
750 1.183358
751 1.183056
752 1.183440
753 1.182794
754 1.182406
755 1.182790
756 1.182878
757 1.182990
758 1.183172
759 1.183406
760 1.183888
761 1.184154
762 1.184344
763 1.183638
764 1.184650
765 1.184546
766 1.183388
767 1.183500
768 1.182568
769 1.181990
770 1.182076
771 1.181730
772 1.181902
773 1.182112
774 1.182854
775 1.183232
776 1.183292
777 1.183336
778 1.182998
779 1.182888
780 1.182654
781 1.182470
782 1.183268
783 1.182890
784 1.182760
785 1.183212
786 1.183264
787 1.182666
788 1.182782
789 1.183126
790 1.182412
791 1.182096
792 1.182200
793 1.182464
794 1.182316
795 1.182234
796 1.182642
797 1.182176
798 1.181700
799 1.181502
800 1.180988
801 1.180936
802 1.181030
803 1.180926
804 1.180434
805 1.179860
806 1.180414
807 1.180320
808 1.180286
809 1.180542
810 1.180332
811 1.180544
812 1.180512
813 1.180496
814 1.180188
815 1.180828
816 1.181170
817 1.181424
818 1.181798
819 1.181690
820 1.181098
821 1.180948
822 1.180436
823 1.180480
824 1.180812
825 1.180416
826 1.180760
827 1.180888
828 1.180824
829 1.180842
830 1.181322
831 1.181294
832 1.181374
833 1.181034
834 1.181622
835 1.181568
836 1.181268
837 1.181112
838 1.181580
839 1.181744
840 1.182320
841 1.182366
842 1.181950
843 1.181220
844 1.181994
845 1.182538
846 1.182074
847 1.182450
848 1.181994
849 1.182148
850 1.182286
851 1.182012
852 1.182056
853 1.182330
854 1.182398
855 1.182222
856 1.181980
857 1.181864
858 1.182028
859 1.181990
860 1.181698
861 1.181866
862 1.181418
863 1.181664
864 1.182028
865 1.181680
866 1.181706
867 1.181330
868 1.181662
869 1.181744
870 1.181640
871 1.181358
872 1.180712
873 1.180478
874 1.180716
875 1.180742
876 1.181288
877 1.180828
878 1.181356
879 1.181562
880 1.181378
881 1.182148
882 1.182478
883 1.182624
884 1.182154
885 1.182242
886 1.182460
887 1.181818
888 1.182104
889 1.182066
890 1.182248
891 1.182274
892 1.182092
893 1.182390
894 1.182374
895 1.182112
896 1.182374
897 1.182454
898 1.182126
899 1.181618
900 1.182108
901 1.182432
902 1.181972
903 1.183132
904 1.183226
905 1.182926
906 1.182878
907 1.182576
908 1.182044
909 1.181730
910 1.182118
911 1.182410
912 1.182750
913 1.182848
914 1.182642
915 1.182650
916 1.182238
917 1.181824
918 1.182398
919 1.182422
920 1.181800
921 1.181760
922 1.181438
923 1.181544
924 1.181220
925 1.181020
926 1.180410
927 1.180466
928 1.179738
929 1.179446
930 1.179736
931 1.179662
932 1.179306
933 1.179334
934 1.179460
935 1.179120
936 1.179174
937 1.179156
938 1.179376
939 1.179338
940 1.179058
941 1.179090
942 1.178758
943 1.178580
944 1.178876
945 1.179192
946 1.179938
947 1.180330
948 1.180218
949 1.180364
950 1.180038
951 1.180284
952 1.180516
953 1.180474
954 1.180550
955 1.180968
956 1.181720
957 1.181752
958 1.182122
959 1.182042
960 1.181988
961 1.181990
962 1.182038
963 1.182080
964 1.181862
965 1.182196
966 1.182464
967 1.182070
968 1.181760
969 1.181518
970 1.182030
971 1.181600
972 1.182116
973 1.181614
974 1.182516
975 1.182098
976 1.182768
977 1.183342
978 1.183586
979 1.183498
980 1.183404
981 1.183460
982 1.183738
983 1.184144
984 1.184300
985 1.184100
986 1.183984
987 1.183756
988 1.183458
989 1.183274
990 1.183552
991 1.184038
992 1.184266
993 1.184086
994 1.184654
995 1.184384
996 1.184304
997 1.184154
998 1.183642
999 1.182734
1000 1.183122
1001 1.183422
1002 1.183204
1003 1.183208
1004 1.183668
1005 1.184148
1006 1.184360
1007 1.184776
1008 1.184888
1009 1.184644
1010 1.185106
1011 1.185026
1012 1.185038
1013 1.185160
1014 1.184756
1015 1.184540
1016 1.184278
1017 1.184084
1018 1.184254
1019 1.184460
1020 1.184648
1021 1.184930
1022 1.184912
1023 1.184880
1024 1.185156
1025 1.185148
1026 1.185030
1027 1.184468
1028 1.184326
1029 1.184296
1030 1.184484
1031 1.184340
1032 1.184122
1033 1.184130
1034 1.183784
1035 1.183708
1036 1.184024
1037 1.183870
1038 1.183856
1039 1.183802
1040 1.184270
1041 1.184370
1042 1.183606
1043 1.183698
1044 1.183160
1045 1.183102
1046 1.183142
1047 1.183268
1048 1.183588
1049 1.184160
1050 1.183732
1051 1.184448
1052 1.184162
1053 1.184518
1054 1.184668
1055 1.184486
1056 1.184794
1057 1.184302
1058 1.184254
1059 1.184060
1060 1.183488
1061 1.183118
1062 1.183110
1063 1.183010
1064 1.182740
1065 1.182772
1066 1.182556
1067 1.182496
1068 1.182674
1069 1.182106
1070 1.181688
1071 1.182020
1072 1.181732
1073 1.182012
1074 1.181844
1075 1.182478
1076 1.182598
1077 1.182400
1078 1.182828
1079 1.183096
1080 1.182948
1081 1.182492
1082 1.182958
1083 1.183150
1084 1.183716
1085 1.183318
1086 1.182622
1087 1.182690
1088 1.182574
1089 1.181934
1090 1.182294
1091 1.182248
1092 1.182384
1093 1.182328
1094 1.182206
1095 1.182518
1096 1.182036
1097 1.181880
1098 1.182132
1099 1.181448
1100 1.181804
1101 1.181812
1102 1.181722
1103 1.181190
1104 1.180898
1105 1.181260
1106 1.180788
1107 1.180892
1108 1.180688
1109 1.181026
1110 1.181608
1111 1.181512
1112 1.181832
1113 1.181516
1114 1.182052
1115 1.181982
1116 1.181890
1117 1.181714
1118 1.181328
1119 1.181134
1120 1.181302
1121 1.180720
1122 1.180662
1123 1.180590
1124 1.181092
1125 1.180724
1126 1.180348
1127 1.180144
1128 1.181350
1129 1.180780
1130 1.180812
1131 1.180558
1132 1.180034
1133 1.180694
1134 1.180770
1135 1.181092
1136 1.180864
1137 1.180682
1138 1.181536
1139 1.181940
1140 1.181934
1141 1.182236
1142 1.181642
1143 1.181724
1144 1.181442
1145 1.181448
1146 1.181852
1147 1.181696
1148 1.182004
1149 1.181798
1150 1.180968
1151 1.180938
1152 1.181502
1153 1.181954
1154 1.181634
1155 1.181370
1156 1.181940
1157 1.181518
1158 1.181454
1159 1.181716
1160 1.181966
1161 1.182026
1162 1.182480
1163 1.182484
1164 1.182220
1165 1.182610
1166 1.182316
1167 1.182256
1168 1.181626
1169 1.181866
1170 1.181632
1171 1.182070
1172 1.182288
1173 1.182998
1174 1.182332
1175 1.182488
1176 1.183018
1177 1.182582
1178 1.182932
1179 1.183284
1180 1.183532
1181 1.183688
1182 1.183746
1183 1.183002
1184 1.182412
1185 1.182506
1186 1.182802
1187 1.182820
1188 1.182756
1189 1.182332
1190 1.182020
1191 1.181452
1192 1.181592
1193 1.181440
1194 1.181782
1195 1.182264
1196 1.182412
1197 1.182614
1198 1.182066
1199 1.182390
1200 1.182224
1201 1.182236
1202 1.182284
1203 1.182202
1204 1.182338
1205 1.182670
1206 1.182788
1207 1.182940
1208 1.183022
1209 1.183172
1210 1.182836
1211 1.182972
1212 1.182448
1213 1.182276
1214 1.181286
1215 1.181390
1216 1.181512
1217 1.181986
1218 1.182586
1219 1.182072
1220 1.181906
1221 1.182480
1222 1.182690
1223 1.182582
1224 1.182746
1225 1.182458
1226 1.182098
1227 1.182470
1228 1.181804
1229 1.181598
1230 1.181822
1231 1.182002
1232 1.182498
1233 1.182846
1234 1.182946
1235 1.183198
1236 1.183460
1237 1.183844
1238 1.183784
1239 1.183926
1240 1.183752
1241 1.183684
1242 1.183346
1243 1.183168
1244 1.182766
1245 1.182706
1246 1.182316
1247 1.182212
1248 1.182614
1249 1.182374
1250 1.182518
1251 1.182450
1252 1.182540
1253 1.182190
1254 1.181622
1255 1.181820
1256 1.182352
1257 1.182066
1258 1.181710
1259 1.181606
1260 1.182032
1261 1.182542
1262 1.182806
1263 1.182824
1264 1.182616
1265 1.182540
1266 1.182728
1267 1.182192
1268 1.182386
1269 1.182348
1270 1.183282
1271 1.183654
1272 1.183968
1273 1.184320
1274 1.183818
1275 1.183884
1276 1.183566
1277 1.184242
1278 1.183644
1279 1.183574
1280 1.184002
1281 1.184122
1282 1.184146
1283 1.183484
1284 1.183322
1285 1.182378
1286 1.181566
1287 1.181224
1288 1.181384
1289 1.181460
1290 1.181704
1291 1.181786
1292 1.182294
1293 1.182314
1294 1.181998
1295 1.181958
1296 1.181216
1297 1.180880
1298 1.180688
1299 1.180990
1300 1.180910
1301 1.180952
1302 1.181082
1303 1.181006
1304 1.180984
1305 1.181442
1306 1.181708
1307 1.182358
1308 1.183056
1309 1.183072
1310 1.182686
1311 1.182778
1312 1.182790
1313 1.182734
1314 1.182926
1315 1.182396
1316 1.182150
1317 1.182598
1318 1.182924
1319 1.183362
1320 1.183696
1321 1.183276
1322 1.183276
1323 1.183476
1324 1.183542
1325 1.183408
1326 1.183272
1327 1.182892
1328 1.182500
1329 1.182846
1330 1.181970
1331 1.182112
1332 1.182506
1333 1.182392
1334 1.182650
1335 1.182844
1336 1.182922
1337 1.182962
1338 1.182186
1339 1.181636
1340 1.181426
1341 1.181316
1342 1.181464
1343 1.181496
1344 1.181618
1345 1.181814
1346 1.181690
1347 1.181524
1348 1.181944
1349 1.181892
1350 1.181988
1351 1.182080
1352 1.182130
1353 1.182452
1354 1.182602
1355 1.183066
1356 1.183070
1357 1.182142
1358 1.182090
1359 1.182056
1360 1.182048
1361 1.181738
1362 1.181938
1363 1.182132
1364 1.182098
1365 1.181662
1366 1.181612
1367 1.181884
1368 1.181980
1369 1.181854
1370 1.182338
1371 1.182120
1372 1.181756
1373 1.181612
1374 1.181424
1375 1.181814
1376 1.182180
1377 1.181930
1378 1.182364
1379 1.182554
1380 1.182444
1381 1.183118
1382 1.183090
1383 1.183376
1384 1.183696
1385 1.184226
1386 1.184670
1387 1.184050
1388 1.184350
1389 1.183950
1390 1.183476
1391 1.183316
1392 1.183020
1393 1.183250
1394 1.182984
1395 1.183498
1396 1.183626
1397 1.183162
1398 1.183058
1399 1.182552
1400 1.182636
1401 1.182614
1402 1.182568
1403 1.182716
1404 1.182674
1405 1.182342
1406 1.183162
1407 1.183304
1408 1.183762
1409 1.183794
1410 1.183436
1411 1.183082
1412 1.183646
1413 1.183518
1414 1.183052
1415 1.183314
1416 1.183528
1417 1.183258
1418 1.183500
1419 1.183826
1420 1.183864
1421 1.183820
1422 1.184340
1423 1.183812
1424 1.184020
1425 1.183918
1426 1.183592
1427 1.183030
1428 1.183688
1429 1.183462
1430 1.183642
1431 1.183856
1432 1.184564
1433 1.184770
1434 1.184984
1435 1.184726
1436 1.184422
1437 1.184530
1438 1.184418
1439 1.184456
1440 1.184432
1441 1.184150
1442 1.184086
1443 1.183546
1444 1.183716
1445 1.183678
1446 1.184242
1447 1.184346
1448 1.184924
1449 1.185506
1450 1.184830
1451 1.184356
1452 1.184270
1453 1.183544
1454 1.183454
1455 1.183404
1456 1.183100
1457 1.183106
1458 1.183412
1459 1.183188
1460 1.183474
1461 1.182788
1462 1.183030
1463 1.182660
1464 1.183152
1465 1.183138
1466 1.182834
1467 1.183172
1468 1.182566
1469 1.183042
1470 1.182868
1471 1.182664
1472 1.182768
1473 1.182354
1474 1.182364
1475 1.181920
1476 1.181564
1477 1.181074
1478 1.181782
1479 1.181490
1480 1.181548
1481 1.182002
1482 1.181350
1483 1.181168
1484 1.181412
1485 1.181182
1486 1.180862
1487 1.181024
1488 1.180734
1489 1.180762
1490 1.181116
1491 1.181250
1492 1.180890
1493 1.180682
1494 1.180928
1495 1.180610
1496 1.180360
1497 1.180550
1498 1.180224
1499 1.180752
1500 1.180560
1501 1.180216
1502 1.180486
1503 1.180042
1504 1.180122
1505 1.180242
1506 1.180446
1507 1.180288
1508 1.180868
1509 1.181144
1510 1.181978
1511 1.181674
1512 1.181086
1513 1.181900
1514 1.182324
1515 1.182580
1516 1.182760
1517 1.182578
1518 1.183046
1519 1.182824
1520 1.182412
1521 1.182162
1522 1.181744
1523 1.181374
1524 1.182082
1525 1.181918
1526 1.182102
1527 1.182088
1528 1.182580
1529 1.182850
1530 1.183096
1531 1.182712
1532 1.182426
1533 1.182786
1534 1.183082
1535 1.182980
1536 1.183416
1537 1.183430
1538 1.182956
1539 1.182556
1540 1.182006
1541 1.181698
1542 1.181786
1543 1.181756
1544 1.181694
1545 1.182128
1546 1.182324
1547 1.182336
1548 1.182496
1549 1.182562
1550 1.182594
1551 1.182840
1552 1.183152
1553 1.182944
1554 1.182702
1555 1.182144
1556 1.181976
1557 1.181772
1558 1.182258
1559 1.181954
1560 1.181866
1561 1.181766
1562 1.182600
1563 1.181850
1564 1.182608
1565 1.182912
1566 1.182766
1567 1.182292
1568 1.182304
1569 1.182244
1570 1.182308
1571 1.182392
1572 1.182284
1573 1.181856
1574 1.182102
1575 1.182036
1576 1.182240
1577 1.182230
1578 1.182480
1579 1.182686
1580 1.182502
1581 1.182972
1582 1.182394
1583 1.183060
1584 1.183118
1585 1.183296
1586 1.183598
1587 1.183842
1588 1.183526
1589 1.183180
1590 1.183128
1591 1.183170
1592 1.182830
1593 1.182176
1594 1.181832
1595 1.181640
1596 1.181978
1597 1.181734
1598 1.182036
1599 1.182148
1600 1.182828
1601 1.182738
1602 1.181950
1603 1.181864
1604 1.182476
1605 1.182574
1606 1.182054
1607 1.181556
1608 1.182000
1609 1.182042
1610 1.181642
1611 1.182368
1612 1.182152
1613 1.182124
1614 1.181976
1615 1.182300
1616 1.182494
1617 1.182706
1618 1.183228
1619 1.183466
1620 1.183512
1621 1.183312
1622 1.183244
1623 1.184080
1624 1.183498
1625 1.183308
1626 1.183406
1627 1.183296
1628 1.183732
1629 1.183816
1630 1.183442
1631 1.182734
1632 1.183046
1633 1.182880
1634 1.183120
1635 1.183328
1636 1.183038
1637 1.182724
1638 1.182382
1639 1.182190
1640 1.182626
1641 1.182712
1642 1.183330
1643 1.183600
1644 1.183582
1645 1.183736
1646 1.183938
1647 1.184772
1648 1.184820
1649 1.184668
1650 1.184850
1651 1.184036
1652 1.183840
1653 1.184508
1654 1.185304
1655 1.185014
1656 1.184594
1657 1.184570
1658 1.184462
1659 1.184182
1660 1.184296
1661 1.184286
1662 1.184308
1663 1.184330
1664 1.184574
1665 1.184330
1666 1.184038
1667 1.184164
1668 1.184280
1669 1.184142
1670 1.184058
1671 1.183256
1672 1.183390
1673 1.183356
1674 1.183650
1675 1.183556
1676 1.183408
1677 1.183588
1678 1.184076
1679 1.184030
1680 1.184242
1681 1.183854
1682 1.183870
1683 1.184318
1684 1.184178
1685 1.183808
1686 1.182846
1687 1.183078
1688 1.182990
1689 1.183044
1690 1.182988
1691 1.183330
1692 1.183296
1693 1.182950
1694 1.182494
1695 1.183102
1696 1.182902
1697 1.183430
1698 1.182962
1699 1.183030
1700 1.183666
1701 1.183592
1702 1.183378
1703 1.183842
1704 1.183190
1705 1.183366
1706 1.182820
1707 1.182266
1708 1.182342
1709 1.182314
1710 1.182430
1711 1.182366
1712 1.182192
1713 1.182376
1714 1.182854
1715 1.182622
1716 1.182484
1717 1.182934
1718 1.182964
1719 1.182964
1720 1.183352
1721 1.183170
1722 1.183330
1723 1.183320
1724 1.183232
1725 1.183884
1726 1.184194
1727 1.184668
1728 1.184978
1729 1.184836
1730 1.184474
1731 1.183634
1732 1.183228
1733 1.182602
1734 1.183124
1735 1.183664
1736 1.183674
1737 1.183446
1738 1.183492
1739 1.183548
1740 1.183528
1741 1.183496
1742 1.184080
1743 1.183866
1744 1.183450
1745 1.183380
1746 1.183198
1747 1.182968
1748 1.182428
1749 1.182192
1750 1.182086
1751 1.181808
1752 1.181602
1753 1.181278
1754 1.181256
1755 1.181306
1756 1.181050
1757 1.181102
1758 1.181352
1759 1.181380
1760 1.181284
1761 1.181704
1762 1.181814
1763 1.181798
1764 1.181760
1765 1.181974
1766 1.181972
1767 1.182670
1768 1.182734
1769 1.182844
1770 1.183000
1771 1.183374
1772 1.183022
1773 1.182876
1774 1.182240
1775 1.182100
1776 1.182786
1777 1.183426
1778 1.183324
1779 1.183214
1780 1.183400
1781 1.182970
1782 1.182900
1783 1.183060
1784 1.182972
1785 1.182746
1786 1.182544
1787 1.182102
1788 1.182350
1789 1.182414
1790 1.182078
1791 1.182452
1792 1.182450
1793 1.182520
1794 1.181864
1795 1.182030
1796 1.182332
1797 1.182204
1798 1.182496
1799 1.182484
1800 1.182724
1801 1.182222
1802 1.183000
1803 1.182702
1804 1.182520
1805 1.182062
1806 1.182116
1807 1.181810
1808 1.182026
1809 1.181816
1810 1.181666
1811 1.181468
1812 1.181892
1813 1.182252
1814 1.182568
1815 1.183276
1816 1.182862
1817 1.182598
1818 1.181948
1819 1.183050
1820 1.182960
1821 1.182838
1822 1.182390
1823 1.181768
1824 1.181374
1825 1.181722
1826 1.181406
1827 1.181310
1828 1.181398
1829 1.181804
1830 1.181668
1831 1.182058
1832 1.182128
1833 1.182400
1834 1.182432
1835 1.182176
1836 1.181432
1837 1.181460
1838 1.181926
1839 1.181612
1840 1.181830
1841 1.182328
1842 1.181422
1843 1.181298
1844 1.181214
1845 1.181582
1846 1.181326
1847 1.181684
1848 1.181288
1849 1.181148
1850 1.181064
1851 1.181186
1852 1.181136
1853 1.180576
1854 1.180090
1855 1.180680
1856 1.180922
1857 1.180606
1858 1.180522
1859 1.180766
1860 1.181034
1861 1.180876
1862 1.181070
1863 1.181092
1864 1.182104
1865 1.182398
1866 1.182788
1867 1.181910
1868 1.181978
1869 1.182226
1870 1.182118
1871 1.182466
1872 1.181818
1873 1.181594
1874 1.181002
1875 1.180498
1876 1.179642
1877 1.180164
1878 1.179790
1879 1.179664
1880 1.179334
1881 1.179950
1882 1.180274
1883 1.180668
1884 1.180188
1885 1.180092
1886 1.179708
1887 1.179718
1888 1.179436
1889 1.179792
1890 1.179646
1891 1.180840
1892 1.181146
1893 1.180714
1894 1.181348
1895 1.181190
1896 1.181664
1897 1.182022
1898 1.181766
1899 1.181424
1900 1.181494
1901 1.181586
1902 1.181924
1903 1.181730
1904 1.181968
1905 1.181808
1906 1.182072
1907 1.182578
1908 1.183876
1909 1.184418
1910 1.184294
1911 1.184548
1912 1.184488
1913 1.184818
1914 1.184400
1915 1.184400
1916 1.183806
1917 1.184148
1918 1.183524
1919 1.183894
1920 1.183828
1921 1.182764
1922 1.183288
1923 1.183128
1924 1.183176
1925 1.183364
1926 1.182790
1927 1.182152
1928 1.181806
1929 1.182016
1930 1.182588
1931 1.183028
1932 1.183084
1933 1.183100
1934 1.182962
1935 1.183226
1936 1.183444
1937 1.183254
1938 1.183178
1939 1.183338
1940 1.183288
1941 1.183758
1942 1.184002
1943 1.184204
1944 1.184712
1945 1.184306
1946 1.184614
1947 1.184172
1948 1.184240
1949 1.184398
1950 1.184118
1951 1.184564
1952 1.184192
1953 1.184640
1954 1.184716
1955 1.184880
1956 1.184320
1957 1.184480
1958 1.184466
1959 1.184960
1960 1.184794
1961 1.184640
1962 1.184942
1963 1.184934
1964 1.184858
1965 1.184724
1966 1.185262
1967 1.184756
1968 1.184710
1969 1.184304
1970 1.183216
1971 1.183112
1972 1.183138
1973 1.183042
1974 1.183528
1975 1.183388
1976 1.183526
1977 1.183658
1978 1.183740
1979 1.183458
1980 1.183604
1981 1.183130
1982 1.182964
1983 1.183232
1984 1.183328
1985 1.183324
1986 1.183528
1987 1.183882
1988 1.184032
1989 1.183648
1990 1.184090
1991 1.184170
1992 1.184374
1993 1.183404
1994 1.183138
1995 1.182782
1996 1.182598
1997 1.182874
1998 1.182574
1999 1.182462
2000 1.182148
2001 1.182410
2002 1.182370
2003 1.182864
2004 1.183262
2005 1.183250
2006 1.183514
2007 1.183622
2008 1.183296
2009 1.183490
2010 1.183328
2011 1.183450
2012 1.183380
2013 1.183076
2014 1.182592
2015 1.182400
2016 1.182664
2017 1.183112
2018 1.183430
2019 1.183506
2020 1.183694
2021 1.183870
2022 1.183508
2023 1.183172
2024 1.183186
2025 1.183088
2026 1.183538
2027 1.183544
2028 1.183496
2029 1.183566
2030 1.183308
2031 1.183740
2032 1.183378
2033 1.182680
2034 1.182630
2035 1.182350
2036 1.181868
2037 1.181582
2038 1.181410
2039 1.181598
2040 1.181778
2041 1.181612
2042 1.181668
2043 1.181990
2044 1.182494
2045 1.182470
2046 1.181496
2047 1.181904
2048 1.182074
2049 1.182382
2050 1.182310
2051 1.182192
2052 1.181810
2053 1.182480
2054 1.182228
2055 1.182402
2056 1.182596
2057 1.182952
2058 1.183106
2059 1.183026
2060 1.182760
2061 1.182060
2062 1.181862
2063 1.181964
2064 1.181620
2065 1.181640
2066 1.181546
2067 1.181548
2068 1.181744
2069 1.182656
2070 1.182962
2071 1.182916
2072 1.182556
2073 1.182366
2074 1.182396
2075 1.182486
2076 1.182662
2077 1.182322
2078 1.182146
2079 1.182184
2080 1.182294
2081 1.182422
2082 1.183006
2083 1.183104
2084 1.183336
2085 1.183236
2086 1.182888
2087 1.182334
2088 1.182250
2089 1.182264
2090 1.182082
2091 1.182520
2092 1.181532
2093 1.182594
2094 1.182622
2095 1.182928
2096 1.183252
2097 1.182516
2098 1.182160
2099 1.181790
2100 1.181954
2101 1.182060
2102 1.182788
2103 1.183398
2104 1.183418
2105 1.183804
2106 1.183772
2107 1.183416
2108 1.182920
2109 1.183174
2110 1.182406
2111 1.182676
2112 1.182318
2113 1.181620
2114 1.182142
2115 1.182258
2116 1.182164
2117 1.182458
2118 1.182266
2119 1.182040
2120 1.182006
2121 1.182334
2122 1.182036
2123 1.181452
2124 1.181138
2125 1.181780
2126 1.181506
2127 1.181024
2128 1.180930
2129 1.180944
2130 1.180514
2131 1.179994
2132 1.180040
2133 1.180152
2134 1.180504
2135 1.180374
2136 1.180356
2137 1.180224
2138 1.180138
2139 1.179574
2140 1.179530
2141 1.179894
2142 1.179852
2143 1.179720
2144 1.179910
2145 1.180546
2146 1.180616
2147 1.180520
2148 1.180550
2149 1.180924
2150 1.180302
2151 1.180062
2152 1.180510
2153 1.180340
2154 1.180478
2155 1.180600
2156 1.180968
2157 1.181418
2158 1.182540
2159 1.182838
2160 1.183314
2161 1.183916
2162 1.183446
2163 1.183784
2164 1.183618
2165 1.183522
2166 1.183272
2167 1.182886
2168 1.183630
2169 1.183686
2170 1.183366
2171 1.183384
2172 1.182848
2173 1.183074
2174 1.183682
2175 1.183366
2176 1.183196
2177 1.183548
2178 1.183326
2179 1.183724
2180 1.183798
2181 1.183786
2182 1.183452
2183 1.184198
2184 1.184364
2185 1.184052
2186 1.183894
2187 1.183904
2188 1.183672
2189 1.183768
2190 1.184280
2191 1.183056
2192 1.182752
2193 1.182656
2194 1.182526
2195 1.182716
2196 1.182580
2197 1.182172
2198 1.182194
2199 1.181744
2200 1.181578
2201 1.181106
2202 1.181348
2203 1.181052
2204 1.180722
2205 1.180686
2206 1.180736
2207 1.180936
2208 1.181450
2209 1.181784
2210 1.181392
2211 1.181532
2212 1.181596
2213 1.182016
2214 1.182350
2215 1.182726
2216 1.182372
2217 1.182324
2218 1.182476
2219 1.181746
2220 1.181854
2221 1.181884
2222 1.181428
2223 1.181848
2224 1.181704
2225 1.181648
2226 1.181160
2227 1.180872
2228 1.180746
2229 1.180664
2230 1.180580
2231 1.180518
2232 1.180440
2233 1.180028
2234 1.180520
2235 1.180438
2236 1.180932
2237 1.180398
2238 1.180640
2239 1.181016
2240 1.181074
2241 1.181040
2242 1.180804
2243 1.181282
2244 1.181840
2245 1.182348
2246 1.182768
2247 1.183040
2248 1.183302
2249 1.182854
2250 1.181986
2251 1.182046
2252 1.181938
2253 1.181428
2254 1.180864
2255 1.180956
2256 1.181156
2257 1.181112
2258 1.181280
2259 1.181126
2260 1.181110
2261 1.180600
2262 1.180432
2263 1.179712
2264 1.180208
2265 1.180884
2266 1.180374
2267 1.180216
2268 1.180370
2269 1.181240
2270 1.181986
2271 1.181742
2272 1.181728
2273 1.181446
2274 1.181360
2275 1.182222
2276 1.182114
2277 1.182414
2278 1.182890
2279 1.183004
2280 1.183512
2281 1.184154
2282 1.183784
2283 1.183420
2284 1.184122
2285 1.183576
2286 1.183320
2287 1.183362
2288 1.183662
2289 1.182418
2290 1.182826
2291 1.182366
2292 1.181576
2293 1.181646
2294 1.181614
2295 1.181352
2296 1.181354
2297 1.181886
2298 1.181742
2299 1.181572
2300 1.181784
2301 1.181930
2302 1.181792
2303 1.182004
2304 1.182752
2305 1.182158
2306 1.181908
2307 1.181708
2308 1.181994
2309 1.182392
2310 1.182054
2311 1.181760
2312 1.181636
2313 1.182128
2314 1.182082
2315 1.182096
2316 1.181828
2317 1.181648
2318 1.181578
2319 1.181638
2320 1.181104
2321 1.181020
2322 1.181006
2323 1.180586
2324 1.180430
2325 1.180444
2326 1.180728
2327 1.179906
2328 1.180464
2329 1.180640
2330 1.180994
2331 1.180786
2332 1.181170
2333 1.181376
2334 1.181546
2335 1.181154
2336 1.180960
2337 1.180796
2338 1.181254
2339 1.181962
2340 1.181972
2341 1.182032
2342 1.182424
2343 1.182074
2344 1.182140
2345 1.182180
2346 1.181834
2347 1.181564
2348 1.180990
2349 1.181506
2350 1.181452
2351 1.181230
2352 1.181402
2353 1.182050
2354 1.182204
2355 1.182264
2356 1.182408
2357 1.182622
2358 1.183176
2359 1.183482
2360 1.183492
2361 1.183612
2362 1.184080
2363 1.184160
2364 1.184070
2365 1.184464
2366 1.184434
2367 1.184314
2368 1.183638
2369 1.183740
2370 1.183768
2371 1.183440
2372 1.183636
2373 1.183560
2374 1.183634
2375 1.183378
2376 1.183986
2377 1.184062
2378 1.184718
2379 1.184382
2380 1.184580
2381 1.184710
2382 1.184978
2383 1.184784
2384 1.183734
2385 1.184008
2386 1.183878
2387 1.183712
2388 1.183406
2389 1.183690
2390 1.183972
2391 1.184220
2392 1.184930
2393 1.184566
2394 1.184460
2395 1.184240
2396 1.184020
2397 1.182966
2398 1.183224
2399 1.182932
2400 1.182330
2401 1.182388
2402 1.182766
2403 1.182776
2404 1.182564
2405 1.181910
2406 1.181824
2407 1.181970
2408 1.181942
2409 1.182184
2410 1.181680
2411 1.182240
2412 1.182858
2413 1.183436
2414 1.183276
2415 1.183498
2416 1.183888
2417 1.183548
2418 1.182816
2419 1.182858
2420 1.183050
2421 1.183302
2422 1.183606
2423 1.183888
2424 1.183764
2425 1.183600
2426 1.183962
2427 1.183990
2428 1.184734
2429 1.184104
2430 1.184188
2431 1.184648
2432 1.184762
2433 1.184860
2434 1.184852
2435 1.184348
2436 1.184380
2437 1.184118
2438 1.183740
2439 1.183626
2440 1.183476
2441 1.183200
2442 1.182752
2443 1.182256
2444 1.182106
2445 1.182734
2446 1.182402
2447 1.182754
2448 1.182782
2449 1.183464
2450 1.183246
2451 1.183166
2452 1.183822
2453 1.183566
2454 1.183842
2455 1.184192
2456 1.183756
2457 1.184076
2458 1.184414
2459 1.184588
2460 1.184532
2461 1.184698
2462 1.183966
2463 1.184136
2464 1.183986
2465 1.183540
2466 1.183448
2467 1.182914
2468 1.183246
2469 1.182866
2470 1.183250
2471 1.183592
2472 1.183092
2473 1.182960
2474 1.183674
2475 1.183512
2476 1.183820
2477 1.183962
2478 1.183344
2479 1.183492
2480 1.183488
2481 1.183690
2482 1.182876
2483 1.182852
2484 1.182378
2485 1.182878
2486 1.182432
2487 1.181806
2488 1.182346
2489 1.182688
2490 1.182382
2491 1.182238
2492 1.182650
2493 1.182792
2494 1.183062
2495 1.182876
2496 1.183582
2497 1.184028
2498 1.184256
2499 1.183610
2500 1.183864
2501 1.183814
2502 1.183534
2503 1.183824
2504 1.184192
2505 1.183668
2506 1.183618
2507 1.183552
2508 1.183568
2509 1.183930
2510 1.183396
2511 1.183344
2512 1.183254
2513 1.183376
2514 1.183694
2515 1.184086
2516 1.183684
2517 1.183388
2518 1.183618
2519 1.183548
2520 1.183284
2521 1.183600
2522 1.183182
2523 1.184218
2524 1.183964
2525 1.184156
2526 1.183602
2527 1.184310
2528 1.183970
2529 1.183580
2530 1.183418
2531 1.183386
2532 1.183538
2533 1.183554
2534 1.183756
2535 1.183970
2536 1.183894
2537 1.184466
2538 1.184048
2539 1.183722
2540 1.182804
2541 1.182962
2542 1.183240
2543 1.183306
2544 1.182956
2545 1.182802
2546 1.183164
2547 1.183196
2548 1.183218
2549 1.183202
2550 1.183194
2551 1.182876
2552 1.183270
2553 1.182926
2554 1.182932
2555 1.183580
2556 1.182826
2557 1.183206
2558 1.183484
2559 1.183108
2560 1.183218
2561 1.183448
2562 1.183514
2563 1.183360
2564 1.183484
2565 1.182918
2566 1.182648
2567 1.182944
2568 1.183000
2569 1.182694
2570 1.182564
2571 1.182072
2572 1.182358
2573 1.181900
2574 1.182202
2575 1.182508
2576 1.182260
2577 1.182558
2578 1.182600
2579 1.182108
2580 1.182078
2581 1.182502
2582 1.182924
2583 1.183506
2584 1.183920
2585 1.184276
2586 1.183458
2587 1.183964
2588 1.183744
2589 1.183338
2590 1.183424
2591 1.184210
2592 1.183362
2593 1.183906
2594 1.183490
2595 1.182622
2596 1.182386
2597 1.182196
2598 1.182408
2599 1.181588
2600 1.181724
2601 1.181898
2602 1.181348
2603 1.181418
2604 1.181410
2605 1.181936
2606 1.182166
2607 1.181954
2608 1.182244
2609 1.182530
2610 1.182600
2611 1.183346
2612 1.182794
2613 1.182698
2614 1.183170
2615 1.182556
2616 1.182336
2617 1.182196
2618 1.181706
2619 1.181996
2620 1.182190
2621 1.182264
2622 1.181810
2623 1.181838
2624 1.181934
2625 1.181872
2626 1.181928
2627 1.181596
2628 1.180688
2629 1.180554
2630 1.180806
2631 1.180592
2632 1.180838
2633 1.181228
2634 1.181606
2635 1.182014
2636 1.181852
2637 1.181908
2638 1.182370
2639 1.182090
2640 1.182498
2641 1.182538
2642 1.182518
2643 1.182270
2644 1.181984
2645 1.181374
2646 1.181086
2647 1.181562
2648 1.181462
2649 1.181492
2650 1.181894
2651 1.182096
2652 1.182164
2653 1.182472
2654 1.182074
2655 1.182826
2656 1.182644
2657 1.182540
2658 1.182744
2659 1.182414
2660 1.182266
2661 1.182052
2662 1.182020
2663 1.181442
2664 1.181576
2665 1.181322
2666 1.181598
2667 1.182038
2668 1.181856
2669 1.181848
2670 1.181822
2671 1.181890
2672 1.181646
2673 1.181798
2674 1.181668
2675 1.181566
2676 1.182392
2677 1.182140
2678 1.182006
2679 1.182048
2680 1.182428
2681 1.182568
2682 1.183196
2683 1.183668
2684 1.183272
2685 1.184136
2686 1.183904
2687 1.184262
2688 1.184320
2689 1.184092
2690 1.183726
2691 1.183354
2692 1.183368
2693 1.183022
2694 1.183406
2695 1.182932
2696 1.183084
2697 1.182986
2698 1.183732
2699 1.183948
2700 1.183888
2701 1.184162
2702 1.184292
2703 1.183776
2704 1.183830
2705 1.183756
2706 1.184074
2707 1.184198
2708 1.184540
2709 1.184676
2710 1.184822
2711 1.184386
2712 1.183626
2713 1.184252
2714 1.183952
2715 1.183372
2716 1.183692
2717 1.182946
2718 1.183498
2719 1.183130
2720 1.182646
2721 1.182486
2722 1.182728
2723 1.182826
2724 1.183424
2725 1.183354
2726 1.183752
2727 1.183574
2728 1.183822
2729 1.183458
2730 1.183472
2731 1.184018
2732 1.184486
2733 1.183798
2734 1.183426
2735 1.183532
2736 1.183468
2737 1.183884
2738 1.184282
2739 1.184222
2740 1.183322
2741 1.183622
2742 1.184096
2743 1.183978
2744 1.184452
2745 1.184586
2746 1.184418
2747 1.183800
2748 1.183544
2749 1.183120
2750 1.182670
2751 1.182326
2752 1.182078
2753 1.182042
2754 1.182216
2755 1.181686
2756 1.181752
2757 1.182270
2758 1.182006
2759 1.181672
2760 1.182082
2761 1.181674
2762 1.181652
2763 1.181746
2764 1.181602
2765 1.181514
2766 1.181742
2767 1.182044
2768 1.182038
2769 1.181890
2770 1.182082
2771 1.181480
2772 1.181506
2773 1.180894
2774 1.181552
2775 1.181604
2776 1.181996
2777 1.181726
2778 1.181730
2779 1.181804
2780 1.182184
2781 1.182264
2782 1.182476
2783 1.182034
2784 1.182406
2785 1.182640
2786 1.182584
2787 1.182984
2788 1.183554
2789 1.183200
2790 1.182978
2791 1.183042
2792 1.182702
2793 1.183136
2794 1.183348
2795 1.184244
2796 1.183536
2797 1.183544
2798 1.184064
2799 1.183564
2800 1.183586
2801 1.182918
2802 1.182850
2803 1.182706
2804 1.182584
2805 1.182682
2806 1.182220
2807 1.181910
2808 1.181498
2809 1.181266
2810 1.181598
2811 1.181002
2812 1.181192
2813 1.181172
2814 1.180670
2815 1.180410
2816 1.180346
2817 1.180834
2818 1.180770
2819 1.181156
2820 1.181244
2821 1.181186
2822 1.181296
2823 1.181134
2824 1.181150
2825 1.181296
2826 1.181662
2827 1.181802
2828 1.182260
2829 1.182456
2830 1.182478
2831 1.182374
2832 1.181840
2833 1.182020
2834 1.181702
2835 1.182280
2836 1.181934
2837 1.182016
2838 1.182114
2839 1.182402
2840 1.182652
2841 1.181388
2842 1.181758
2843 1.181938
2844 1.182138
2845 1.181686
2846 1.181906
2847 1.182210
2848 1.182550
2849 1.182258
2850 1.182130
2851 1.182168
2852 1.182368
2853 1.182590
2854 1.182282
2855 1.182376
2856 1.182854
2857 1.182628
2858 1.183072
2859 1.182986
2860 1.182708
2861 1.182274
2862 1.183112
2863 1.183274
2864 1.183082
2865 1.183760
2866 1.183610
2867 1.183738
2868 1.183720
2869 1.184014
2870 1.183866
2871 1.183568
2872 1.183224
2873 1.182606
2874 1.182200
2875 1.182042
2876 1.181546
2877 1.181060
2878 1.180966
2879 1.180812
2880 1.181362
2881 1.181568
2882 1.181550
2883 1.181528
2884 1.181568
2885 1.181368
2886 1.181420
2887 1.181952
2888 1.181744
2889 1.181716
2890 1.181718
2891 1.181470
2892 1.182066
2893 1.181992
2894 1.181844
2895 1.181714
2896 1.181562
2897 1.181152
2898 1.181314
2899 1.180462
2900 1.180406
2901 1.180766
2902 1.180742
2903 1.180754
2904 1.181240
2905 1.180658
2906 1.180362
2907 1.180232
2908 1.180050
2909 1.180300
2910 1.180236
2911 1.180664
2912 1.180642
2913 1.181434
2914 1.181208
2915 1.181518
2916 1.181776
2917 1.181584
2918 1.181442
2919 1.181514
2920 1.181518
2921 1.181658
2922 1.181996
2923 1.182966
2924 1.182898
2925 1.183238
2926 1.183646
2927 1.184010
2928 1.184666
2929 1.185184
2930 1.184836
2931 1.185002
2932 1.184870
2933 1.184228
2934 1.183422
2935 1.182776
2936 1.183302
2937 1.183920
2938 1.183472
2939 1.183394
2940 1.182566
2941 1.182378
2942 1.182920
2943 1.182594
2944 1.182260
2945 1.182218
2946 1.182084
2947 1.182394
2948 1.182434
2949 1.182576
2950 1.182352
2951 1.182932
2952 1.183158
2953 1.183318
2954 1.182958
2955 1.182588
2956 1.182070
2957 1.181998
2958 1.182776
2959 1.182598
2960 1.182332
2961 1.182264
2962 1.182116
2963 1.181656
2964 1.181450
2965 1.181208
2966 1.181126
2967 1.181176
2968 1.181274
2969 1.180848
2970 1.181272
2971 1.180342
2972 1.180366
2973 1.180650
2974 1.180838
2975 1.180952
2976 1.180414
2977 1.180662
2978 1.180942
2979 1.180934
2980 1.181642
2981 1.181348
2982 1.181736
2983 1.181954
2984 1.182040
2985 1.182458
2986 1.183244
2987 1.183014
2988 1.182140
2989 1.181752
2990 1.181572
2991 1.181500
2992 1.181916
2993 1.182052
2994 1.181434
2995 1.181648
2996 1.181432
2997 1.181652
2998 1.182164
2999 1.181850
3000 1.181998
3001 1.181770
3002 1.181472
3003 1.181534
3004 1.181212
3005 1.181604
3006 1.182026
3007 1.181292
3008 1.181310
3009 1.181398
3010 1.181866
3011 1.181426
3012 1.181208
3013 1.181218
3014 1.181344
3015 1.181238
3016 1.182184
3017 1.182588
3018 1.182910
3019 1.183500
3020 1.184252
3021 1.183972
3022 1.183436
3023 1.183304
3024 1.182436
3025 1.182034
3026 1.182076
3027 1.182002
3028 1.182368
3029 1.182260
3030 1.182594
3031 1.182864
3032 1.182758
3033 1.182580
3034 1.182066
3035 1.181718
3036 1.182258
3037 1.182242
3038 1.182828
3039 1.182944
3040 1.183416
3041 1.183344
3042 1.183766
3043 1.183678
3044 1.184320
3045 1.184920
3046 1.184862
3047 1.184600
3048 1.184724
3049 1.184830
3050 1.183892
3051 1.183884
3052 1.184622
3053 1.184604
3054 1.184388
3055 1.184604
3056 1.184658
3057 1.184404
3058 1.183728
3059 1.184032
3060 1.183406
3061 1.182894
3062 1.182782
3063 1.183004
3064 1.183042
3065 1.183468
3066 1.183758
3067 1.183296
3068 1.182902
3069 1.182884
3070 1.182758
3071 1.182670
3072 1.182070
3073 1.182318
3074 1.182100
3075 1.182124
3076 1.182432
3077 1.182770
3078 1.182756
3079 1.182656
3080 1.183238
3081 1.183684
3082 1.183306
3083 1.183020
3084 1.182844
3085 1.183242
3086 1.183008
3087 1.182878
3088 1.182936
3089 1.183070
3090 1.182900
3091 1.182092
3092 1.182356
3093 1.182554
3094 1.182656
3095 1.182356
3096 1.181998
3097 1.182668
3098 1.181784
3099 1.182048
3100 1.181758
3101 1.181646
3102 1.181250
3103 1.181074
3104 1.181222
3105 1.181766
3106 1.181714
3107 1.181440
3108 1.181744
3109 1.182050
3110 1.181856
3111 1.181672
3112 1.181860
3113 1.181468
3114 1.182126
3115 1.182440
3116 1.182374
3117 1.181498
3118 1.181514
3119 1.181516
3120 1.181330
3121 1.181152
3122 1.181146
3123 1.181436
3124 1.181518
3125 1.182174
3126 1.181704
3127 1.181200
3128 1.180726
3129 1.180554
3130 1.181500
3131 1.181620
3132 1.181292
3133 1.182002
3134 1.182356
3135 1.182116
3136 1.181592
3137 1.181924
3138 1.181900
3139 1.181826
3140 1.181610
3141 1.182410
3142 1.182836
3143 1.182754
3144 1.182950
3145 1.182552
3146 1.182962
3147 1.183076
3148 1.183114
3149 1.183812
3150 1.183768
3151 1.183962
3152 1.183444
3153 1.183360
3154 1.183378
3155 1.183396
3156 1.182800
3157 1.183056
3158 1.183962
3159 1.183386
3160 1.184056
3161 1.183252
3162 1.183500
3163 1.183052
3164 1.183432
3165 1.182640
3166 1.182828
3167 1.182668
3168 1.183044
3169 1.182246
3170 1.182040
3171 1.182294
3172 1.182920
3173 1.182908
3174 1.182432
3175 1.182020
3176 1.182014
3177 1.181944
3178 1.181678
3179 1.181514
3180 1.181638
3181 1.181796
3182 1.181472
3183 1.181594
3184 1.181310
3185 1.181470
3186 1.181132
3187 1.181480
3188 1.181506
3189 1.181866
3190 1.182006
3191 1.182868
3192 1.182742
3193 1.182536
3194 1.182612
3195 1.182560
3196 1.182334
3197 1.182982
3198 1.182452
3199 1.182450
3200 1.183038
3201 1.183258
3202 1.183030
3203 1.182920
3204 1.182882
3205 1.182712
3206 1.182872
3207 1.183176
3208 1.183274
3209 1.183382
3210 1.183544
3211 1.183064
3212 1.182618
3213 1.182200
3214 1.182616
3215 1.182724
3216 1.182886
3217 1.183402
3218 1.183128
3219 1.182712
3220 1.182460
3221 1.182142
3222 1.181966
3223 1.182136
3224 1.181468
3225 1.181240
3226 1.180290
3227 1.180132
3228 1.180334
3229 1.180754
3230 1.180814
3231 1.181104
3232 1.181212
3233 1.181902
3234 1.182108
3235 1.181844
3236 1.182360
3237 1.182628
3238 1.182762
3239 1.183170
3240 1.183222
3241 1.183396
3242 1.183374
3243 1.183622
3244 1.183794
3245 1.183818
3246 1.183882
3247 1.183726
3248 1.183668
3249 1.184010
3250 1.183832
3251 1.184108
3252 1.184252
3253 1.183996
3254 1.183734
3255 1.183102
3256 1.183030
3257 1.183192
3258 1.183224
3259 1.183180
3260 1.183310
3261 1.183820
3262 1.183626
3263 1.184258
3264 1.184094
3265 1.183564
3266 1.183766
3267 1.183568
3268 1.183548
3269 1.183386
3270 1.183554
3271 1.184106
3272 1.184470
3273 1.185142
3274 1.184912
3275 1.185690
3276 1.185634
3277 1.185228
3278 1.184744
3279 1.184564
3280 1.184820
3281 1.184072
3282 1.184756
3283 1.184494
3284 1.184206
3285 1.184126
3286 1.184026
3287 1.183510
3288 1.183730
3289 1.183530
3290 1.183626
3291 1.184066
3292 1.184458
3293 1.184754
3294 1.184120
3295 1.184130
3296 1.184036
3297 1.183736
3298 1.182956
3299 1.183204
3300 1.182478
3301 1.181870
3302 1.182196
3303 1.182124
3304 1.182088
3305 1.182262
3306 1.182298
3307 1.182560
3308 1.182904
3309 1.182462
3310 1.182772
3311 1.182990
3312 1.183024
3313 1.182880
3314 1.182720
3315 1.183472
3316 1.183358
3317 1.182810
3318 1.182310
3319 1.181774
3320 1.181882
3321 1.182488
3322 1.182516
3323 1.182000
3324 1.182426
3325 1.182720
3326 1.182382
3327 1.181978
3328 1.181484
3329 1.180976
3330 1.181162
3331 1.181448
3332 1.181796
3333 1.181080
3334 1.180788
3335 1.180894
3336 1.181196
3337 1.181466
3338 1.182180
3339 1.182336
3340 1.182172
3341 1.182458
3342 1.182992
3343 1.183312
3344 1.183828
3345 1.183266
3346 1.183166
3347 1.183080
3348 1.183280
3349 1.182684
3350 1.182942
3351 1.182412
3352 1.182472
3353 1.182772
3354 1.182136
3355 1.181492
3356 1.181632
3357 1.181484
3358 1.181122
3359 1.181458
3360 1.181584
3361 1.181928
3362 1.181956
3363 1.181392
3364 1.181778
3365 1.181824
3366 1.182534
3367 1.182734
3368 1.182424
3369 1.182672
3370 1.182542
3371 1.183160
3372 1.182638
3373 1.182658
3374 1.182440
3375 1.181960
3376 1.181700
3377 1.181478
3378 1.180928
3379 1.181904
3380 1.181700
3381 1.181374
3382 1.181214
3383 1.181718
3384 1.181620
3385 1.182086
3386 1.182686
3387 1.181848
3388 1.181192
3389 1.181106
3390 1.180836
3391 1.181018
3392 1.180838
3393 1.180576
3394 1.180380
3395 1.180986
3396 1.181316
3397 1.181174
3398 1.181658
3399 1.181044
3400 1.181136
3401 1.180920
3402 1.180544
3403 1.180880
3404 1.181222
3405 1.180830
3406 1.181250
3407 1.181314
3408 1.181354
3409 1.181760
3410 1.182208
3411 1.182216
3412 1.182590
3413 1.182940
3414 1.183394
3415 1.183014
3416 1.183348
3417 1.183520
3418 1.183886
3419 1.183576
3420 1.183308
3421 1.182900
3422 1.183126
3423 1.182858
3424 1.182914
3425 1.182138
3426 1.182206
3427 1.181842
3428 1.182532
3429 1.182642
3430 1.182726
3431 1.182288
3432 1.182398
3433 1.182364
3434 1.182198
3435 1.182658
3436 1.182476
3437 1.182186
3438 1.182774
3439 1.182404
3440 1.182156
3441 1.182308
3442 1.182538
3443 1.182434
3444 1.182230
3445 1.182024
3446 1.182328
3447 1.181496
3448 1.181496
3449 1.181392
3450 1.181358
3451 1.181206
3452 1.181376
3453 1.181864
3454 1.181950
3455 1.181602
3456 1.181640
3457 1.181156
3458 1.180818
3459 1.181372
3460 1.181696
3461 1.182028
3462 1.181626
3463 1.181624
3464 1.182010
3465 1.182818
3466 1.182740
3467 1.182594
3468 1.182152
3469 1.182804
3470 1.183042
3471 1.182894
3472 1.183498
3473 1.183760
3474 1.184080
3475 1.183822
3476 1.183440
3477 1.182956
3478 1.183456
3479 1.183538
3480 1.183348
3481 1.183676
3482 1.183712
3483 1.183904
3484 1.183808
3485 1.183786
3486 1.183828
3487 1.184208
3488 1.184482
3489 1.184388
3490 1.184144
3491 1.183914
3492 1.184164
3493 1.184382
3494 1.184356
3495 1.184194
3496 1.183466
3497 1.183396
3498 1.183486
3499 1.183348
3500 1.183942
3501 1.183662
3502 1.183592
3503 1.183404
3504 1.183156
3505 1.183142
3506 1.183446
3507 1.183066
3508 1.183348
3509 1.184116
3510 1.184250
3511 1.183844
3512 1.184072
3513 1.184956
3514 1.185106
3515 1.184894
3516 1.184868
3517 1.184390
3518 1.183982
3519 1.183708
3520 1.183664
3521 1.183488
3522 1.183450
3523 1.183286
3524 1.183700
3525 1.184682
3526 1.184710
3527 1.184738
3528 1.184618
3529 1.185042
3530 1.185302
3531 1.185284
3532 1.185792
3533 1.185206
3534 1.185862
3535 1.185958
3536 1.185998
3537 1.185944
3538 1.185308
3539 1.185952
3540 1.185206
3541 1.184878
3542 1.184218
3543 1.184166
3544 1.184506
3545 1.184906
3546 1.184516
3547 1.184772
3548 1.184354
3549 1.183766
3550 1.184318
3551 1.184452
3552 1.184542
3553 1.184480
3554 1.184394
3555 1.184984
3556 1.185330
3557 1.185614
3558 1.186058
3559 1.185786
3560 1.185246
3561 1.184744
3562 1.184582
3563 1.184882
3564 1.185328
3565 1.185244
3566 1.185014
3567 1.185210
3568 1.184584
3569 1.184390
3570 1.183978
3571 1.184600
3572 1.184100
3573 1.183614
3574 1.183330
3575 1.183530
3576 1.183752
3577 1.183754
3578 1.184090
3579 1.183766
3580 1.183930
3581 1.183508
3582 1.183312
3583 1.183730
3584 1.183866
3585 1.183678
3586 1.184150
3587 1.182868
3588 1.182714
3589 1.182312
3590 1.182566
3591 1.182602
3592 1.182454
3593 1.182466
3594 1.181590
3595 1.181748
3596 1.181434
3597 1.181400
3598 1.181332
3599 1.181242
3600 1.180982
3601 1.181338
3602 1.181308
3603 1.181666
3604 1.182270
3605 1.182488
3606 1.182236
3607 1.181842
3608 1.181644
3609 1.181866
3610 1.181746
3611 1.181506
3612 1.181496
3613 1.181394
3614 1.181998
3615 1.182314
3616 1.182550
3617 1.182124
3618 1.182570
3619 1.182116
3620 1.181960
3621 1.181828
3622 1.182134
3623 1.182710
3624 1.182086
3625 1.182166
3626 1.182240
3627 1.181798
3628 1.182042
3629 1.182438
3630 1.182456
3631 1.182380
3632 1.181714
3633 1.181512
3634 1.181940
3635 1.181704
3636 1.181938
3637 1.181606
3638 1.181642
3639 1.181554
3640 1.181360
3641 1.182216
3642 1.181780
3643 1.181290
3644 1.180474
3645 1.181072
3646 1.181554
3647 1.181744
3648 1.181886
3649 1.182216
3650 1.182008
3651 1.181546
3652 1.181804
3653 1.181330
3654 1.181574
3655 1.181316
3656 1.181494
3657 1.181274
3658 1.181576
3659 1.181350
3660 1.181168
3661 1.181140
3662 1.181390
3663 1.181288
3664 1.180954
3665 1.181074
3666 1.181064
3667 1.180986
3668 1.181198
3669 1.181538
3670 1.182282
3671 1.182434
3672 1.183146
3673 1.183156
3674 1.182916
3675 1.183758
3676 1.184298
3677 1.184070
3678 1.183944
3679 1.183030
3680 1.182964
3681 1.182450
3682 1.182372
3683 1.182126
3684 1.181874
3685 1.182612
3686 1.182328
3687 1.182276
3688 1.181968
3689 1.182636
3690 1.182696
3691 1.182536
3692 1.182406
3693 1.181666
3694 1.182212
3695 1.182388
3696 1.182928
3697 1.182948
3698 1.183042
3699 1.183198
3700 1.183290
3701 1.183436
3702 1.183462
3703 1.183170
3704 1.182978
3705 1.183236
3706 1.183368
3707 1.182980
3708 1.183246
3709 1.184134
3710 1.184356
3711 1.184006
3712 1.183778
3713 1.183354
3714 1.183552
3715 1.182924
3716 1.183030
3717 1.183420
3718 1.182964
3719 1.183218
3720 1.183578
3721 1.182874
3722 1.183582
3723 1.183544
3724 1.183292
3725 1.183530
3726 1.183784
3727 1.183660
3728 1.183516
3729 1.184600
3730 1.184482
3731 1.184032
3732 1.183910
3733 1.183948
3734 1.184446
3735 1.184100
3736 1.183266
3737 1.183826
3738 1.183638
3739 1.184124
3740 1.183784
3741 1.183596
3742 1.183652
3743 1.184160
3744 1.184704
3745 1.185126
3746 1.185026
3747 1.185146
3748 1.185084
3749 1.184864
3750 1.185038
3751 1.185126
3752 1.185304
3753 1.184954
3754 1.184440
3755 1.183942
3756 1.183996
3757 1.184050
3758 1.184396
3759 1.184150
3760 1.183858
3761 1.183956
3762 1.184084
3763 1.184450
3764 1.184592
3765 1.184792
3766 1.184952
3767 1.185088
3768 1.185524
3769 1.184984
3770 1.185312
3771 1.185312
3772 1.185408
3773 1.185018
3774 1.184560
3775 1.183924
3776 1.184090
3777 1.184598
3778 1.184500
3779 1.183728
3780 1.184044
3781 1.183420
3782 1.183450
3783 1.183334
3784 1.183434
3785 1.183202
3786 1.183678
3787 1.183250
3788 1.183256
3789 1.184470
3790 1.184562
3791 1.184586
3792 1.184204
3793 1.184010
3794 1.183398
3795 1.183000
3796 1.182840
3797 1.181910
3798 1.182060
3799 1.182432
3800 1.182390
3801 1.182560
3802 1.182120
3803 1.182286
3804 1.182108
3805 1.182288
3806 1.182562
3807 1.182946
3808 1.182330
3809 1.182692
3810 1.183456
3811 1.183386
3812 1.183918
3813 1.183400
3814 1.183330
3815 1.183322
3816 1.183046
3817 1.182706
3818 1.182874
3819 1.183700
3820 1.183924
3821 1.184108
3822 1.184088
3823 1.184144
3824 1.184066
3825 1.184058
3826 1.183898
3827 1.183794
3828 1.183854
3829 1.183686
3830 1.183882
3831 1.183772
3832 1.183092
3833 1.183354
3834 1.183926
3835 1.183764
3836 1.184222
3837 1.183914
3838 1.183956
3839 1.183612
3840 1.183078
3841 1.182336
3842 1.181798
3843 1.181916
3844 1.182230
3845 1.182374
3846 1.182812
3847 1.183708
3848 1.184312
3849 1.183830
3850 1.183434
3851 1.183566
3852 1.183100
3853 1.182912
3854 1.182680
3855 1.182798
3856 1.183178
3857 1.182908
3858 1.182582
3859 1.181774
3860 1.181902
3861 1.182070
3862 1.182642
3863 1.182756
3864 1.182522
3865 1.182652
3866 1.182694
3867 1.182114
3868 1.181878
3869 1.182554
3870 1.182234
3871 1.181538
3872 1.181460
3873 1.181310
3874 1.181552
3875 1.181522
3876 1.182278
3877 1.182570
3878 1.182340
3879 1.181942
3880 1.182320
3881 1.181854
3882 1.181914
3883 1.182184
3884 1.182022
3885 1.182446
3886 1.182672
3887 1.182984
3888 1.183104
3889 1.183048
3890 1.183126
3891 1.183586
3892 1.183044
3893 1.182786
3894 1.182524
3895 1.182892
3896 1.182484
3897 1.181996
3898 1.182024
3899 1.182366
3900 1.182564
3901 1.182478


Active cycles: 2400
k_mean: 1.182684
k_stddev(cycle): 0.001155
k_stderr(mean): 0.000024
