1 1.183810
2 0.589383
3 0.598201
4 0.613738
5 0.622909
6 0.626935
7 0.631254
8 0.636831
9 0.643652
10 0.653733
11 0.666116
12 0.680854
13 0.697468
14 0.715653
15 0.734352
16 1.131296
17 1.183810
18 0.811715
19 0.784711
20 0.765745
21 0.747010
22 0.729803
23 0.712134
24 0.696478
25 0.683837
26 0.676445
27 0.827424
28 0.817341
29 0.797443
30 0.778480
31 0.758758
32 0.739874
33 0.722455
34 0.786452
35 0.774128
36 0.755330
37 0.735739
38 0.716495
39 0.698468
40 0.683488
41 0.671418
42 0.664125
43 0.818036
44 0.808719
45 0.787707
46 0.766742
47 0.747015
48 0.729023
49 0.713159
50 0.698792
51 0.808163
52 0.795821
53 0.775205
54 0.754783
55 0.736267
56 0.718267
57 0.702496
58 0.689742
59 0.805405
60 0.793483
61 0.774184
62 0.754053
63 0.734745
64 0.716653
65 0.700848
66 0.688330
67 0.679231
68 0.823671
69 0.812285
70 0.792504
71 0.771794
72 0.751364
73 0.732263
74 0.716559
75 0.704467
76 0.810353
77 0.797517
78 0.777155
79 0.758429
80 0.738544
81 0.720198
82 0.703362
83 0.691627
84 0.804257
85 0.792621
86 0.773170
87 0.753974
88 0.733555
89 0.715872
90 0.700181
91 0.687779
92 0.679967
93 0.823588
94 0.813906
95 0.793287
96 0.772728
97 0.752632
98 0.734422
99 0.717773
100 0.704782
101 0.805145
102 0.793190
103 0.773046
104 0.753704
105 0.734092
106 0.716093
107 0.700965
108 0.688615
109 0.679404
110 0.825092
111 0.814516
112 0.794943
113 0.773950
114 0.753220
115 0.733020
116 0.716212
