1 0.590002
2 1.078516
3 1.112501
4 1.129119
5 1.141749
6 1.151102
7 1.157045
8 1.162388
9 1.164803
10 1.168152
11 1.171765
12 1.174306
13 1.175301
14 1.175268
15 1.177131
16 1.178884
17 1.178638
18 1.179098
19 1.178463
20 1.181018
21 1.179419
22 1.181088
23 1.179808
24 1.179161
25 1.180046
26 1.180811
27 1.180499
28 1.181021
29 1.180223
30 1.182516
31 1.181129
32 1.182302
33 1.182068
34 1.180844
35 1.181396
36 1.182448
37 1.182412
38 1.181401
39 1.183062
40 1.181938
41 1.181649
42 1.181116
43 1.183190
44 1.183640
45 1.182049
46 1.182532
47 1.182811
48 1.181676
49 1.182319
50 1.181690
51 1.182610
52 1.181529
53 1.184144
54 1.182847
55 1.182333
56 1.182151
57 1.181522
58 1.180965
59 1.182218
60 1.182377
61 1.181213
62 1.181419
63 1.182852
64 1.181304
65 1.182430
66 1.181428
67 1.184103
68 1.183334
69 1.181392
70 1.184189
71 1.182456
72 1.181069
73 1.182044
74 1.182576
75 1.182623
76 1.181599
77 1.183852
78 1.183466
79 1.184646
80 1.183038
81 1.182767
82 1.184543
83 1.182565
84 1.180897
85 1.183286
86 1.183352
87 1.184309
88 1.182957
89 1.181388
90 1.182365
91 1.180380
92 1.183335
93 1.182193
94 1.182816
95 1.182607
96 1.182974
97 1.182386
98 1.183788
99 1.182945
100 1.182362
101 1.181679
102 1.181817
103 1.183459
104 1.183165
105 1.181773
106 1.181566
107 1.182125
108 1.182537
109 1.182472
110 1.182034
111 1.184876
112 1.182396
113 1.182405
114 1.182483
115 1.183413
116 1.181323
117 1.182450
118 1.182963
119 1.183843
120 1.183293
121 1.183686
122 1.183237
123 1.183018
124 1.181561
125 1.183502
126 1.184393
127 1.183966
128 1.182226
129 1.183646
130 1.182736
131 1.181968
132 1.184241
133 1.183550
134 1.181889
135 1.182930
136 1.183557
137 1.184027
138 1.183507
139 1.182529
140 1.181353
141 1.182560
142 1.182993
143 1.183390
144 1.183249
145 1.183953
146 1.183160
147 1.183626
148 1.182568
149 1.181159
150 1.183501
151 1.182248
152 1.182460
153 1.182065
154 1.180944
155 1.182054
156 1.182495
157 1.183613
158 1.182154
159 1.183667
160 1.183518
161 1.183442
162 1.182689
163 1.183195
164 1.182889
165 1.184483
166 1.182365
167 1.183754
168 1.182991
169 1.182774
170 1.183640
171 1.182774
172 1.181844
173 1.184072
174 1.181812
175 1.183056
176 1.183499
177 1.183463
178 1.182774
179 1.183344
180 1.183508
181 1.182994
182 1.183015
183 1.182044
184 1.182483
185 1.182002
186 1.184042
187 1.181467
188 1.182394
189 1.182308
190 1.183845
191 1.183551
192 1.184133
193 1.182648
194 1.183193
195 1.183893
196 1.183359
197 1.183031
198 1.183606
199 1.184587
200 1.184116
201 1.183266
202 1.184282
203 1.183446
204 1.181550
205 1.181663
206 1.183067
207 1.182528
208 1.182529
209 1.183920
210 1.184454
211 1.183549
212 1.183331
213 1.184402
214 1.181802
215 1.182987
216 1.184662
217 1.183154
218 1.181596
219 1.183692
220 1.182511
221 1.183371
222 1.184161
223 1.184512
224 1.184419
225 1.184105
226 1.183867
227 1.182317
228 1.183317
229 1.182000
230 1.182820
231 1.184552
232 1.182533
233 1.183388
234 1.183271
235 1.182913
236 1.181963
237 1.182876
238 1.182158
239 1.181960
240 1.182241
241 1.182049
242 1.183722
243 1.182123
244 1.182833
245 1.182258
246 1.182143
247 1.183659
248 1.184526
249 1.183230
250 1.184381
251 1.182994
252 1.182341
253 1.183202
254 1.183329
255 1.183906
256 1.183565
257 1.181654
258 1.184585
259 1.182089
260 1.183134
261 1.184349
262 1.184730
263 1.184131
264 1.182004
265 1.182326
266 1.182973
267 1.184565
268 1.185386
269 1.182197
270 1.182801
271 1.182808
272 1.182438
273 1.183022
274 1.183564
275 1.183716
276 1.182858
277 1.182316
278 1.182793
279 1.181999
280 1.182752
281 1.183607
282 1.182548
283 1.183441
284 1.184499
285 1.182735
286 1.181552
287 1.183243
288 1.181666
289 1.183204
290 1.182902
291 1.181709
292 1.184114
293 1.182946
294 1.183162
295 1.184705
296 1.183190
297 1.183881
298 1.184166
299 1.184106
300 1.182946
301 1.181143
302 1.182885
303 1.184655
304 1.183105
305 1.182661
306 1.184628
307 1.183479
308 1.183370
309 1.182874
310 1.184450
311 1.182096
312 1.185084
313 1.183205
314 1.183166
315 1.182206
316 1.183028
317 1.184007
318 1.182825
319 1.182841
320 1.184087
321 1.183510
322 1.182528
323 1.181800
324 1.184828
325 1.181048
326 1.183085
327 1.182932
328 1.181260
329 1.183442
330 1.182920
331 1.182323
332 1.184850
333 1.183234
334 1.183207
335 1.183913
336 1.183162
337 1.183935
338 1.182854
339 1.182856
340 1.182467
341 1.183639
342 1.183172
343 1.181100
344 1.182940
345 1.182467
346 1.183624
347 1.183725
348 1.182949
349 1.182786
350 1.182470
351 1.183127
352 1.181782
353 1.183416
354 1.184740
355 1.182175
356 1.181894
357 1.184452
358 1.183096
359 1.183212
360 1.181248
361 1.183289
362 1.184205
363 1.181272
364 1.183583
365 1.183986
366 1.182640
367 1.183968
368 1.182806
369 1.182749
370 1.183810
371 1.183201
372 1.183661
373 1.185047
374 1.182691
375 1.182041
376 1.182450
377 1.182781
378 1.183024
379 1.184987
380 1.181910
381 1.183933
382 1.183545
383 1.183206
384 1.181408
385 1.182704
386 1.182094
387 1.182458
388 1.182308
389 1.183232
390 1.183392
391 1.182256
392 1.182854
393 1.183345
394 1.182375
395 1.181431
396 1.183005
397 1.182797
398 1.182632
399 1.183886
400 1.182948
401 1.185014
402 1.184274
403 1.184725
404 1.183727
405 1.184710
406 1.184224
407 1.184213
408 1.183696
409 1.183085
410 1.183117
411 1.183976
412 1.183092
413 1.182466
414 1.182567
415 1.183401
416 1.183894
417 1.182250
418 1.183183
419 1.182510
420 1.183247
421 1.185164
422 1.182280
423 1.182243
424 1.182465
425 1.182837
426 1.182002
427 1.182357
428 1.182385
429 1.183240
430 1.181744
431 1.182848
432 1.183753
433 1.182723
434 1.183202
435 1.183011
436 1.184275
437 1.182588
438 1.183225
439 1.184317
440 1.182172
441 1.181731
442 1.181724
443 1.183281
444 1.180798
445 1.181898
446 1.183753
447 1.182085
448 1.184078
449 1.182420
450 1.183157
451 1.182385
452 1.183811
453 1.181213
454 1.181934
455 1.182906
456 1.183588
457 1.183450
458 1.183046
459 1.182025
460 1.184822
461 1.183543
462 1.183153
463 1.183898
464 1.184852
465 1.184186
466 1.183957
467 1.184090
468 1.181983
469 1.183249
470 1.179860
471 1.183495
472 1.182087
473 1.182752
474 1.183077
475 1.184622
476 1.184747
477 1.183686
478 1.184539
479 1.183036
480 1.183825
481 1.181067
482 1.182226
483 1.182730
484 1.182762
485 1.183770
486 1.181631
487 1.183012
488 1.183665
489 1.182159
490 1.182102
491 1.182082
492 1.182074
493 1.181963
494 1.181471
495 1.182470
496 1.182313
497 1.182300
498 1.183451
499 1.182729
500 1.182730
501 1.184831
502 1.183410
503 1.184395
504 1.182184
505 1.182835
506 1.183926
507 1.182499
508 1.183516
509 1.183764
510 1.183215
511 1.182859
512 1.181233
513 1.182293
514 1.181214
515 1.184021
516 1.183349
517 1.182445
518 1.181131
519 1.184753
520 1.181017
521 1.182681
522 1.182461
523 1.182972
524 1.182625
525 1.183169
526 1.182511
527 1.182901
528 1.183078
529 1.181354
530 1.184331
531 1.182726
532 1.183401
533 1.182858
534 1.182609
535 1.182569
536 1.183166
537 1.183137
538 1.183802
539 1.182477
540 1.182826
541 1.182237
542 1.183606
543 1.182553
544 1.182605
545 1.182792
546 1.183264
547 1.183906
548 1.182052
549 1.183333
550 1.182401
551 1.181455
552 1.182733
553 1.183966
554 1.183460
555 1.182527
556 1.182140
557 1.182306
558 1.183339
559 1.182838
560 1.183890
561 1.183175
562 1.182271
563 1.184802
564 1.182530
565 1.182341
566 1.182827
567 1.182510
568 1.184781
569 1.180912
570 1.182864
571 1.183288
572 1.182434
573 1.183016
574 1.182483
575 1.181837
576 1.183296
577 1.183170
578 1.184886
579 1.180983
580 1.183071
581 1.183675
582 1.183440
583 1.182317
584 1.183714
585 1.180111
586 1.182563
587 1.183201
588 1.184802
589 1.183610
590 1.182818
591 1.181311
592 1.181363
593 1.183600
594 1.182181
595 1.182315
596 1.183202
597 1.183990
598 1.183346
599 1.182151
600 1.183141
601 1.182540


Active cycles: 300
k_mean: 1.182984
k_stddev(cycle): 0.000950
k_stderr(mean): 0.000055
Difference with the reference K: -0.000826, Per cent error: -0.069778
Reactivity(rho): 0.154680, pcm difference: -58.984853
Total Time: 501.363219seconds. Average: 0.834215 seconds per cycle.
