1 0.989512
2 0.984410
3 0.982992
4 0.983336
5 0.984036
6 0.983898
7 0.983522
8 0.982550
9 0.981668
10 0.980158
11 0.979008
12 0.977744
13 0.976614
14 0.975226
15 0.974572
16 0.973706
17 0.972816
18 0.972390
19 0.972154
20 0.972410
21 0.972480
22 0.972612
23 0.973102
24 0.973428
25 0.974206
26 0.974450
27 0.975588
28 0.976808
29 0.977476
30 0.978398
31 0.979436
32 0.980640
33 0.982400
34 0.983554
35 0.985350
36 0.986812
37 0.987850
38 0.988718
39 0.990080
40 0.992122
41 0.993796
42 0.994808
43 0.995834
44 0.997110
45 0.998902
46 1.000336
47 1.001554
48 1.003544
49 1.005862
50 1.007886
51 1.009730
52 1.011880
53 1.014692
54 1.016456
55 1.018436
56 1.020632
57 1.022758
58 1.024072
59 1.025318
60 1.027310
61 1.028540
62 1.030446
63 1.032294
64 1.033892
65 1.035736
66 1.037148
67 1.038884
68 1.040998
69 1.042504
70 1.044876
71 1.046514
72 1.048320
73 1.050320
74 1.052428
75 1.054240
76 1.056144
77 1.057482
78 1.059248
79 1.060942
80 1.062696
81 1.064334
82 1.066070
83 1.067718
84 1.068546
85 1.070262
86 1.071746
87 1.073176
88 1.075260
89 1.077006
90 1.078952
91 1.080116
92 1.080808
93 1.082728
94 1.084260
95 1.085558
96 1.086780
97 1.087520
98 1.089116
99 1.090230
100 1.091484
101 1.092852
102 1.094060
103 1.095590
104 1.096630
105 1.098052
106 1.099308
107 1.101520
108 1.101926
109 1.102838
110 1.104304
111 1.105492
112 1.106290
113 1.107224
114 1.108240
115 1.109010
116 1.109766
117 1.110284
118 1.111928
119 1.112664
120 1.114004
121 1.115146
122 1.115944
123 1.116946
124 1.117402
125 1.118798
126 1.119644
127 1.119916
128 1.120784
129 1.121406
130 1.122994
131 1.123782
132 1.124968
133 1.125774
134 1.126498
135 1.127020
136 1.127958
137 1.128878
138 1.129036
139 1.129350
140 1.130534
141 1.132052
142 1.132494
143 1.133766
144 1.134598
145 1.134854
146 1.134706
147 1.134974
148 1.134962
149 1.135174
150 1.135426
151 1.135826
152 1.136550
153 1.136706
154 1.137986
155 1.138786
156 1.139822
157 1.140636
158 1.140826
159 1.141628
160 1.141814
161 1.141996
162 1.142784
163 1.143336
164 1.143742
165 1.143768
166 1.143496
167 1.143864
168 1.143846
169 1.144430
170 1.145518
171 1.146728
172 1.147640
173 1.147734
174 1.148268
175 1.148376
176 1.148482
177 1.148792
178 1.149002
179 1.148866
180 1.149310
181 1.149582
182 1.150170
183 1.149908
184 1.150168
185 1.150674
186 1.151010
187 1.151262
188 1.152182
189 1.152472
190 1.152818
191 1.152886
192 1.153302
193 1.153606
194 1.154480
195 1.154582
196 1.154380
197 1.154320
198 1.154646
199 1.154910
200 1.155448
201 1.155916
202 1.156520
203 1.156202
204 1.156658
205 1.156956
206 1.157610
207 1.157700
208 1.158792
209 1.158782
210 1.159234
211 1.159198
212 1.159094
213 1.159686
214 1.159344
215 1.159032
216 1.160098
217 1.160248
218 1.160928
219 1.161026
220 1.161414
221 1.161586
222 1.162076
223 1.162474
224 1.162354
225 1.163024
226 1.163570
227 1.163806
228 1.163840
229 1.163878
230 1.163678
231 1.164092
232 1.164120
233 1.164046
234 1.164824
235 1.164862
236 1.165818
237 1.165290
238 1.165516
239 1.165344
240 1.165206
241 1.165810
242 1.165928
243 1.166222
244 1.166282
245 1.166902
246 1.166908
247 1.166404
248 1.166650
249 1.166982
250 1.166736
251 1.167318
252 1.167154
253 1.167096
254 1.166894
255 1.167016
256 1.167760
257 1.167814
258 1.168450
259 1.168202
260 1.168084
261 1.168212
262 1.168884
263 1.168526
264 1.168434
265 1.168014
266 1.168558
267 1.169662
268 1.170076
269 1.170456
270 1.170264
271 1.169912
272 1.169972
273 1.169692
274 1.169828
275 1.170254
276 1.169922
277 1.170820
278 1.171008
279 1.170620
280 1.171320
281 1.171706
282 1.171228
283 1.171256
284 1.171376
285 1.171644
286 1.172276
287 1.172558
288 1.172896
289 1.172690
290 1.172320
291 1.172938
292 1.173582
293 1.174100
294 1.174372
295 1.174508
296 1.174442
297 1.174622
298 1.174834
299 1.175038
300 1.174914
301 1.174342
302 1.173640
303 1.173186
304 1.173680
305 1.173080
306 1.173738
307 1.173376
308 1.173398
309 1.173274
310 1.173952
311 1.174388
312 1.174342
313 1.174416
314 1.174946
315 1.174498
316 1.174484
317 1.174416
318 1.174376
319 1.174136
320 1.173758
321 1.173388
322 1.173218
323 1.173486
324 1.173926
325 1.174108
326 1.173494
327 1.173402
328 1.172718
329 1.172960
330 1.172840
331 1.172740
332 1.173080
333 1.173052
334 1.172684
335 1.173088
336 1.172864
337 1.173386
338 1.172848
339 1.173582
340 1.173362
341 1.173622
342 1.174034
343 1.174382
344 1.174784
345 1.174940
346 1.175476
347 1.175974
348 1.175892
349 1.176166
350 1.175872
351 1.176450
352 1.175328
353 1.175486
354 1.175916
355 1.175920
356 1.176408
357 1.176162
358 1.175612
359 1.175628
360 1.175710
361 1.175840
362 1.175706
363 1.175986
364 1.176308
365 1.176818
366 1.176814
367 1.176588
368 1.176492
369 1.177052
370 1.176514
371 1.176042
372 1.175516
373 1.175626
374 1.175656
375 1.176554
376 1.176678
377 1.176512
378 1.176496
379 1.176660
380 1.176144
381 1.176650
382 1.176856
383 1.177216
384 1.177458
385 1.177662
386 1.177446
387 1.178146
388 1.178364
389 1.178686
390 1.178362
391 1.178672
392 1.179176
393 1.179120
394 1.179412
395 1.179220
396 1.179532
397 1.178678
398 1.178788
399 1.179334
400 1.178572
401 1.179062
402 1.179130
403 1.178312
404 1.177652
405 1.177988
406 1.177670
407 1.178298
408 1.178392
409 1.177980
410 1.178234
411 1.178346
412 1.178544
413 1.178626
414 1.178656
415 1.178868
416 1.178374
417 1.178500
418 1.178780
419 1.178990
420 1.178806
421 1.178886
422 1.179104
423 1.178928
424 1.179020
425 1.178664
426 1.178662
427 1.179490
428 1.179380
429 1.179562
430 1.179272
431 1.179332
432 1.179974
433 1.180160
434 1.180262
435 1.180230
436 1.180094
437 1.179572
438 1.179726
439 1.180112
440 1.180032
441 1.179804
442 1.179700
443 1.179678
444 1.180014
445 1.180384
446 1.180678
447 1.180888
448 1.180490
449 1.180454
450 1.180676
451 1.180220
452 1.180460
453 1.179882
454 1.179506
455 1.179370
456 1.179074
457 1.179200
458 1.179792
459 1.179648
460 1.179436
461 1.179240
462 1.179502
463 1.179104
464 1.179210
465 1.179682
466 1.179876
467 1.180188
468 1.179562
469 1.179006
470 1.179152
471 1.179052
472 1.178850
473 1.179260
474 1.179958
475 1.179800
476 1.179638
477 1.179396
478 1.179640
479 1.179684
480 1.179370
481 1.179222
482 1.179144
483 1.179032
484 1.179004
485 1.178696
486 1.178476
487 1.179088
488 1.179010
489 1.179458
490 1.179792
491 1.180540
492 1.180558
493 1.181328
494 1.181112
495 1.181292
496 1.181090
497 1.180736
498 1.181160
499 1.181012
500 1.180756
501 1.180094
502 1.180378
503 1.180380
504 1.180634
505 1.180254
506 1.180668
507 1.181050
508 1.180766
509 1.180410
510 1.180314
511 1.180402
512 1.180340
513 1.180562
514 1.180682
515 1.180486
516 1.181194
517 1.181818
518 1.182132
519 1.182154
520 1.182308
521 1.182404
522 1.181664
523 1.182088
524 1.182424
525 1.182326
526 1.182264
527 1.181920
528 1.181748
529 1.181450
530 1.181654
531 1.181344
532 1.181510
533 1.180968
534 1.181562
535 1.181490
536 1.181166
537 1.180844
538 1.180138
539 1.179426
540 1.179168
541 1.179736
542 1.179480
543 1.179840
544 1.180098
545 1.180018
546 1.180338
547 1.180284
548 1.180758
549 1.180814
550 1.180924
551 1.180230
552 1.180124
553 1.179998
554 1.179908
555 1.179862
556 1.180350
557 1.179574
558 1.179940
559 1.179760
560 1.179656
561 1.179614
562 1.180292
563 1.180198
564 1.180320
565 1.180168
566 1.180078
567 1.179904
568 1.179678
569 1.178920
570 1.178568
571 1.179300
572 1.179242
573 1.179016
574 1.178864
575 1.178764
576 1.179414
577 1.179268
578 1.179102
579 1.178814
580 1.179076
581 1.179072
582 1.179016
583 1.179622
584 1.179940
585 1.179944
586 1.179358
587 1.179508
588 1.179748
589 1.179654
590 1.179874
591 1.179500
592 1.179260
593 1.179488
594 1.179662
595 1.179674
596 1.179700
597 1.179508
598 1.179382
599 1.179156
600 1.179102
601 1.179744
602 1.178768
603 1.178394
604 1.178630
605 1.179016
606 1.178746
607 1.179702
608 1.179594
609 1.179814
610 1.179780
611 1.179448
612 1.179008
613 1.178808
614 1.179028
615 1.178988
616 1.178864
617 1.179318
618 1.179032
619 1.179334
620 1.179728
621 1.180046
622 1.180324
623 1.179582
624 1.180086
625 1.180356
626 1.181104
627 1.180904
628 1.181244
629 1.181260
630 1.181236
631 1.180924
632 1.180420
633 1.180862
634 1.180954
635 1.180398
636 1.180600
637 1.181088
638 1.181026
639 1.181170
640 1.181158
641 1.180964
642 1.181174
643 1.181512
644 1.181592
645 1.181012
646 1.181158
647 1.181508
648 1.181234
649 1.181430
650 1.180982
651 1.181626
652 1.181468
653 1.182168
654 1.182390
655 1.182410
656 1.182276
657 1.181924
658 1.182292
659 1.182760
660 1.182574
661 1.182202
662 1.182168
663 1.181776
664 1.182102
665 1.181706
666 1.181808
667 1.181594
668 1.181422
669 1.181650
670 1.181578
671 1.181380
672 1.181414
673 1.181748
674 1.182400
675 1.182656
676 1.182808
677 1.183292
678 1.183420
679 1.183402
680 1.182666
681 1.182484
682 1.181954
683 1.182214
684 1.182292
685 1.182520
686 1.182788
687 1.182370
688 1.182430
689 1.181964
690 1.182250
691 1.182372
692 1.182172
693 1.182138
694 1.182214
695 1.182630
696 1.182480
697 1.182220
698 1.182384
699 1.181814
700 1.182902
701 1.182950
702 1.183148
703 1.183394
704 1.183286
705 1.183222
706 1.182830
707 1.182196
708 1.181644
709 1.181084
710 1.181304
711 1.181800
712 1.182026
713 1.182518
714 1.182462
715 1.182648
716 1.182368
717 1.182526
718 1.182518
719 1.181730
720 1.182214
721 1.181736
722 1.181748
723 1.181486
724 1.181252
725 1.181698
726 1.181506
727 1.181460
728 1.181236
729 1.182152
730 1.182076
731 1.182084
732 1.182364
733 1.182366
734 1.181900
735 1.181412
736 1.181010
737 1.180658
738 1.180776
739 1.181048
740 1.181572
741 1.182002
742 1.181670
743 1.181560
744 1.181622
745 1.181972
746 1.181834
747 1.182132
748 1.182076
749 1.182308
750 1.182434
751 1.182330
752 1.182748
753 1.182876
754 1.182904
755 1.182924
756 1.182738
757 1.182848
758 1.182786
759 1.183022
760 1.183244
761 1.183364
762 1.183458
763 1.183226
764 1.183212
765 1.182936
766 1.183400
767 1.183656
768 1.184198
769 1.183144
770 1.183584
771 1.182890
772 1.182386
773 1.181990
774 1.182128
775 1.182930
776 1.182864
777 1.182578
778 1.182974
779 1.182980
780 1.183322
781 1.182606
782 1.182470
783 1.181994
784 1.182438
785 1.182682
786 1.182620
787 1.182210
788 1.182130
789 1.182844
790 1.183028
791 1.183406
792 1.184228
793 1.184466
794 1.184638
795 1.184748
796 1.184628
797 1.184436
798 1.184480
799 1.184034
800 1.183640
801 1.183512
802 1.184140
803 1.183868
804 1.184200
805 1.184336
806 1.184492
807 1.184382
808 1.184170
809 1.184490
810 1.183752
811 1.184176
812 1.183764
813 1.183230
814 1.183374
815 1.183170
816 1.182790
817 1.183166
818 1.182732
819 1.183072
820 1.183022
821 1.182408
822 1.182322
823 1.182188
824 1.182716
825 1.182876
826 1.183404
827 1.183390
828 1.183128
829 1.183082
830 1.183314
831 1.183054
832 1.183492
833 1.183514
834 1.183520
835 1.183232
836 1.183934
837 1.184554
838 1.184110
839 1.183618
840 1.183432
841 1.182776
842 1.182374
843 1.182490
844 1.182518
845 1.182606
846 1.182652
847 1.183302
848 1.183326
849 1.182960
850 1.182882
851 1.182498
852 1.182110
853 1.182050
854 1.182066
855 1.182086
856 1.181334
857 1.181504
858 1.181540
859 1.180956
860 1.180964
861 1.180324
862 1.180414
863 1.180080
864 1.180208
865 1.179610
866 1.179758
867 1.179638
868 1.180022
869 1.180186
870 1.180284
871 1.181000
872 1.181544
873 1.181646
874 1.181654
875 1.181124
876 1.181810
877 1.181728
878 1.181598
879 1.181530
880 1.181690
881 1.181204
882 1.181276
883 1.181314
884 1.181086
885 1.180730
886 1.180308
887 1.180070
888 1.180352
889 1.179954
890 1.180100
891 1.180542
892 1.181002
893 1.181458
894 1.181766
895 1.181622
896 1.181512
897 1.181316
898 1.181188
899 1.181002
900 1.180198
901 1.180398
902 1.180302
903 1.180950
904 1.181032
905 1.181984
906 1.182040
907 1.182538
908 1.182852
909 1.183600
910 1.184052
911 1.183916
912 1.183836
913 1.184018
914 1.183564
915 1.183202
916 1.183342
917 1.183516
918 1.182756
919 1.183056
920 1.182954
921 1.182474
922 1.182026
923 1.182094
924 1.182370
925 1.182856
926 1.182944
927 1.182594
928 1.183028
929 1.183056
930 1.183604
931 1.182688
932 1.182328
933 1.182334
934 1.182700
935 1.182780
936 1.182508
937 1.182956
938 1.182956
939 1.182916
940 1.182310
941 1.182170
942 1.181414
943 1.181240
944 1.181798
945 1.181276
946 1.181192
947 1.180846
948 1.181022
949 1.181234
950 1.181090
951 1.181188
952 1.181526
953 1.182160
954 1.182478
955 1.182728
956 1.182746
957 1.183166
958 1.182178
959 1.182082
960 1.181676
961 1.181810
962 1.181330
963 1.181450
964 1.181026
965 1.180712
966 1.180894
967 1.181082
968 1.181492
969 1.181482
970 1.180922
971 1.181398
972 1.181540
973 1.181170
974 1.181028
975 1.180914
976 1.181256
977 1.181236
978 1.181518
979 1.181488
980 1.181166
981 1.181018
982 1.181136
983 1.181204
984 1.180706
985 1.180478
986 1.180804
987 1.181318
988 1.180806
989 1.181450
990 1.181614
991 1.181130
992 1.180686
993 1.181018
994 1.181302
995 1.181774
996 1.181790
997 1.181976
998 1.182210
999 1.182194
1000 1.182188
1001 1.182766
1002 1.182484
1003 1.182324
1004 1.182408
1005 1.182646
1006 1.182596
1007 1.182558
1008 1.181672
1009 1.181964
1010 1.182324
1011 1.182496
1012 1.182344
1013 1.182328
1014 1.182170
1015 1.182532
1016 1.182696
1017 1.183418
1018 1.183134
1019 1.182928
1020 1.182772
1021 1.183150
1022 1.183010
1023 1.183442
1024 1.183212
1025 1.182990
1026 1.182854
1027 1.183006
1028 1.182962
1029 1.182612
1030 1.182170
1031 1.182658
1032 1.182504
1033 1.182808
1034 1.183562
1035 1.184192
1036 1.183436
1037 1.183700
1038 1.183440
1039 1.183380
1040 1.183844
1041 1.184102
1042 1.184280
1043 1.183904
1044 1.183498
1045 1.183256
1046 1.183208
1047 1.183104
1048 1.182090
1049 1.181458
1050 1.181422
1051 1.181602
1052 1.181850
1053 1.180950
1054 1.181222
1055 1.181782
1056 1.181386
1057 1.181718
1058 1.181440
1059 1.181844
1060 1.181666
1061 1.181868
1062 1.181632
1063 1.180726
1064 1.180650
1065 1.180860
1066 1.181240
1067 1.181846
1068 1.181594
1069 1.181408
1070 1.181020
1071 1.181574
1072 1.181494
1073 1.181846
1074 1.181676
1075 1.181548
1076 1.181722
1077 1.181870
1078 1.181866
1079 1.182188
1080 1.182012
1081 1.182194
1082 1.182650
1083 1.182224
1084 1.182358
1085 1.181374
1086 1.180752
1087 1.180666
1088 1.180978
1089 1.181218
1090 1.181128
1091 1.181272
1092 1.181486
1093 1.180906
1094 1.180918
1095 1.180956
1096 1.180870
1097 1.180804
1098 1.180808
1099 1.180798
1100 1.180178
1101 1.180428
1102 1.181638
1103 1.181848
1104 1.182036
1105 1.182336
1106 1.181750
1107 1.181750
1108 1.181444
1109 1.181828
1110 1.181962
1111 1.182022
1112 1.181438
1113 1.181474
1114 1.181902
1115 1.182228
1116 1.182382
1117 1.182160
1118 1.182338
1119 1.182622
1120 1.182690
1121 1.182930
1122 1.183044
1123 1.182896
1124 1.182850
1125 1.182882
1126 1.182882
1127 1.182912
1128 1.182688
1129 1.182412
1130 1.181872
1131 1.181954
1132 1.181814
1133 1.181924
1134 1.182486
1135 1.182866
1136 1.182848
1137 1.183192
1138 1.183452
1139 1.183734
1140 1.183550
1141 1.184178
1142 1.183614
1143 1.183058
1144 1.183122
1145 1.182924
1146 1.182598
1147 1.183352
1148 1.183116
1149 1.182776
1150 1.182424
1151 1.182268
1152 1.182818
1153 1.182566
1154 1.182634
1155 1.182972
1156 1.183054
1157 1.182748
1158 1.182808
1159 1.182800
1160 1.183352
1161 1.183396
1162 1.183722
1163 1.183712
1164 1.183094
1165 1.183310
1166 1.182932
1167 1.182198
1168 1.182282
1169 1.181996
1170 1.181738
1171 1.182228
1172 1.182104
1173 1.182668
1174 1.182714
1175 1.182482
1176 1.182514
1177 1.183288
1178 1.183140
1179 1.183140
1180 1.182844
1181 1.182688
1182 1.182916
1183 1.183474
1184 1.183802
1185 1.184224
1186 1.183900
1187 1.183698
1188 1.183398
1189 1.183732
1190 1.183662
1191 1.183392
1192 1.183566
1193 1.182954
1194 1.183458
1195 1.183254
1196 1.183194
1197 1.183172
1198 1.183566
1199 1.183530
1200 1.182850
1201 1.183086
1202 1.182796
1203 1.182926
1204 1.182622
1205 1.182132
1206 1.182338
1207 1.182028
1208 1.181848
1209 1.182630
1210 1.183080
1211 1.183422
1212 1.183492
1213 1.183258
1214 1.182966
1215 1.183136
1216 1.182500
1217 1.182710
1218 1.182692
1219 1.182680
1220 1.183476
1221 1.183626
1222 1.183518
1223 1.183708
1224 1.183496
1225 1.184122
1226 1.184118
1227 1.183758
1228 1.182912
1229 1.183084
1230 1.183040
1231 1.182748
1232 1.182628
1233 1.182634
1234 1.183200
1235 1.182704
1236 1.182994
1237 1.183276
1238 1.183192
1239 1.183322
1240 1.183098
1241 1.183294
1242 1.182708
1243 1.182162
1244 1.182130
1245 1.182270
1246 1.182300
1247 1.181898
1248 1.181442
1249 1.181084
1250 1.181284
1251 1.180396
1252 1.180590
1253 1.180838
1254 1.180640
1255 1.180866
1256 1.181084
1257 1.181208
1258 1.181004
1259 1.181452
1260 1.181734
1261 1.181266
1262 1.181236
1263 1.180910
1264 1.180938
1265 1.180594
1266 1.180672
1267 1.180426
1268 1.181332
1269 1.181126
1270 1.181110
1271 1.181030
1272 1.180772
1273 1.180854
1274 1.181260
1275 1.181684
1276 1.181972
1277 1.181828
1278 1.182292
1279 1.182416
1280 1.182272
1281 1.182292
1282 1.182276
1283 1.182382
1284 1.182086
1285 1.182086
1286 1.181862
1287 1.182266
1288 1.182408
1289 1.182344
1290 1.181820
1291 1.181612
1292 1.181632
1293 1.182118
1294 1.182280
1295 1.182808
1296 1.182412
1297 1.182214
1298 1.183378
1299 1.183980
1300 1.184084
1301 1.184396
1302 1.184150
1303 1.184196
1304 1.184728
1305 1.184570
1306 1.184184
1307 1.183982
1308 1.184176
1309 1.184000
1310 1.183606
1311 1.183540
1312 1.183252
1313 1.183144
1314 1.182792
1315 1.182262
1316 1.182640
1317 1.182642
1318 1.182538
1319 1.182020
1320 1.181826
1321 1.181866
1322 1.182034
1323 1.181896
1324 1.182170
1325 1.182466
1326 1.182476
1327 1.182542
1328 1.182450
1329 1.182416
1330 1.182082
1331 1.182172
1332 1.182756
1333 1.182236
1334 1.182200
1335 1.182518
1336 1.182838
1337 1.182572
1338 1.182908
1339 1.182902
1340 1.183358
1341 1.183890
1342 1.184626
1343 1.184696
1344 1.185034
1345 1.185492
1346 1.185516
1347 1.186090
1348 1.186114
1349 1.185908
1350 1.185606
1351 1.185956
1352 1.185262
1353 1.185318
1354 1.185804
1355 1.185516
1356 1.184776
1357 1.184656
1358 1.184388
1359 1.184048
1360 1.184138
1361 1.184266
1362 1.184080
1363 1.184178
1364 1.184652
1365 1.184892
1366 1.185332
1367 1.185010
1368 1.185038
1369 1.185000
1370 1.184956
1371 1.184722
1372 1.184950
1373 1.185314
1374 1.184950
1375 1.184640
1376 1.184956
1377 1.184558
1378 1.184298
1379 1.183776
1380 1.184058
1381 1.184144
1382 1.183458
1383 1.183000
1384 1.182904
1385 1.182820
1386 1.182750
1387 1.182198
1388 1.181752
1389 1.182280
1390 1.182092
1391 1.181908
1392 1.181958
1393 1.181906
1394 1.182182
1395 1.182398
1396 1.182540
1397 1.182760
1398 1.182874
1399 1.182780
1400 1.182980
1401 1.182800
1402 1.182546
1403 1.183232
1404 1.183144
1405 1.183346
1406 1.183706
1407 1.183324
1408 1.183070
1409 1.182794
1410 1.182622
1411 1.182072
1412 1.182562
1413 1.182604
1414 1.182284
1415 1.182672
1416 1.183310
1417 1.183284
1418 1.183632
1419 1.183528
1420 1.182650
1421 1.182788
1422 1.182720
1423 1.182710
1424 1.182608
1425 1.182642
1426 1.182206
1427 1.181750
1428 1.181238
1429 1.180616
1430 1.180424
1431 1.180640
1432 1.180352
1433 1.180542
1434 1.180526
1435 1.181048
1436 1.181628
1437 1.181768
1438 1.181276
1439 1.181890
1440 1.181954
1441 1.182064
1442 1.181444
1443 1.181124
1444 1.181396
1445 1.180974
1446 1.180838
1447 1.180798
1448 1.181018
1449 1.180814
1450 1.180724
1451 1.180204
1452 1.180484
1453 1.180744
1454 1.180682
1455 1.180956
1456 1.181100
1457 1.181616
1458 1.181222
1459 1.180998
1460 1.181052
1461 1.180900
1462 1.181194
1463 1.181464
1464 1.181612
1465 1.182696
1466 1.182322
1467 1.183016
1468 1.182394
1469 1.182534
1470 1.182778
1471 1.182550
1472 1.183038
1473 1.183126
1474 1.182644
1475 1.182288
1476 1.181690
1477 1.181820
1478 1.181728
1479 1.181234
1480 1.181946
1481 1.181646
1482 1.181860
1483 1.180978
1484 1.180950
1485 1.180842
1486 1.181040
1487 1.181024
1488 1.181498
1489 1.181666
1490 1.181720
1491 1.181134
1492 1.180798
1493 1.180346
1494 1.181436
1495 1.181946
1496 1.181860
1497 1.181962
1498 1.182438
1499 1.182332
1500 1.181726
1501 1.181294
1502 1.181708
1503 1.182128
1504 1.182842
1505 1.182830
1506 1.182684
1507 1.183276
1508 1.183238
1509 1.182954
1510 1.183454
1511 1.183418
1512 1.182898
1513 1.183084
1514 1.183350
1515 1.182804
1516 1.182856
1517 1.182864
1518 1.182426
1519 1.182524
1520 1.182530
1521 1.182888
1522 1.183134
1523 1.182978
1524 1.182136
1525 1.182280
1526 1.182402
1527 1.182314
1528 1.182698
1529 1.182490
1530 1.181622
1531 1.182344
1532 1.182322
1533 1.181956
1534 1.181502
1535 1.181468
1536 1.181372
1537 1.180942
1538 1.180896
1539 1.181642
1540 1.182472
1541 1.182658
1542 1.182924
1543 1.182528
1544 1.182428
1545 1.182164
1546 1.182312
1547 1.182066
1548 1.182254
1549 1.182114
1550 1.181398
1551 1.182104
1552 1.182432
1553 1.181728
1554 1.181676
1555 1.181326
1556 1.181326
1557 1.181212
1558 1.180660
1559 1.181062
1560 1.180652
1561 1.180716
1562 1.180480
1563 1.180286
1564 1.180094
1565 1.179870
1566 1.179502
1567 1.179032
1568 1.178732
1569 1.178784
1570 1.179420
1571 1.179370
1572 1.179972
1573 1.179778
1574 1.179442
1575 1.179298
1576 1.178934
1577 1.179096
1578 1.178642
1579 1.179180
1580 1.179108
1581 1.178868
1582 1.179236
1583 1.179522
1584 1.179374
1585 1.179492
1586 1.179456
1587 1.179712
1588 1.179736
1589 1.180260
1590 1.180832
1591 1.181324
1592 1.181280
1593 1.181780
1594 1.181494
1595 1.181546
1596 1.180860
1597 1.181138
1598 1.181306
1599 1.181642
1600 1.181850
1601 1.182424
1602 1.182608
1603 1.182860
1604 1.182864
1605 1.183112
1606 1.183818
1607 1.183832
1608 1.183180
1609 1.183048
1610 1.182794
1611 1.182634
1612 1.182426
1613 1.182322
1614 1.181506
1615 1.181528
1616 1.181392
1617 1.181206
1618 1.180626
1619 1.180676
1620 1.180680
1621 1.180700
1622 1.180746
1623 1.180980
1624 1.181568
1625 1.181782
1626 1.181794
1627 1.182196
1628 1.182230
1629 1.181988
1630 1.182062
1631 1.181828
1632 1.181964
1633 1.182004
1634 1.181868
1635 1.181952
1636 1.182080
1637 1.182046
1638 1.181716
1639 1.182022
1640 1.182290
1641 1.182414
1642 1.182744
1643 1.182404
1644 1.182596
1645 1.182384
1646 1.182898
1647 1.182988
1648 1.183492
1649 1.182728
1650 1.182798
1651 1.182272
1652 1.181824
1653 1.181466
1654 1.181734
1655 1.181766
1656 1.181916
1657 1.181724
1658 1.181036
1659 1.180874
1660 1.181150
1661 1.180708
1662 1.181138
1663 1.181342
1664 1.180734
1665 1.180718
1666 1.180876
1667 1.180574
1668 1.180224
1669 1.180818
1670 1.180914
1671 1.181274
1672 1.181816
1673 1.181888
1674 1.181856
1675 1.181582
1676 1.180976
1677 1.180752
1678 1.180996
1679 1.180978
1680 1.180580
1681 1.180540
1682 1.180654
1683 1.181082
1684 1.181232
1685 1.181166
1686 1.181500
1687 1.181288
1688 1.181516
1689 1.181614
1690 1.181494
1691 1.181884
1692 1.181600
1693 1.181224
1694 1.181264
1695 1.181466
1696 1.181888
1697 1.182374
1698 1.182848
1699 1.182942
1700 1.183544
1701 1.183720
1702 1.183876
1703 1.183750
1704 1.183400
1705 1.183288
1706 1.183298
1707 1.183352
1708 1.183566
1709 1.183168
1710 1.183148
1711 1.182538
1712 1.182116
1713 1.182090
1714 1.181752
1715 1.181946
1716 1.182218
1717 1.181818
1718 1.181604
1719 1.181878
1720 1.181902
1721 1.182084
1722 1.182074
1723 1.182148
1724 1.181768
1725 1.181738
1726 1.181566
1727 1.181910
1728 1.182230
1729 1.181932
1730 1.181588
1731 1.181324
1732 1.181502
1733 1.181880
1734 1.181790
1735 1.181926
1736 1.182100
1737 1.182104
1738 1.182428
1739 1.182458
1740 1.182118
1741 1.181612
1742 1.181666
1743 1.181620
1744 1.181782
1745 1.181436
1746 1.181550
1747 1.181160
1748 1.181172
1749 1.181114
1750 1.181188
1751 1.180842
1752 1.180768
1753 1.180572
1754 1.180964
1755 1.180656
1756 1.180002
1757 1.180176
1758 1.180664
1759 1.180706
1760 1.180948
1761 1.181478
1762 1.181140
1763 1.182000
1764 1.181778
1765 1.181508
1766 1.181084
1767 1.181254
1768 1.181112
1769 1.180808
1770 1.179844
1771 1.180252
1772 1.180114
1773 1.179804
1774 1.180360
1775 1.180548
1776 1.181136
1777 1.181748
1778 1.181608
1779 1.181784
1780 1.182438
1781 1.181620
1782 1.181756
1783 1.181782
1784 1.181786
1785 1.181870
1786 1.181812
1787 1.181702
1788 1.181734
1789 1.181976
1790 1.181076
1791 1.181274
1792 1.181012
1793 1.180328
1794 1.180318
1795 1.180484
1796 1.181132
1797 1.181152
1798 1.180980
1799 1.181398
1800 1.181280
1801 1.181990
1802 1.181606
1803 1.182176
1804 1.181790
1805 1.181892
1806 1.181956
1807 1.181438
1808 1.181498
1809 1.181802
1810 1.182124
1811 1.182536
1812 1.182522
1813 1.182444
1814 1.182320
1815 1.182466
1816 1.182638
1817 1.182618
1818 1.182384
1819 1.182072
1820 1.181678
1821 1.181890
1822 1.182200
1823 1.182192
1824 1.182280
1825 1.182634
1826 1.183364
1827 1.182954
1828 1.182936
1829 1.182388
1830 1.183088
1831 1.183232
1832 1.183416
1833 1.183862
1834 1.184068
1835 1.184192
1836 1.184706
1837 1.184996
1838 1.184772
1839 1.184660
1840 1.184450
1841 1.184352
1842 1.184032
1843 1.184208
1844 1.184408
1845 1.184552
1846 1.184358
1847 1.184190
1848 1.184674
1849 1.185116
1850 1.185626
1851 1.185790
1852 1.186174
1853 1.186204
1854 1.185952
1855 1.185138
1856 1.185220
1857 1.184784
1858 1.184320
1859 1.184522
1860 1.184726
1861 1.184664
1862 1.184318
1863 1.184082
1864 1.184196
1865 1.184508
1866 1.184602
1867 1.184762
1868 1.184484
1869 1.184690
1870 1.185298
1871 1.184508
1872 1.184116
1873 1.184348
1874 1.184714
1875 1.184924
1876 1.184628
1877 1.184424
1878 1.184904
1879 1.184948
1880 1.185042
1881 1.185946
1882 1.185904
1883 1.185782
1884 1.185256
1885 1.185568
1886 1.185920
1887 1.185738
1888 1.185472
1889 1.185020
1890 1.184940
1891 1.184332
1892 1.184198
1893 1.184336
1894 1.184144
1895 1.184054
1896 1.184614
1897 1.184468
1898 1.184216
1899 1.184684
1900 1.185042
1901 1.183884
1902 1.183578
1903 1.183294
1904 1.183420
1905 1.183930
1906 1.183764
1907 1.183662
1908 1.183170
1909 1.183302
1910 1.183294
1911 1.183160
1912 1.183268
1913 1.183388
1914 1.182746
1915 1.182888
1916 1.182374
1917 1.183060
1918 1.183316
1919 1.183438
1920 1.183500
1921 1.184060
1922 1.183582
1923 1.183760
1924 1.183714
1925 1.183468
1926 1.183912
1927 1.183716
1928 1.183748
1929 1.183908
1930 1.183728
1931 1.183462
1932 1.183956
1933 1.183938
1934 1.183990
1935 1.184542
1936 1.184320
1937 1.184392
1938 1.184852
1939 1.184896
1940 1.184814
1941 1.185200
1942 1.184938
1943 1.183880
1944 1.183462
1945 1.184370
1946 1.183884
1947 1.183268
1948 1.183292
1949 1.184134
1950 1.184224
1951 1.184482
1952 1.184702
1953 1.184576
1954 1.184692
1955 1.184638
1956 1.184582
1957 1.184334
1958 1.184296
1959 1.183902
1960 1.184350
1961 1.184334
1962 1.183992
1963 1.184056
1964 1.184120
1965 1.183746
1966 1.184274
1967 1.185390
1968 1.185340
1969 1.184774
1970 1.184582
1971 1.184950
1972 1.184908
1973 1.184778
1974 1.184772
1975 1.184706
1976 1.184704
1977 1.184012
1978 1.183942
1979 1.184666
1980 1.184608
1981 1.183966
1982 1.184164
1983 1.183382
1984 1.183408
1985 1.183372
1986 1.183878
1987 1.184254
1988 1.183994
1989 1.183976
1990 1.183922
1991 1.183892
1992 1.183478
1993 1.183494
1994 1.183306
1995 1.183254
1996 1.182978
1997 1.183194
1998 1.183192
1999 1.183040
2000 1.183016
2001 1.183258
2002 1.182976
2003 1.183202
2004 1.183006
2005 1.182956
2006 1.183422
2007 1.182890
2008 1.182848
2009 1.182772
2010 1.182560
2011 1.182370
2012 1.182514
2013 1.182220
2014 1.182366
2015 1.182734
2016 1.182344
2017 1.182052
2018 1.182216
2019 1.182232
2020 1.182208
2021 1.182340
2022 1.183114
2023 1.183504
2024 1.183400
2025 1.184072
2026 1.184206
2027 1.184486
2028 1.183566
2029 1.183384
2030 1.182718
2031 1.183470
2032 1.182966
2033 1.182970
2034 1.183014
2035 1.182200
2036 1.181668
2037 1.181464
2038 1.181386
2039 1.181406
2040 1.181398
2041 1.181482
2042 1.181112
2043 1.181116
2044 1.180936
2045 1.180248
2046 1.180486
2047 1.181106
2048 1.181138
2049 1.180992
2050 1.181304
2051 1.180470
2052 1.180976
2053 1.181120
2054 1.181778
2055 1.181898
2056 1.182250
2057 1.182478
2058 1.182496
2059 1.182534
2060 1.182394
2061 1.182458
2062 1.182548
2063 1.182288
2064 1.182920
2065 1.183422
2066 1.183662
2067 1.183426
2068 1.182380
2069 1.181788
2070 1.181954
2071 1.181582
2072 1.182058
2073 1.182636
2074 1.182082
2075 1.181592
2076 1.182080
2077 1.182066
2078 1.182070
2079 1.181670
2080 1.181374
2081 1.181388
2082 1.181648
2083 1.182140
2084 1.181548
2085 1.181240
2086 1.180956
2087 1.180638
2088 1.181516
2089 1.181736
2090 1.181886
2091 1.181500
2092 1.181962
2093 1.182140
2094 1.182256
2095 1.182498
2096 1.182438
2097 1.182766
2098 1.182226
2099 1.182398
2100 1.182076
2101 1.181576
2102 1.181702
2103 1.181594
2104 1.181990
2105 1.181824
2106 1.182322
2107 1.182224
2108 1.182420
2109 1.182574
2110 1.182618
2111 1.182306
2112 1.181224
2113 1.181250
2114 1.180994
2115 1.181032
2116 1.181246
2117 1.181032
2118 1.181192
2119 1.181008
2120 1.180986
2121 1.181102
2122 1.181222
2123 1.180996
2124 1.181310
2125 1.180862
2126 1.180576
2127 1.181262
2128 1.181296
2129 1.181964
2130 1.181544
2131 1.181904
2132 1.182016
2133 1.182250
2134 1.182366
2135 1.182674
2136 1.183230
2137 1.183410
2138 1.183370
2139 1.183624
2140 1.183180
2141 1.183258
2142 1.182960
2143 1.182688
2144 1.182274
2145 1.181730
2146 1.182508
2147 1.182182
2148 1.182268
2149 1.181654
2150 1.182354
2151 1.182168
2152 1.182986
2153 1.182422
2154 1.182672
2155 1.182728
2156 1.182614
2157 1.182900
2158 1.182660
2159 1.182926
2160 1.183710
2161 1.184344
2162 1.183994
2163 1.184024
2164 1.183710
2165 1.183702
2166 1.183718
2167 1.183360
2168 1.183498
2169 1.183250
2170 1.183078
2171 1.183034
2172 1.183236
2173 1.183286
2174 1.183188
2175 1.183556
2176 1.182910
2177 1.182918
2178 1.183346
2179 1.182590
2180 1.182878
2181 1.182446
2182 1.182732
2183 1.183328
2184 1.183312
2185 1.183280
2186 1.182626
2187 1.182778
2188 1.182678
2189 1.182574
2190 1.182368
2191 1.182576
2192 1.182354
2193 1.181630
2194 1.181886
2195 1.182288
2196 1.182398
2197 1.182188
2198 1.182836
2199 1.183224
2200 1.182912
2201 1.183334
2202 1.182364
2203 1.182304
2204 1.182148
2205 1.182622
2206 1.182962
2207 1.183750
2208 1.183252
2209 1.182948
2210 1.183422
2211 1.183354
2212 1.183484
2213 1.183784
2214 1.183876
2215 1.183546
2216 1.183016
2217 1.183032
2218 1.183238
2219 1.183922
2220 1.183900
2221 1.183892
2222 1.183630
2223 1.183574
2224 1.182928
2225 1.183254
2226 1.182928
2227 1.182870
2228 1.183214
2229 1.183164
2230 1.183548
2231 1.183648
2232 1.183402
2233 1.183296
2234 1.183270
2235 1.182508
2236 1.182628
2237 1.182602
2238 1.182172
2239 1.182552
2240 1.183184
2241 1.183740
2242 1.184474
2243 1.183922
2244 1.183820
2245 1.183500
2246 1.184244
2247 1.183978
2248 1.184034
2249 1.184732
2250 1.184550
2251 1.185016
2252 1.184776
2253 1.184400
2254 1.184460
2255 1.183854
2256 1.183282
2257 1.182980
2258 1.182978
2259 1.181756
2260 1.181702
2261 1.181714
2262 1.181236
2263 1.181044
2264 1.181166
2265 1.181148
2266 1.181512
2267 1.181492
2268 1.181158
2269 1.181470
2270 1.181376
2271 1.181198
2272 1.181100
2273 1.180798
2274 1.181170
2275 1.181140
2276 1.181820
2277 1.182364
2278 1.182032
2279 1.182146
2280 1.182182
2281 1.181678
2282 1.181088
2283 1.180750
2284 1.181062
2285 1.181040
2286 1.181092
2287 1.180728
2288 1.180920
2289 1.181050
2290 1.180710
2291 1.181012
2292 1.180836
2293 1.181168
2294 1.180500
2295 1.180038
2296 1.180782
2297 1.180870
2298 1.181316
2299 1.181616
2300 1.181416
2301 1.181336
2302 1.181254
2303 1.181892
2304 1.181892
2305 1.181766
2306 1.181220
2307 1.181310
2308 1.181244
2309 1.181044
2310 1.181380
2311 1.181408
2312 1.181686
2313 1.181630
2314 1.181534
2315 1.181592
2316 1.181256
2317 1.181526
2318 1.181446
2319 1.181470
2320 1.181664
2321 1.181150
2322 1.181042
2323 1.181356
2324 1.181890
2325 1.181828
2326 1.182032
2327 1.181450
2328 1.181092
2329 1.181208
2330 1.180934
2331 1.181000
2332 1.181066
2333 1.181080
2334 1.180636
2335 1.180800
2336 1.180556
2337 1.180870
2338 1.180990
2339 1.181068
2340 1.180876
2341 1.180828
2342 1.181204
2343 1.181382
2344 1.181388
2345 1.181190
2346 1.181466
2347 1.182104
2348 1.182298
2349 1.182256
2350 1.181180
2351 1.181586
2352 1.181212
2353 1.181042
2354 1.181098
2355 1.181384
2356 1.181922
2357 1.182018
2358 1.181884
2359 1.182072
2360 1.181928
2361 1.181822
2362 1.181582
2363 1.181528
2364 1.181188
2365 1.181246
2366 1.181138
2367 1.180496
2368 1.180570
2369 1.180672
2370 1.180120
2371 1.180062
2372 1.180726
2373 1.180720
2374 1.180770
2375 1.180132
2376 1.180968
2377 1.180758
2378 1.180690
2379 1.180360
2380 1.180772
2381 1.180922
2382 1.181638
2383 1.181410
2384 1.181730
2385 1.181366
2386 1.180986
2387 1.180802
2388 1.181210
2389 1.181016
2390 1.181018
2391 1.181374
2392 1.181294
2393 1.181924
2394 1.182558
2395 1.182502
2396 1.182284
2397 1.181948
2398 1.182444
2399 1.182542
2400 1.182468
2401 1.182256
2402 1.182926
2403 1.183130
2404 1.182382
2405 1.182170
2406 1.182296
2407 1.182134
2408 1.182556
2409 1.182724
2410 1.182732
2411 1.182436
2412 1.182122
2413 1.182170
2414 1.182484
2415 1.182460
2416 1.182002
2417 1.181634
2418 1.181278
2419 1.180728
2420 1.180566
2421 1.180786
2422 1.180372
2423 1.180276
2424 1.179904
2425 1.180478
2426 1.181076
2427 1.180962
2428 1.180956
2429 1.180816
2430 1.181016
2431 1.181582
2432 1.181894
2433 1.182270
2434 1.182202
2435 1.182244
2436 1.181824
2437 1.181486
2438 1.181232
2439 1.181050
2440 1.181378
2441 1.181500
2442 1.180960
2443 1.180788
2444 1.181258
2445 1.181434
2446 1.181174
2447 1.181038
2448 1.181316
2449 1.180586
2450 1.179962
2451 1.179560
2452 1.179740
2453 1.179798
2454 1.180326
2455 1.180498
2456 1.180702
2457 1.180860
2458 1.180888
2459 1.180074
2460 1.180676
2461 1.180982
2462 1.180592
2463 1.180762
2464 1.181400
2465 1.181656
2466 1.182082
2467 1.182198
2468 1.182472
2469 1.182120
2470 1.182234
2471 1.181976
2472 1.181980
2473 1.182298
2474 1.182198
2475 1.181836
2476 1.181922
2477 1.181748
2478 1.181816
2479 1.181964
2480 1.181450
2481 1.181846
2482 1.182276
2483 1.181796
2484 1.182152
2485 1.182638
2486 1.182720
2487 1.182904
2488 1.182436
2489 1.181788
2490 1.182422
2491 1.182322
2492 1.182072
2493 1.181740
2494 1.181768
2495 1.181686
2496 1.181382
2497 1.181766
2498 1.181982
2499 1.181710
2500 1.181060
2501 1.181778


Active cycles: 1000
k_mean: 1.182278
k_stddev(cycle): 0.001341
k_stderr(mean): 0.000042
