1 1.209168
2 1.074766
3 1.108358
4 1.127923
5 1.141285
6 1.154172
7 1.158962
8 1.160195
9 1.165306
10 1.175183
11 1.172217
12 1.171329
13 1.177197
14 1.174601
15 1.173945
16 1.174999
17 1.180604
18 1.177974
19 1.177120
20 1.182308
21 1.182837
22 1.179920
23 1.176523
24 1.177037
25 1.180017
26 1.179930
27 1.178488
28 1.183725
29 1.181265
30 1.181240
31 1.181740
32 1.183211
33 1.180231
34 1.182284
35 1.180959
36 1.184623
37 1.178843
38 1.178547
39 1.181517
40 1.179789
41 1.179187
42 1.176586
43 1.179629
44 1.179275
45 1.180901
46 1.177717
47 1.181813
48 1.181425
49 1.183541
50 1.180566
51 1.177678
52 1.184264
53 1.181813
54 1.180333
55 1.178813
56 1.182726
57 1.179585
58 1.184725
59 1.185424
60 1.182119
61 1.177882
62 1.180503
63 1.181012
64 1.177552
65 1.180706
66 1.183196
67 1.183298
68 1.184036
69 1.184580
70 1.184148
71 1.182099
72 1.183890
73 1.182425
74 1.183866
75 1.184254
76 1.182929
77 1.179051
78 1.181066
79 1.182730
80 1.181828
81 1.181177
82 1.183279
83 1.183973
84 1.181119
85 1.184463
86 1.177212
87 1.184376
88 1.188788
89 1.181434
90 1.180401
91 1.182590
92 1.181070
93 1.183361
94 1.181857
95 1.184502
96 1.176120
97 1.180881
98 1.183376
99 1.184779
100 1.181527
101 1.179857
102 1.182167
103 1.181240
104 1.179993
105 1.182192
106 1.184885
107 1.184560
108 1.184094
109 1.183114
110 1.182104
111 1.183711
112 1.185579
113 1.180304
114 1.184012
115 1.185118
116 1.185109
117 1.182609
118 1.180537
119 1.181061
120 1.186890
121 1.182148
122 1.181483
123 1.183449
124 1.184250
125 1.180197
126 1.183191
127 1.188715
128 1.180619
129 1.183866
130 1.186516
131 1.184691
132 1.182124
133 1.186094
134 1.185031
135 1.185109
136 1.181760
137 1.182099
138 1.185264
139 1.181590
140 1.181381
141 1.186079
142 1.180308
143 1.179789
144 1.185356
145 1.183716
146 1.179993
147 1.183148
148 1.184614
149 1.183754
150 1.181677
151 1.184308
152 1.182328
153 1.183031
154 1.183458
155 1.183046
156 1.186497
157 1.181939
158 1.180852
159 1.181255
160 1.182172
161 1.181692
162 1.181527
163 1.180197
164 1.182298
165 1.186099
166 1.186240
167 1.182366
168 1.182376
169 1.182667
170 1.179901
171 1.185832
172 1.184182
173 1.180391
174 1.183371
175 1.184842
176 1.181735
177 1.184293
178 1.188666
179 1.182172
180 1.183565
181 1.183085
182 1.180638
183 1.185943
184 1.183002
185 1.183041
186 1.182051
187 1.184201
188 1.183075
189 1.183225
190 1.180498
191 1.184487
192 1.179935
193 1.182468
194 1.185060
195 1.183997
196 1.182755
197 1.187312
198 1.182590
199 1.185710
200 1.182226
201 1.181100
202 1.183813
203 1.186104
204 1.182789
205 1.184264
206 1.182730
207 1.183289
208 1.182599
209 1.184672
210 1.185147
211 1.187074
212 1.184604
213 1.181070
214 1.185366
215 1.183653
216 1.177178
217 1.183007
218 1.180614
219 1.182876
220 1.184905
221 1.181570
222 1.182109
223 1.188623
224 1.183701
225 1.183822
226 1.187152
227 1.183759
228 1.182211
229 1.183376
230 1.184541
231 1.179265
232 1.183128
233 1.184351
234 1.181900
235 1.182619
236 1.179042
237 1.182425
238 1.183153
239 1.183463
240 1.182148
241 1.179153
242 1.183822
243 1.180896
244 1.178731
245 1.178221
246 1.183599
247 1.184779
248 1.182973
249 1.182963
250 1.185473
251 1.184094
252 1.181226
253 1.187409
254 1.181740
255 1.186065
256 1.180308
257 1.183395
258 1.183386
259 1.181366
260 1.180338
261 1.184555
262 1.184245
263 1.181837
264 1.186021
265 1.183604
266 1.181803
267 1.184424
268 1.186832
269 1.180905
270 1.185215
271 1.181337
272 1.181211
273 1.180100
274 1.178129
275 1.181158
276 1.185021
277 1.182968
278 1.182895
279 1.185157
280 1.184055
281 1.179571
282 1.182638
283 1.180624
284 1.182318
285 1.181551
286 1.185769
287 1.183983
288 1.185089
289 1.184026
290 1.186735
291 1.180100
292 1.181934
293 1.181308
294 1.185322
295 1.179750
296 1.185356
297 1.186147
298 1.181143
299 1.184536
300 1.186070
301 1.185269
302 1.181376
303 1.181192
304 1.184439
305 1.177173
306 1.179828
307 1.185696
308 1.181090
309 1.186667
310 1.183837
311 1.189855
312 1.182706
313 1.187201
314 1.183788
315 1.182148
316 1.182847
317 1.180867
318 1.184225
319 1.185584
320 1.180153
321 1.179318
322 1.184419
323 1.184992
324 1.180197
325 1.185196
326 1.185511
327 1.184298
328 1.179862
329 1.181818
330 1.180648
331 1.180046
332 1.180148
333 1.186904
334 1.182818
335 1.183201
336 1.182517
337 1.181405
338 1.182366
339 1.185123
340 1.183706
341 1.182580
342 1.181585
343 1.184584
344 1.186099
345 1.185118
346 1.184973
347 1.181269
348 1.179673
349 1.183968
350 1.185021
351 1.184133
352 1.184424
353 1.184216
354 1.181813
355 1.181362
356 1.181114
357 1.179862
358 1.183842
359 1.182206
360 1.180221
361 1.180386
362 1.182459
363 1.182905
364 1.183463
365 1.181939
366 1.185570
367 1.184885
368 1.182095
369 1.187196
370 1.180420
371 1.185259
372 1.185667
373 1.184929
374 1.182444
375 1.181284
376 1.179707
377 1.180240
378 1.178896
379 1.182250
380 1.181167
381 1.183284
382 1.185012
383 1.177988
384 1.180629
385 1.181842
386 1.185827
387 1.183366
388 1.181580
389 1.184148
390 1.185788
391 1.184706
392 1.183473
393 1.182148
394 1.181002
395 1.182570
396 1.187366
397 1.183250
398 1.182764
399 1.185652
400 1.181667
401 1.185667
402 1.184565
403 1.183512
404 1.184584
405 1.183395
406 1.185662
407 1.184046
408 1.181910
409 1.179474
410 1.182677
411 1.185322
412 1.188006
413 1.183910
414 1.183983
415 1.182803
416 1.183847
417 1.183187
418 1.181745
419 1.185448
420 1.181420
421 1.187074
422 1.189176
423 1.185254
424 1.184317
425 1.184643
426 1.189142
427 1.183056
428 1.183992
429 1.180007
430 1.181493
431 1.184119
432 1.183881
433 1.180799
434 1.183565
435 1.179367
436 1.180833
437 1.185065
438 1.184109
439 1.181386
440 1.181400
441 1.180954
442 1.185599
443 1.183017
444 1.183915
445 1.181760
446 1.180803
447 1.182954
448 1.183041
449 1.182138
450 1.186749
451 1.187259
452 1.180993
453 1.186725
454 1.182696
455 1.183420
456 1.179857
457 1.178823
458 1.181323
459 1.182405
460 1.184036
461 1.186254
462 1.186016
463 1.183201
464 1.179202
465 1.183119
466 1.184094
467 1.184313
468 1.186560
469 1.185118
470 1.186788
471 1.182939
472 1.184230
473 1.186269
474 1.179736
475 1.184827
476 1.179648
477 1.185283
478 1.187472
479 1.180367
480 1.180328
481 1.183832
482 1.183250
483 1.182667
484 1.183308
485 1.180944
486 1.184483
487 1.184109
488 1.183133
489 1.182007
490 1.185240
491 1.181017
492 1.182235
493 1.183803
494 1.185570
495 1.183944
496 1.184434
497 1.181638
498 1.183793
499 1.179391
500 1.184905
501 1.186628
502 1.185594
503 1.182716
504 1.187565
505 1.182793
506 1.181342
507 1.184390
508 1.186783
509 1.184046
510 1.180896
511 1.186196
512 1.188516
513 1.180464
514 1.182017
515 1.183051
516 1.182036
517 1.177454
518 1.183813
519 1.182289
520 1.179974
521 1.182085
522 1.181871
523 1.184667
524 1.184691
525 1.183575
526 1.179998
527 1.181599
528 1.186788
529 1.185191
530 1.184405
531 1.185837
532 1.181876
533 1.182536
534 1.183279
535 1.181313
536 1.183022
537 1.181993
538 1.185914
539 1.180915
540 1.184356
541 1.181527
542 1.181328
543 1.182347
544 1.179639
545 1.182614
546 1.185012
547 1.187759
548 1.185128
549 1.179037
550 1.183104
551 1.181434
552 1.183847
553 1.183638
554 1.180590
555 1.182667
556 1.181808
557 1.182687
558 1.181784
559 1.179629
560 1.181764
561 1.181997
562 1.185473
563 1.184643
564 1.184021
565 1.183390
566 1.182284
567 1.181177
568 1.180891
569 1.184497
570 1.179396
571 1.180711
572 1.181716
573 1.186511
574 1.181750
575 1.180328
576 1.186759
577 1.184172
578 1.183463
579 1.183483
580 1.187652
581 1.185157
582 1.186235
583 1.183206
584 1.181760
585 1.179721
586 1.183094
587 1.187239
588 1.183245
589 1.183240
590 1.181376
591 1.186375
592 1.179265
593 1.181900
594 1.183323
595 1.181347
596 1.187409
597 1.184390
598 1.181002
599 1.179042
600 1.184881
601 1.182046


Active cycles: 100
k_mean: 1.183048
k_stddev(cycle): 0.002298
k_stderr(mean): 0.000230
Reactivity(rho): 0.154725, Per Cent error compared to reference: 0.054441
Total Time: 1056.213988seconds. Average: 1.757428 seconds per cycle.
