1 0.989512
2 0.984772
3 0.983136
4 0.983434
5 0.983870
6 0.983718
7 0.983558
8 0.982530
9 0.981314
10 0.980102
11 0.979334
12 0.978192
13 0.976828
14 0.975526
15 0.974840
16 0.974046
17 0.973258
18 0.972548
19 0.972554
20 0.972584
21 0.972428
22 0.972880
23 0.973170
24 0.974024
25 0.974380
26 0.974690
27 0.974694
28 0.975600
29 0.976964
30 0.977482
31 0.979090
32 0.980224
33 0.981502
34 0.982722
35 0.983918
36 0.985250
37 0.986470
38 0.987642
39 0.989368
40 0.989946
41 0.991426
42 0.992650
43 0.994612
44 0.997140
45 0.998736
46 1.000968
47 1.003000
48 1.004736
49 1.005712
50 1.007558
51 1.009276
52 1.011114
53 1.012602
54 1.014348
55 1.016200
56 1.017814
57 1.019814
58 1.021614
59 1.024040
60 1.025680
61 1.027812
62 1.029720
63 1.031518
64 1.033442
65 1.035062
66 1.036908
67 1.038582
68 1.040274
69 1.041922
70 1.043976
71 1.046190
72 1.048112
73 1.049120
74 1.051158
75 1.053158
76 1.053872
77 1.055202
78 1.056924
79 1.058546
80 1.060618
81 1.062256
82 1.063782
83 1.065562
84 1.067162
85 1.069072
86 1.070490
87 1.071998
88 1.073788
89 1.074740
90 1.075776
91 1.077990
92 1.079052
93 1.080868
94 1.082216
95 1.083612
96 1.084560
97 1.085556
98 1.087170
99 1.088954
100 1.090974
101 1.092698
102 1.093664
103 1.095110
104 1.096486
105 1.097678
106 1.098848
107 1.099972
108 1.101078
109 1.101958
110 1.102938
111 1.104770
112 1.106418
113 1.107192
114 1.108174
115 1.109586
116 1.110606
117 1.111472
118 1.112540
119 1.113326
120 1.114214
121 1.115506
122 1.116174
123 1.117080
124 1.117930
125 1.118448
126 1.119688
127 1.120430
128 1.121526
129 1.122390
130 1.123172
131 1.124684
132 1.124976
133 1.125518
134 1.125644
135 1.126558
136 1.127450
137 1.128192
138 1.128568
139 1.129460
140 1.130158
141 1.130284
142 1.131422
143 1.132866
144 1.133836
145 1.134332
146 1.135490
147 1.135408
148 1.135802
149 1.136514
150 1.137630
151 1.138086
152 1.138826
153 1.139996
154 1.140350
155 1.140570
156 1.140908
157 1.141692
158 1.141308
159 1.142106
160 1.143212
161 1.143392
162 1.144264
163 1.144866
164 1.145352
165 1.145734
166 1.146178
167 1.145770
168 1.146702
169 1.147144
170 1.147762
171 1.147902
172 1.147926
173 1.148400
174 1.148870
175 1.149012
176 1.149360
177 1.150104
178 1.150914
179 1.150394
180 1.150432
181 1.150684
182 1.151266
183 1.151598
184 1.152078
185 1.152168
186 1.152430
187 1.152310
188 1.152278
189 1.152878
190 1.153398
191 1.153768
192 1.154676
193 1.155812
194 1.156694
195 1.156492
196 1.156826
197 1.156796
198 1.157030
199 1.156906
200 1.157218
201 1.157114
202 1.157800
203 1.158120
204 1.158084
205 1.158252
206 1.158590
207 1.158748
208 1.159094
209 1.159200
210 1.159348
211 1.159006
212 1.159596
213 1.159780
214 1.160606
215 1.160788
216 1.160380
217 1.160304
218 1.159984
219 1.159916
220 1.159942
221 1.160190
222 1.159766
223 1.160468
224 1.160662
225 1.160658
226 1.161314
227 1.161060
228 1.160824
229 1.161464
230 1.161576
231 1.161660
232 1.161856
233 1.162282
234 1.162308
235 1.162810
236 1.162862
237 1.163628
238 1.164350
239 1.164964
240 1.165152
241 1.165476
242 1.166424
243 1.167222
244 1.167308
245 1.166798
246 1.166304
247 1.166508
248 1.167364
249 1.167556
250 1.167238
251 1.167618
252 1.167436
253 1.167124
254 1.167862
255 1.168190
256 1.168672
257 1.168470
258 1.168088
259 1.168186
260 1.168092
261 1.168054
262 1.167978
263 1.168524
264 1.168760
265 1.168836
266 1.169468
267 1.169360
268 1.169510
269 1.169526
270 1.169512
271 1.169098
272 1.169204
273 1.169390
274 1.169862
275 1.169774
276 1.169574
277 1.169770
278 1.169762
279 1.169908
280 1.169708
281 1.169864
282 1.169788
283 1.170016
284 1.170378
285 1.170750
286 1.171030
287 1.171220
288 1.171276
289 1.171542
290 1.171518
291 1.171252
292 1.171648
293 1.171244
294 1.171118
295 1.171504
296 1.171598
297 1.172174
298 1.171582
299 1.171806
300 1.171780
301 1.171480
302 1.171498
303 1.171626
304 1.171952
305 1.172216
306 1.172446
307 1.172906
308 1.173026
309 1.172698
310 1.172290
311 1.171340
312 1.171112
313 1.171310
314 1.170856
315 1.170896
316 1.170730
317 1.171292
318 1.171474
319 1.171874
320 1.171982
321 1.172626
322 1.172820
323 1.172474
324 1.172970
325 1.172802
326 1.172852
327 1.173480
328 1.174168
329 1.174506
330 1.173988
331 1.174066
332 1.174062
333 1.174138
334 1.174154
335 1.174154
336 1.174408
337 1.174528
338 1.174316
339 1.174414
340 1.175004
341 1.174582
342 1.174664
343 1.175208
344 1.175430
345 1.175634
346 1.175710
347 1.175520
348 1.176068
349 1.176228
350 1.176294
351 1.175920
352 1.175784
353 1.176404
354 1.176118
355 1.176086
356 1.175638
357 1.175690
358 1.175922
359 1.176134
360 1.176474
361 1.176110
362 1.176428
363 1.177056
364 1.177022
365 1.177108
366 1.177460
367 1.177636
368 1.178472
369 1.178710
370 1.179302
371 1.178910
372 1.179136
373 1.179374
374 1.179512
375 1.179650
376 1.179408
377 1.179390
378 1.179696
379 1.179522
380 1.179176
381 1.179068
382 1.179502
383 1.180066
384 1.179192
385 1.179430
386 1.179368
387 1.179052
388 1.179492
389 1.180156
390 1.180186
391 1.179900
392 1.180078
393 1.180340
394 1.179894
395 1.179600
396 1.179848
397 1.179618
398 1.180016
399 1.181032
400 1.180698
401 1.181088
402 1.180866
403 1.181178
404 1.181264
405 1.181292
406 1.181118
407 1.180652
408 1.180870
409 1.181216
410 1.181678
411 1.181636
412 1.181696
413 1.181766
414 1.181480
415 1.181600
416 1.180840
417 1.180508
418 1.180406
419 1.180662
420 1.180622
421 1.180472
422 1.180760
423 1.180310
424 1.179792
425 1.179970
426 1.179500
427 1.179646
428 1.179812
429 1.179976
430 1.180088
431 1.180622
432 1.180376
433 1.180168
434 1.179866
435 1.179456
436 1.179310
437 1.179220
438 1.180220
439 1.180428
440 1.180166
441 1.179964
442 1.180160
443 1.179762
444 1.180260
445 1.180308
446 1.180208
447 1.179878
448 1.179872
449 1.179604
450 1.179800
451 1.179898
452 1.180486
453 1.180308
454 1.180070
455 1.180100
456 1.179888
457 1.179906
458 1.180166
459 1.179872
460 1.179322
461 1.179450
462 1.179568
463 1.179482
464 1.179962
465 1.179832
466 1.180170
467 1.179784
468 1.179330
469 1.178328
470 1.178340
471 1.178150
472 1.178204
473 1.178272
474 1.179230
475 1.178982
476 1.180144
477 1.180282
478 1.179904
479 1.179900
480 1.180870
481 1.181242
482 1.181004
483 1.181272
484 1.181478
485 1.181620
486 1.181842
487 1.181332
488 1.180608
489 1.180124
490 1.180398
491 1.180250
492 1.180492
493 1.180852
494 1.180868
495 1.180174
496 1.180678
497 1.180512
498 1.180232
499 1.180778
500 1.181654
501 1.182138
502 1.182048
503 1.181532
504 1.181372
505 1.181396
506 1.181182
507 1.181564
508 1.182126
509 1.182274
510 1.182242
511 1.181872
512 1.182354
513 1.181844
514 1.181296
515 1.180650
516 1.179878
517 1.180062
518 1.179912
519 1.180014
520 1.180460
521 1.180526
522 1.180846
523 1.180576
524 1.180872
525 1.180838
526 1.180744
527 1.180914
528 1.180668
529 1.180578
530 1.180520
531 1.180806
532 1.180556
533 1.180990
534 1.180926
535 1.180704
536 1.181038
537 1.181142
538 1.180886
539 1.180832
540 1.180974
541 1.181598
542 1.181078
543 1.181596
544 1.182248
545 1.182406
546 1.182342
547 1.182430
548 1.182156
549 1.181378
550 1.181308
551 1.180898
552 1.181228
553 1.181304
554 1.181416
555 1.181794
556 1.181630
557 1.181846
558 1.181892
559 1.181994
560 1.182980
561 1.183402
562 1.182952
563 1.182876
564 1.182578
565 1.182252
566 1.182470
567 1.182456
568 1.183008
569 1.183924
570 1.183348
571 1.183228
572 1.183260
573 1.182786
574 1.183504
575 1.183634
576 1.183864
577 1.183432
578 1.183380
579 1.183104
580 1.182888
581 1.183138
582 1.183254
583 1.182378
584 1.181684
585 1.181694
586 1.182240
587 1.182166
588 1.182200
589 1.181426
590 1.181124
591 1.181540
592 1.181834
593 1.181728
594 1.181518
595 1.181358
596 1.181466
597 1.180896
598 1.181082
599 1.181216
600 1.180504
601 1.180048
602 1.180462
603 1.180204
604 1.179758
605 1.180360
606 1.180592
607 1.181112
608 1.181422
609 1.180912
610 1.181116
611 1.181338
612 1.181412
613 1.181504
614 1.181250
615 1.181808
616 1.181928
617 1.181892
618 1.181968
619 1.181656
620 1.181462
621 1.181326
622 1.181148
623 1.180872
624 1.181182
625 1.181298
626 1.180620
627 1.180934
628 1.180560
629 1.180634
630 1.180340
631 1.180132
632 1.180026
633 1.180060
634 1.180110
635 1.179978
636 1.179936
637 1.179630
638 1.179452
639 1.179318
640 1.179342
641 1.179158
642 1.179466
643 1.179604
644 1.179302
645 1.179784
646 1.179872
647 1.179182
648 1.178754
649 1.177728
650 1.177468
651 1.176864
652 1.176748
653 1.177158
654 1.177134
655 1.177294
656 1.177392
657 1.177788
658 1.178578
659 1.178756
660 1.179126
661 1.178756
662 1.178976
663 1.179912
664 1.179700
665 1.179410
666 1.179874
667 1.180014
668 1.179936
669 1.179484
670 1.179678
671 1.179984
672 1.180522
673 1.180402
674 1.180000
675 1.179318
676 1.179264
677 1.179812
678 1.179912
679 1.180168
680 1.180348
681 1.180724
682 1.180624
683 1.180638
684 1.180062
685 1.180318
686 1.180252
687 1.180374
688 1.180536
689 1.181018
690 1.180218
691 1.180750
692 1.180828
693 1.180654
694 1.180818
695 1.181268
696 1.181286
697 1.181180
698 1.181416
699 1.181656
700 1.182074
701 1.181792
702 1.182682
703 1.182312
704 1.182122
705 1.181968
706 1.182738
707 1.183284
708 1.182842
709 1.182724
710 1.182236
711 1.182156
712 1.181546
713 1.181784
714 1.182452
715 1.182360
716 1.181376
717 1.181538
718 1.181716
719 1.181946
720 1.181716
721 1.182286
722 1.182566
723 1.182814
724 1.183054
725 1.182936
726 1.183008
727 1.182006
728 1.181190
729 1.181236
730 1.181664
731 1.181506
732 1.181746
733 1.181728
734 1.182678
735 1.182596
736 1.183050
737 1.183074
738 1.182860
739 1.183164
740 1.183430
741 1.183840
742 1.184196
743 1.184332
744 1.184138
745 1.184354
746 1.184646
747 1.184608
748 1.184752
749 1.184722
750 1.184856
751 1.184360
752 1.184318
753 1.183600
754 1.183342
755 1.183182
756 1.182984
757 1.182192
758 1.182042
759 1.182032
760 1.181804
761 1.181376
762 1.180824
763 1.180844
764 1.181414
765 1.181066
766 1.181250
767 1.181282
768 1.180856
769 1.180910
770 1.180466
771 1.180948
772 1.181234
773 1.181350
774 1.181574
775 1.181398
776 1.181302
777 1.181854
778 1.181486
779 1.180946
780 1.180882
781 1.180812
782 1.180536
783 1.180144
784 1.179762
785 1.179778
786 1.179214
787 1.178510
788 1.178712
789 1.179158
790 1.179752
791 1.181024
792 1.181022
793 1.181154
794 1.181470
795 1.181280
796 1.181154
797 1.180590
798 1.180354
799 1.179772
800 1.179902
801 1.179776
802 1.179656
803 1.179976
804 1.180240
805 1.179626
806 1.179108
807 1.179090
808 1.178688
809 1.178874
810 1.178806
811 1.178950
812 1.179214
813 1.180048
814 1.179712
815 1.179566
816 1.179858
817 1.179840
818 1.180312
819 1.181164
820 1.181194
821 1.181102
822 1.181154
823 1.180992
824 1.180744
825 1.180886
826 1.181492
827 1.181638
828 1.182296
829 1.181594
830 1.181886
831 1.182006
832 1.181512
833 1.181410
834 1.181676
835 1.181684
836 1.182514
837 1.182804
838 1.183178
839 1.183088
840 1.183226
841 1.183696
842 1.183682
843 1.182392
844 1.181758
845 1.181734
846 1.181650
847 1.182018
848 1.181832
849 1.181390
850 1.180914
851 1.180980
852 1.181190
853 1.181850
854 1.182140
855 1.182070
856 1.180768
857 1.180096
858 1.180170
859 1.180056
860 1.179974
861 1.180618
862 1.180952
863 1.180418
864 1.180450
865 1.180418
866 1.181240
867 1.180842
868 1.180896
869 1.181504
870 1.182242
871 1.182308
872 1.182942
873 1.182200
874 1.181952
875 1.182136
876 1.182180
877 1.182456
878 1.182136
879 1.181918
880 1.181564
881 1.181374
882 1.181152
883 1.180838
884 1.180716
885 1.181006
886 1.181030
887 1.180496
888 1.180142
889 1.179968
890 1.179800
891 1.180270
892 1.180764
893 1.180780
894 1.180402
895 1.180158
896 1.180568
897 1.180644
898 1.180946
899 1.181072
900 1.181762
901 1.181698
902 1.181510
903 1.181672
904 1.181592
905 1.181492
906 1.181640
907 1.181542
908 1.181304
909 1.180952
910 1.180830
911 1.180688
912 1.180326
913 1.180168
914 1.180616
915 1.180608
916 1.181128
917 1.181646
918 1.181648
919 1.181880
920 1.181850
921 1.181858
922 1.181940
923 1.182102
924 1.182026
925 1.181826
926 1.182650
927 1.182254
928 1.181814
929 1.181432
930 1.181188
931 1.180960
932 1.180678
933 1.180436
934 1.180406
935 1.180036
936 1.180138
937 1.180232
938 1.180614
939 1.180646
940 1.181406
941 1.182184
942 1.181952
943 1.182128
944 1.182214
945 1.181648
946 1.181800
947 1.182174
948 1.181808
949 1.181884
950 1.182244
951 1.182144
952 1.182564
953 1.182610
954 1.182332
955 1.181772
956 1.181888
957 1.181668
958 1.181278
959 1.181956
960 1.181984
961 1.181842
962 1.181822
963 1.181364
964 1.181078
965 1.181550
966 1.180812
967 1.180798
968 1.180462
969 1.180800
970 1.180838
971 1.181276
972 1.181340
973 1.181408
974 1.182040
975 1.181772
976 1.181946
977 1.181768
978 1.181538
979 1.181768
980 1.181900
981 1.182206
982 1.181658
983 1.181508
984 1.181246
985 1.180872
986 1.180596
987 1.181008
988 1.180616
989 1.180356
990 1.180570
991 1.180406
992 1.180106
993 1.180708
994 1.180750
995 1.181786
996 1.182300
997 1.182414
998 1.182318
999 1.182412
1000 1.182412
1001 1.182378
1002 1.182364
1003 1.182578
1004 1.183152
1005 1.183078
1006 1.183018
1007 1.182178
1008 1.181844
1009 1.181060
1010 1.180772
1011 1.180920
1012 1.180946
1013 1.181368
1014 1.181518
1015 1.181574
1016 1.181528
1017 1.182494
1018 1.182682
1019 1.182184
1020 1.182668
1021 1.182294
1022 1.182220
1023 1.182330
1024 1.182304
1025 1.182068
1026 1.182366
1027 1.182028
1028 1.182018
1029 1.182206
1030 1.181774
1031 1.182274
1032 1.181876
1033 1.182134
1034 1.181550
1035 1.181628
1036 1.181098
1037 1.180922
1038 1.180964
1039 1.180722
1040 1.180604
1041 1.179958
1042 1.180566
1043 1.180234
1044 1.180038
1045 1.179714
1046 1.180008
1047 1.180034
1048 1.180808
1049 1.181108
1050 1.181326
1051 1.181558
1052 1.181722
1053 1.181424
1054 1.181824
1055 1.181378
1056 1.181794
1057 1.181620
1058 1.181098
1059 1.181330
1060 1.181578
1061 1.181982
1062 1.181528
1063 1.181696
1064 1.181914
1065 1.180790
1066 1.181018
1067 1.181020
1068 1.180722
1069 1.180850
1070 1.180676
1071 1.180558
1072 1.180630
1073 1.180650
1074 1.180266
1075 1.180518
1076 1.180806
1077 1.181310
1078 1.181976
1079 1.182192
1080 1.182734
1081 1.182986
1082 1.182870
1083 1.183244
1084 1.183500
1085 1.183468
1086 1.183374
1087 1.183514
1088 1.184012
1089 1.184214
1090 1.183880
1091 1.183632
1092 1.183592
1093 1.183250
1094 1.183466
1095 1.182926
1096 1.183478
1097 1.183480
1098 1.183140
1099 1.183204
1100 1.183630
1101 1.183300
1102 1.183416
1103 1.183076
1104 1.182944
1105 1.182940
1106 1.183246
1107 1.183154
1108 1.182782
1109 1.183126
1110 1.183328
1111 1.183084
1112 1.183124
1113 1.182728
1114 1.182392
1115 1.182332
1116 1.182826
1117 1.182122
1118 1.182660
1119 1.182222
1120 1.182280
1121 1.181802
1122 1.182392
1123 1.182700
1124 1.183200
1125 1.182750
1126 1.182186
1127 1.181898
1128 1.181816
1129 1.181286
1130 1.182092
1131 1.182090
1132 1.181840
1133 1.181756
1134 1.181928
1135 1.181398
1136 1.180568
1137 1.180626
1138 1.181154
1139 1.181238
1140 1.181516
1141 1.181718
1142 1.181882
1143 1.182026
1144 1.181908
1145 1.182238
1146 1.181554
1147 1.180848
1148 1.180240
1149 1.179710
1150 1.179456
1151 1.179624
1152 1.179402
1153 1.180038
1154 1.180780
1155 1.180850
1156 1.180928
1157 1.180732
1158 1.181374
1159 1.181670
1160 1.181416
1161 1.181936
1162 1.182196
1163 1.181384
1164 1.181694
1165 1.181138
1166 1.181624
1167 1.181814
1168 1.181428
1169 1.180416
1170 1.180836
1171 1.180696
1172 1.181062
1173 1.180478
1174 1.180494
1175 1.180276
1176 1.180010
1177 1.180400
1178 1.181034
1179 1.180530
1180 1.180138
1181 1.180326
1182 1.180628
1183 1.180618
1184 1.180780
1185 1.180584
1186 1.180876
1187 1.180734
1188 1.180846
1189 1.181446
1190 1.181142
1191 1.180650
1192 1.180914
1193 1.180408
1194 1.180194
1195 1.179864
1196 1.178896
1197 1.179730
1198 1.179876
1199 1.179730
1200 1.179882
1201 1.179714
1202 1.179748
1203 1.179710
1204 1.179522
1205 1.179766
1206 1.180050
1207 1.180262
1208 1.180174
1209 1.180060
1210 1.180180
1211 1.180480
1212 1.180638
1213 1.180480
1214 1.180744
1215 1.180888
1216 1.180756
1217 1.180474
1218 1.180976
1219 1.180978
1220 1.180728
1221 1.180936
1222 1.180904
1223 1.181100
1224 1.181264
1225 1.181198
1226 1.181050
1227 1.180772
1228 1.180836
1229 1.181394
1230 1.181510
1231 1.181108
1232 1.181388
1233 1.181342
1234 1.181552
1235 1.181318
1236 1.181538
1237 1.181974
1238 1.181792
1239 1.182516
1240 1.182934
1241 1.182748
1242 1.183348
1243 1.183394
1244 1.183628
1245 1.183590
1246 1.183812
1247 1.183498
1248 1.183092
1249 1.182948
1250 1.182228
1251 1.182344
1252 1.181846
1253 1.181940
1254 1.182376
1255 1.181886
1256 1.181800
1257 1.182350
1258 1.182286
1259 1.183322
1260 1.183072
1261 1.183468
1262 1.182942
1263 1.183208
1264 1.183544
1265 1.183894
1266 1.183530
1267 1.183934
1268 1.183734
1269 1.183542
1270 1.184116
1271 1.183392
1272 1.183534
1273 1.183086
1274 1.183480
1275 1.183142
1276 1.182818
1277 1.183218
1278 1.183130
1279 1.182894
1280 1.182876
1281 1.182458
1282 1.182058
1283 1.181726
1284 1.181354
1285 1.181564
1286 1.181302
1287 1.181604
1288 1.181488
1289 1.181100
1290 1.180754
1291 1.181300
1292 1.182068
1293 1.181666
1294 1.181172
1295 1.180836
1296 1.180514
1297 1.180826
1298 1.180748
1299 1.180624
1300 1.179998
1301 1.180606
1302 1.180876
1303 1.181170
1304 1.180486
1305 1.180306
1306 1.180946
1307 1.181274
1308 1.181278
1309 1.180998
1310 1.180768
1311 1.181016
1312 1.181108
1313 1.180852
1314 1.180578
1315 1.180530
1316 1.179932
1317 1.179706
1318 1.179648
1319 1.179828
1320 1.179814
1321 1.179894
1322 1.180080
1323 1.180460
1324 1.180396
1325 1.180552
1326 1.181022
1327 1.181750
1328 1.181890
1329 1.180952
1330 1.181242
1331 1.180750
1332 1.180268
1333 1.179906
1334 1.179834
1335 1.179820
1336 1.179532
1337 1.179630
1338 1.179942
1339 1.180218
1340 1.180416
1341 1.180378
1342 1.179842
1343 1.179758
1344 1.179792
1345 1.180494
1346 1.180880
1347 1.180422
1348 1.180274
1349 1.180752
1350 1.181208
1351 1.181872
1352 1.182026
1353 1.182542
1354 1.181748
1355 1.182740
1356 1.182660
1357 1.182724
1358 1.182466
1359 1.182022
1360 1.181934
1361 1.182064
1362 1.182306
1363 1.182048
1364 1.182392
1365 1.182384
1366 1.182054
1367 1.181592
1368 1.181476
1369 1.181822
1370 1.181498
1371 1.180852
1372 1.181074
1373 1.181566
1374 1.181206
1375 1.180944
1376 1.181086
1377 1.179988
1378 1.179962
1379 1.179974
1380 1.180166
1381 1.180296
1382 1.180668
1383 1.180260
1384 1.180600
1385 1.180498
1386 1.180586
1387 1.181062
1388 1.181350
1389 1.181172
1390 1.181430
1391 1.181174
1392 1.180780
1393 1.180904
1394 1.180534
1395 1.180902
1396 1.181126
1397 1.181476
1398 1.181736
1399 1.182028
1400 1.182180
1401 1.181948
1402 1.181306
1403 1.181212
1404 1.181056
1405 1.181268
1406 1.181662
1407 1.181354
1408 1.181270
1409 1.181478
1410 1.181626
1411 1.181616
1412 1.181978
1413 1.182076
1414 1.182326
1415 1.182258
1416 1.182356
1417 1.182128
1418 1.182046
1419 1.182198
1420 1.181870
1421 1.182386
1422 1.182284
1423 1.182504
1424 1.182034
1425 1.181362
1426 1.181422
1427 1.181430
1428 1.181198
1429 1.180952
1430 1.180794
1431 1.180430
1432 1.180950
1433 1.180954
1434 1.180386
1435 1.180176
1436 1.180072
1437 1.180022
1438 1.180202
1439 1.180496
1440 1.180938
1441 1.180662
1442 1.181160
1443 1.181032
1444 1.180784
1445 1.181158
1446 1.180986
1447 1.180960
1448 1.180934
1449 1.180830
1450 1.180918
1451 1.181192
1452 1.181292
1453 1.181946
1454 1.182506
1455 1.182930
1456 1.183564
1457 1.183130
1458 1.183178
1459 1.182874
1460 1.182800
1461 1.183232
1462 1.183054
1463 1.182890
1464 1.183190
1465 1.183054
1466 1.182892
1467 1.183792
1468 1.183972
1469 1.183902
1470 1.183832
1471 1.183496
1472 1.184012
1473 1.183928
1474 1.183444
1475 1.182526
1476 1.181850
1477 1.181560
1478 1.181754
1479 1.182036
1480 1.181602
1481 1.182080
1482 1.182764
1483 1.182366
1484 1.182254
1485 1.182742
1486 1.182478
1487 1.182636
1488 1.181946
1489 1.182322
1490 1.182066
1491 1.182064
1492 1.182060
1493 1.181524
1494 1.181396
1495 1.181982
1496 1.182042
1497 1.181542
1498 1.182110
1499 1.182420
1500 1.182454
1501 1.182880
1502 1.182806
1503 1.183146
1504 1.183266
1505 1.182740
1506 1.183294
1507 1.182810
1508 1.182936
1509 1.183234
1510 1.183686
1511 1.183814
1512 1.184022
1513 1.183770
1514 1.184192
1515 1.184602
1516 1.184728
1517 1.184838
1518 1.184574
1519 1.184418
1520 1.183370
1521 1.182978
1522 1.182862
1523 1.182906
1524 1.182704
1525 1.182922
1526 1.182652
1527 1.182840
1528 1.182444
1529 1.182136
1530 1.181550
1531 1.182084
1532 1.181684
1533 1.181698
1534 1.182072
1535 1.182120
1536 1.182664
1537 1.181968
1538 1.182718
1539 1.182616
1540 1.183152
1541 1.183302
1542 1.184098
1543 1.183662
1544 1.183466
1545 1.184042
1546 1.184262
1547 1.184396
1548 1.184258
1549 1.183754
1550 1.183184
1551 1.183320
1552 1.183752
1553 1.184160
1554 1.183896
1555 1.183752
1556 1.183608
1557 1.184100
1558 1.183676
1559 1.183946
1560 1.183928
1561 1.183150
1562 1.183046
1563 1.182850
1564 1.182626
1565 1.182566
1566 1.182756
1567 1.182826
1568 1.182774
1569 1.183048
1570 1.183406
1571 1.183172
1572 1.184190
1573 1.184014
1574 1.183618
1575 1.183408
1576 1.183232
1577 1.182700
1578 1.182298
1579 1.182382
1580 1.183050
1581 1.182986
1582 1.182652
1583 1.182304
1584 1.182300
1585 1.182862
1586 1.182582
1587 1.182380
1588 1.182470
1589 1.181850
1590 1.181794
1591 1.182394
1592 1.182718
1593 1.183328
1594 1.183258
1595 1.183514
1596 1.183580
1597 1.183554
1598 1.183452
1599 1.183704
1600 1.183884
1601 1.183544
1602 1.183166
1603 1.183040
1604 1.182814
1605 1.182590
1606 1.182294
1607 1.182600
1608 1.182534
1609 1.182422
1610 1.182206
1611 1.182264
1612 1.182572
1613 1.182752
1614 1.182128
1615 1.181934
1616 1.182056
1617 1.181868
1618 1.182356
1619 1.182398
1620 1.181720
1621 1.181566
1622 1.181396
1623 1.181360
1624 1.181348
1625 1.181358
1626 1.181616
1627 1.182062
1628 1.181796
1629 1.181514
1630 1.181824
1631 1.181914
1632 1.182204
1633 1.182562
1634 1.182804
1635 1.182774
1636 1.183088
1637 1.182634
1638 1.182760
1639 1.182572
1640 1.183254
1641 1.183296
1642 1.183360
1643 1.183726
1644 1.183592
1645 1.183520
1646 1.184222
1647 1.184762
1648 1.184482
1649 1.184728
1650 1.184484
1651 1.184534
1652 1.184906
1653 1.184886
1654 1.184258
1655 1.184434
1656 1.184632
1657 1.184660
1658 1.184536
1659 1.184328
1660 1.184562
1661 1.184486
1662 1.183954
1663 1.183968
1664 1.184104
1665 1.184838
1666 1.184860
1667 1.184936
1668 1.185100
1669 1.185266
1670 1.184918
1671 1.185132
1672 1.184650
1673 1.184988
1674 1.184884
1675 1.185700
1676 1.185188
1677 1.185202
1678 1.185362
1679 1.184884
1680 1.185144
1681 1.184964
1682 1.185034
1683 1.184590
1684 1.184878
1685 1.184062
1686 1.183634
1687 1.183368
1688 1.183806
1689 1.183846
1690 1.183992
1691 1.183672
1692 1.183924
1693 1.184754
1694 1.184582
1695 1.184120
1696 1.183528
1697 1.184092
1698 1.184294
1699 1.183494
1700 1.182804
1701 1.183198
1702 1.182868
1703 1.183078
1704 1.182874
1705 1.182764
1706 1.183110
1707 1.183046
1708 1.183104
1709 1.182872
1710 1.182688
1711 1.182730
1712 1.182594
1713 1.183340
1714 1.183724
1715 1.183030
1716 1.182986
1717 1.182628
1718 1.182416
1719 1.182218
1720 1.181950
1721 1.182314
1722 1.182236
1723 1.182114
1724 1.182448
1725 1.182724
1726 1.182120
1727 1.182168
1728 1.181186
1729 1.180652
1730 1.180888
1731 1.181318
1732 1.181520
1733 1.181490
1734 1.181340
1735 1.181892
1736 1.182102
1737 1.182458
1738 1.182080
1739 1.182578
1740 1.182346
1741 1.182886
1742 1.182850
1743 1.182726
1744 1.182830
1745 1.182722
1746 1.182412
1747 1.182518
1748 1.182676
1749 1.182544
1750 1.182518
1751 1.182618
1752 1.182708
1753 1.182308
1754 1.182404
1755 1.182538
1756 1.182058
1757 1.182702
1758 1.183138
1759 1.183198
1760 1.183428
1761 1.182498
1762 1.182214
1763 1.181818
1764 1.182026
1765 1.181878
1766 1.181254
1767 1.180764
1768 1.180356
1769 1.180664
1770 1.180658
1771 1.181056
1772 1.181408
1773 1.181542
1774 1.181694
1775 1.181208
1776 1.180668
1777 1.180978
1778 1.181284
1779 1.181534
1780 1.181464
1781 1.181768
1782 1.181878
1783 1.181940
1784 1.181222
1785 1.180410
1786 1.181006
1787 1.180968
1788 1.181018
1789 1.180136
1790 1.180298
1791 1.180614
1792 1.181396
1793 1.180820
1794 1.180748
1795 1.180268
1796 1.179718
1797 1.179502
1798 1.179474
1799 1.179422
1800 1.179148
1801 1.179650
1802 1.179294
1803 1.180066
1804 1.180300
1805 1.180098
1806 1.180126
1807 1.180636
1808 1.180990
1809 1.181458
1810 1.181966
1811 1.182004
1812 1.181820
1813 1.181922
1814 1.181900
1815 1.182368
1816 1.182290
1817 1.182780
1818 1.182952
1819 1.183232
1820 1.183426
1821 1.183140
1822 1.183244
1823 1.183034
1824 1.182744
1825 1.182352
1826 1.181870
1827 1.183092
1828 1.183336
1829 1.183420
1830 1.183250
1831 1.183504
1832 1.183176
1833 1.183186
1834 1.182730
1835 1.182614
1836 1.182394
1837 1.181308
1838 1.181396
1839 1.180964
1840 1.181196
1841 1.181484
1842 1.181520
1843 1.182140
1844 1.181930
1845 1.181924
1846 1.181718
1847 1.182482
1848 1.182502
1849 1.182296
1850 1.182118
1851 1.181816
1852 1.182200
1853 1.182144
1854 1.182098
1855 1.181468
1856 1.181560
1857 1.182022
1858 1.181820
1859 1.181684
1860 1.181192
1861 1.181266
1862 1.181726
1863 1.182674
1864 1.182208
1865 1.182254
1866 1.182100
1867 1.182552
1868 1.182516
1869 1.182818
1870 1.183148
1871 1.182788
1872 1.182226
1873 1.182182
1874 1.181932
1875 1.181842
1876 1.182162
1877 1.181856
1878 1.182024
1879 1.182386
1880 1.182400
1881 1.182440
1882 1.182540
1883 1.182232
1884 1.181490
1885 1.180996
1886 1.180824
1887 1.181080
1888 1.181472
1889 1.181456
1890 1.181668
1891 1.181718
1892 1.181620
1893 1.181422
1894 1.181618
1895 1.181338
1896 1.180866
1897 1.180930
1898 1.181554
1899 1.182062
1900 1.182018
1901 1.182034
1902 1.182222
1903 1.181756
1904 1.181182
1905 1.181544
1906 1.181506
1907 1.181306
1908 1.181240
1909 1.181570
1910 1.182168
1911 1.182150
1912 1.181504
1913 1.181954
1914 1.181818
1915 1.181890
1916 1.182142
1917 1.181958
1918 1.181664
1919 1.181366
1920 1.181280
1921 1.181646
1922 1.181186
1923 1.181506
1924 1.181414
1925 1.181856
1926 1.181774
1927 1.182198
1928 1.182338
1929 1.182124
1930 1.182180
1931 1.182546
1932 1.182470
1933 1.183112
1934 1.184042
1935 1.183750
1936 1.184090
1937 1.183808
1938 1.184014
1939 1.184330
1940 1.184986
1941 1.184930
1942 1.184818
1943 1.184252
1944 1.183978
1945 1.184346
1946 1.184018
1947 1.184414
1948 1.184892
1949 1.185192
1950 1.185434
1951 1.185306
1952 1.184750
1953 1.184606
1954 1.185466
1955 1.185848
1956 1.185234
1957 1.184754
1958 1.184416
1959 1.184726
1960 1.185076
1961 1.185354
1962 1.185520
1963 1.185366
1964 1.184414
1965 1.184178
1966 1.183806
1967 1.183964
1968 1.183982
1969 1.183492
1970 1.183372
1971 1.183104
1972 1.183188
1973 1.183316
1974 1.183394
1975 1.182910
1976 1.182908
1977 1.183894
1978 1.183742
1979 1.183694
1980 1.183826
1981 1.183674
1982 1.182666
1983 1.182530
1984 1.183072
1985 1.183714
1986 1.183754
1987 1.184142
1988 1.183756
1989 1.182940
1990 1.182504
1991 1.182382
1992 1.182482
1993 1.181756
1994 1.181784
1995 1.181422
1996 1.181302
1997 1.181344
1998 1.181320
1999 1.181338
2000 1.180866
2001 1.181416
2002 1.181684
2003 1.181650
2004 1.181702
2005 1.182070
2006 1.181648
2007 1.181128
2008 1.180934
2009 1.180960
2010 1.181106
2011 1.181476
2012 1.181286
2013 1.181096
2014 1.181002
2015 1.181060
2016 1.180502
2017 1.181294
2018 1.181576
2019 1.181454
2020 1.182048
2021 1.182200
2022 1.182302
2023 1.182018
2024 1.181646
2025 1.182036
2026 1.182306
2027 1.182362
2028 1.181578
2029 1.181762
2030 1.181956
2031 1.183008
2032 1.183538
2033 1.183938
2034 1.184196
2035 1.183894
2036 1.183438
2037 1.183922
2038 1.183766
2039 1.184404
2040 1.184592
2041 1.184772
2042 1.184838
2043 1.184318
2044 1.184982
2045 1.184584
2046 1.184878
2047 1.185084
2048 1.184636
2049 1.184970
2050 1.184688
2051 1.184906
2052 1.184056
2053 1.184120
2054 1.184276
2055 1.184302
2056 1.183878
2057 1.184314
2058 1.184552
2059 1.184648
2060 1.184520
2061 1.184368
2062 1.184082
2063 1.184160
2064 1.183740
2065 1.183916
2066 1.183848
2067 1.183376
2068 1.183118
2069 1.183276
2070 1.183796
2071 1.183960
2072 1.183870
2073 1.183642
2074 1.183950
2075 1.184240
2076 1.184254
2077 1.184376
2078 1.184558
2079 1.184198
2080 1.184232
2081 1.183944
2082 1.183580
2083 1.183732
2084 1.183672
2085 1.184070
2086 1.183770
2087 1.183634
2088 1.183650
2089 1.183454
2090 1.182640
2091 1.182284
2092 1.182682
2093 1.182316
2094 1.182234
2095 1.181700
2096 1.181530
2097 1.181356
2098 1.181610
2099 1.181570
2100 1.181372
2101 1.181146
2102 1.180624
2103 1.180310
2104 1.180960
2105 1.181122
2106 1.181646
2107 1.181936
2108 1.182302
2109 1.182450
2110 1.182938
2111 1.183276
2112 1.183740
2113 1.183838
2114 1.184026
2115 1.183784
2116 1.183394
2117 1.182890
2118 1.182834
2119 1.182520
2120 1.182510
2121 1.182222
2122 1.182688
2123 1.182638
2124 1.182562
2125 1.182962
2126 1.182442
2127 1.183010
2128 1.183814
2129 1.183406
2130 1.183380
2131 1.183130
2132 1.183386
2133 1.183420
2134 1.183518
2135 1.183660
2136 1.184528
2137 1.184578
2138 1.184340
2139 1.184380
2140 1.184638
2141 1.184834
2142 1.184616
2143 1.183962
2144 1.183358
2145 1.182670
2146 1.183142
2147 1.183928
2148 1.184064
2149 1.184358
2150 1.184724
2151 1.184774
2152 1.185052
2153 1.185138
2154 1.184720
2155 1.184760
2156 1.184938
2157 1.184542
2158 1.184362
2159 1.184012
2160 1.183714
2161 1.183088
2162 1.182640
2163 1.182524
2164 1.182522
2165 1.182206
2166 1.182198
2167 1.181840
2168 1.181436
2169 1.180778
2170 1.181050
2171 1.181666
2172 1.181674
2173 1.181622
2174 1.181276
2175 1.181436
2176 1.181404
2177 1.181490
2178 1.182310
2179 1.182242
2180 1.182046
2181 1.181762
2182 1.181728
2183 1.181802
2184 1.181828
2185 1.181114
2186 1.180670
2187 1.180696
2188 1.180172
2189 1.180156
2190 1.179824
2191 1.180278
2192 1.180730
2193 1.181126
2194 1.181550
2195 1.181280
2196 1.180900
2197 1.180784
2198 1.181314
2199 1.181340
2200 1.181118
2201 1.181134
2202 1.181814
2203 1.182248
2204 1.182210
2205 1.182288
2206 1.181980
2207 1.181986
2208 1.182256
2209 1.182454
2210 1.182846
2211 1.182704
2212 1.182992
2213 1.183358
2214 1.182812
2215 1.183128
2216 1.183460
2217 1.183806
2218 1.184276
2219 1.184088
2220 1.183666
2221 1.184336
2222 1.184546
2223 1.184512
2224 1.183976
2225 1.183948
2226 1.183638
2227 1.183434
2228 1.183372
2229 1.182964
2230 1.183254
2231 1.183488
2232 1.183604
2233 1.183868
2234 1.184326
2235 1.184494
2236 1.184470
2237 1.184766
2238 1.184524
2239 1.184328
2240 1.184438
2241 1.184136
2242 1.183202
2243 1.182924
2244 1.182694
2245 1.182480
2246 1.182872
2247 1.182710
2248 1.182570
2249 1.182856
2250 1.183182
2251 1.183908
2252 1.184132
2253 1.184644
2254 1.184628
2255 1.184206
2256 1.184124
2257 1.184150
2258 1.184578
2259 1.184748
2260 1.184420
2261 1.184914
2262 1.184724
2263 1.184326
2264 1.184600
2265 1.184058
2266 1.184110
2267 1.183428
2268 1.183324
2269 1.182674
2270 1.183060
2271 1.183100
2272 1.183136
2273 1.183666
2274 1.183640
2275 1.183706
2276 1.183154
2277 1.183184
2278 1.183336
2279 1.183472
2280 1.183918
2281 1.184180
2282 1.183574
2283 1.183548
2284 1.183526
2285 1.183572
2286 1.183294
2287 1.183852
2288 1.183984
2289 1.183568
2290 1.183718
2291 1.183570
2292 1.183542
2293 1.183314
2294 1.183512
2295 1.183230
2296 1.182498
2297 1.182318
2298 1.182614
2299 1.182570
2300 1.183294
2301 1.183438
2302 1.183954
2303 1.184166
2304 1.183728
2305 1.183722
2306 1.183710
2307 1.183930
2308 1.183966
2309 1.184626
2310 1.184312
2311 1.184304
2312 1.184550
2313 1.183852
2314 1.184220
2315 1.183644
2316 1.183872
2317 1.183906
2318 1.184018
2319 1.184276
2320 1.184332
2321 1.184068
2322 1.183936
2323 1.183534
2324 1.182978
2325 1.183266
2326 1.183112
2327 1.183182
2328 1.183578
2329 1.183562
2330 1.182898
2331 1.182890
2332 1.183240
2333 1.183250
2334 1.183134
2335 1.183020
2336 1.182756
2337 1.182656
2338 1.182412
2339 1.181890
2340 1.181862
2341 1.181608
2342 1.182168
2343 1.182572
2344 1.182794
2345 1.183048
2346 1.182938
2347 1.182536
2348 1.182336
2349 1.182518
2350 1.182146
2351 1.182002
2352 1.182144
2353 1.182516
2354 1.182550
2355 1.182700
2356 1.182110
2357 1.182300
2358 1.182346
2359 1.182780
2360 1.183088
2361 1.183128
2362 1.182882
2363 1.183956
2364 1.183676
2365 1.183676
2366 1.184272
2367 1.184400
2368 1.184382
2369 1.184254
2370 1.183854
2371 1.183682
2372 1.183938
2373 1.184018
2374 1.183994
2375 1.184904
2376 1.184688
2377 1.184614
2378 1.184364
2379 1.184734
2380 1.184008
2381 1.183872
2382 1.183266
2383 1.183434
2384 1.183150
2385 1.183560
2386 1.183478
2387 1.183250
2388 1.182998
2389 1.182820
2390 1.182708
2391 1.181534
2392 1.181964
2393 1.181814
2394 1.182454
2395 1.182648
2396 1.182780
2397 1.183122
2398 1.183450
2399 1.183506
2400 1.183392
2401 1.183702
2402 1.183734
2403 1.183314
2404 1.183390
2405 1.182970
2406 1.183138
2407 1.183044
2408 1.182740
2409 1.182322
2410 1.182484
2411 1.182304
2412 1.182464
2413 1.183112
2414 1.183024
2415 1.183502
2416 1.183366
2417 1.183370
2418 1.183598
2419 1.183190
2420 1.183092
2421 1.183032
2422 1.183232
2423 1.182828
2424 1.182834
2425 1.182594
2426 1.182590
2427 1.182796
2428 1.182302
2429 1.181890
2430 1.181712
2431 1.182160
2432 1.181972
2433 1.182042
2434 1.182156
2435 1.182598
2436 1.182138
2437 1.181390
2438 1.181008
2439 1.180718
2440 1.181208
2441 1.181774
2442 1.181498
2443 1.182130
2444 1.182170
2445 1.182484
2446 1.182738
2447 1.182656
2448 1.182900
2449 1.182584
2450 1.183164
2451 1.182952
2452 1.183820
2453 1.184450
2454 1.184332
2455 1.184188
2456 1.184148
2457 1.183810
2458 1.183454
2459 1.183008
2460 1.183170
2461 1.182752
2462 1.182784
2463 1.182638
2464 1.182836
2465 1.182630
2466 1.182712
2467 1.182146
2468 1.181690
2469 1.181446
2470 1.181996
2471 1.182382
2472 1.182834
2473 1.182600
2474 1.182852
2475 1.182824
2476 1.182572
2477 1.182660
2478 1.182964
2479 1.182730
2480 1.183174
2481 1.183172
2482 1.182142
2483 1.182600
2484 1.182386
2485 1.182134
2486 1.182064
2487 1.182682
2488 1.182142
2489 1.182224
2490 1.182024
2491 1.181354
2492 1.181472
2493 1.181470
2494 1.180862
2495 1.181362
2496 1.181298
2497 1.181258
2498 1.180892
2499 1.180492
2500 1.179788
2501 1.179322


Active cycles: 1000
k_mean: 1.182870
k_stddev(cycle): 0.001205
k_stderr(mean): 0.000038
