1 0.591214
2 1.079448
3 1.112371
4 1.128327
5 1.141880
6 1.150307
7 1.156176
8 1.162344
9 1.165441
10 1.170044
11 1.170179
12 1.173215
13 1.177623
14 1.176138
15 1.175396
16 1.177332
17 1.178562
18 1.178995
19 1.179632
20 1.179516
21 1.180589
22 1.179774
23 1.181631
24 1.181867
25 1.182421
26 1.180879
27 1.180580
28 1.182063
29 1.182933
30 1.181685
31 1.181412
32 1.180701
33 1.181680
34 1.181532
35 1.182697
36 1.180462
37 1.181070
38 1.179649
39 1.181402
40 1.181228
41 1.181991
42 1.182816
43 1.179995
44 1.180716
45 1.181256
46 1.181506
47 1.181713
48 1.181654
49 1.180954
50 1.180495
51 1.181003
52 1.181640
53 1.182839
54 1.181554
55 1.181824
56 1.181891
57 1.182755
58 1.183553
59 1.181473
60 1.182204
61 1.182714
62 1.181186
63 1.184055
64 1.183748
65 1.181266
66 1.181445
67 1.182282
68 1.183299
69 1.182542
70 1.181340
71 1.180939
72 1.181691
73 1.181848
74 1.183449
75 1.182436
76 1.181853
77 1.181676
78 1.180682
79 1.181882
80 1.181316
81 1.182892
82 1.183380
83 1.181228
84 1.181847
85 1.181906
86 1.181847
87 1.183946
88 1.182336
89 1.182996
90 1.183118
91 1.181033
92 1.182855
93 1.181205
94 1.181036
95 1.182963
96 1.183242
97 1.183473
98 1.182201
99 1.182444
100 1.182347
101 1.184223
102 1.182690
103 1.183364
104 1.182183
105 1.182718
106 1.183166
107 1.182813
108 1.181740
109 1.182922
110 1.182252
111 1.183708
112 1.181722
113 1.183485
114 1.183222
115 1.182512
116 1.183194
117 1.183140
118 1.183372
119 1.183692
120 1.181120
121 1.183132
122 1.183221
123 1.182537
124 1.182136
125 1.183414
126 1.182718
127 1.182687
128 1.183251
129 1.183068
130 1.184283
131 1.181368
132 1.182494
133 1.182803
134 1.184212
135 1.183169
136 1.180026
137 1.184541
138 1.183487
139 1.183395
140 1.182511
141 1.183540
142 1.182388
143 1.184348
144 1.183168
145 1.184035
146 1.183561
147 1.182829
148 1.184226
149 1.182091
150 1.182186
151 1.183406
152 1.182547
153 1.185084
154 1.184609
155 1.181277
156 1.183140
157 1.182422
158 1.181182
159 1.184701
160 1.182511
161 1.182156
162 1.184592
163 1.182939
164 1.181576
165 1.182228
166 1.182610
167 1.182737
168 1.183422
169 1.183415
170 1.182942
171 1.182679
172 1.181767
173 1.183711
174 1.182661
175 1.181946
176 1.181249
177 1.182075
178 1.181165
179 1.183300
180 1.181664
181 1.182578
182 1.182104
183 1.182078
184 1.183772
185 1.184061
186 1.183088
187 1.182435
188 1.184748
189 1.181804
190 1.182017
191 1.183312
192 1.183026
193 1.182593
194 1.182794
195 1.183540
196 1.183150
197 1.183205
198 1.183809
199 1.183034
200 1.182646
201 1.182433
202 1.183180
203 1.181823
204 1.181524
205 1.183768
206 1.183605
207 1.181168
208 1.183023
209 1.183172
210 1.181875
211 1.182929
212 1.184619
213 1.182480
214 1.183465
215 1.183480
216 1.182811
217 1.183826
218 1.184047
219 1.182342
220 1.184989
221 1.182538
222 1.182427
223 1.182563
224 1.182494
225 1.182608
226 1.183840
227 1.182997
228 1.182781
229 1.183658
230 1.182326
231 1.183080
232 1.183563
233 1.182769
234 1.183704
235 1.182851
236 1.183251
237 1.183161
238 1.182010
239 1.182198
240 1.180904
241 1.184832
242 1.182349
243 1.183707
244 1.183445
245 1.183393
246 1.182952
247 1.182650
248 1.182979
249 1.182332
250 1.183531
251 1.183005
252 1.181982
253 1.181660
254 1.182947
255 1.182708
256 1.182706
257 1.183260
258 1.182172
259 1.184183
260 1.184209
261 1.181807
262 1.183459
263 1.184036
264 1.183908
265 1.183686
266 1.183593
267 1.185126
268 1.183631
269 1.183546
270 1.183734
271 1.182811
272 1.184518
273 1.182836
274 1.183490
275 1.181236
276 1.185939
277 1.183015
278 1.182715
279 1.184137
280 1.183572
281 1.183273
282 1.183323
283 1.183531
284 1.182137
285 1.182451
286 1.181654
287 1.184411
288 1.182958
289 1.184623
290 1.184520
291 1.184881
292 1.183270
293 1.182608
294 1.182936
295 1.184356
296 1.184143
297 1.183172
298 1.182944
299 1.183295
300 1.183655
301 1.182428
302 1.182651
303 1.182422
304 1.183205
305 1.183152
306 1.183175
307 1.182932
308 1.183657
309 1.182910
310 1.184088
311 1.183625
312 1.182166
313 1.183925
314 1.183085
315 1.182089
316 1.183955
317 1.182784
318 1.183190
319 1.184220
320 1.184505
321 1.184026
322 1.183902
323 1.182938
324 1.184059
325 1.182328
326 1.183908
327 1.183956
328 1.183383
329 1.183081
330 1.182431
331 1.183506
332 1.182652
333 1.183745
334 1.183648
335 1.182952
336 1.182931
337 1.183235
338 1.181411
339 1.183410
340 1.183972
341 1.180271
342 1.183429
343 1.182590
344 1.183226
345 1.184046
346 1.182908
347 1.182973
348 1.182352
349 1.183761
350 1.181451
351 1.181067
352 1.184575
353 1.183014
354 1.182112
355 1.181534
356 1.183685
357 1.181798
358 1.182897
359 1.184829
360 1.181949
361 1.182582
362 1.181550
363 1.183832
364 1.184977
365 1.183021
366 1.183562
367 1.182102
368 1.183128
369 1.184317
370 1.183706
371 1.183413
372 1.183788
373 1.184364
374 1.184092
375 1.181862
376 1.182233
377 1.181710
378 1.179639
379 1.182269
380 1.182763
381 1.180853
382 1.183495
383 1.182047
384 1.181749
385 1.182696
386 1.185042
387 1.183711
388 1.182487
389 1.182859
390 1.181870
391 1.184088
392 1.183678
393 1.184314
394 1.182593
395 1.184116
396 1.183515
397 1.182875
398 1.183075
399 1.184317
400 1.183363
401 1.185918
402 1.183628
403 1.183804
404 1.182422
405 1.183427
406 1.183063
407 1.184309
408 1.184115
409 1.183774
410 1.182719
411 1.182688
412 1.182592
413 1.183458
414 1.183822
415 1.183038
416 1.183847
417 1.181953
418 1.184029
419 1.182982
420 1.184212
421 1.183590
422 1.182795
423 1.183099
424 1.183017
425 1.183310
426 1.184642
427 1.183320
428 1.184770
429 1.183133
430 1.182741
431 1.184535
432 1.184049
433 1.183153
434 1.182733
435 1.184253
436 1.183158
437 1.184845
438 1.183491
439 1.184459
440 1.182641
441 1.184620
442 1.183511
443 1.183189
444 1.182061
445 1.185001
446 1.182507
447 1.185659
448 1.182382
449 1.182589
450 1.183335
451 1.183105
452 1.181433
453 1.182679
454 1.182502
455 1.183034
456 1.184198
457 1.182644
458 1.185426
459 1.183111
460 1.184872
461 1.184749
462 1.184107
463 1.185319
464 1.183651
465 1.183386
466 1.183350
467 1.184793
468 1.183680
469 1.182916
470 1.182738
471 1.182849
472 1.184006
473 1.182912
474 1.182733
475 1.184489
476 1.184124
477 1.183761
478 1.183184
479 1.184666
480 1.185033
481 1.183268
482 1.183715
483 1.182247
484 1.182883
485 1.182174
486 1.181399
487 1.182423
488 1.181697
489 1.181480
490 1.182818
491 1.183370
492 1.182583
493 1.183774
494 1.182492
495 1.182481
496 1.183389
497 1.182993
498 1.184081
499 1.183415
500 1.183400
501 1.182633
502 1.182182
503 1.183479
504 1.183118
505 1.182392
506 1.182837
507 1.181779
508 1.183356
509 1.182785
510 1.183343
511 1.181167
512 1.182725
513 1.181951
514 1.182693
515 1.182190
516 1.182865
517 1.184453
518 1.183753
519 1.182392
520 1.182908
521 1.181556
522 1.183338
523 1.182609
524 1.181305
525 1.183807
526 1.182149
527 1.182902
528 1.183522
529 1.182724
530 1.184545
531 1.182172
532 1.183133
533 1.184390
534 1.183676
535 1.184097
536 1.182205
537 1.184199
538 1.183272
539 1.184182
540 1.183330
541 1.181372
542 1.183102
543 1.182331
544 1.183349
545 1.183040
546 1.183026
547 1.182342
548 1.183504
549 1.183151
550 1.184073
551 1.181909
552 1.183102
553 1.182796
554 1.183314
555 1.183557
556 1.182108
557 1.183041
558 1.184008
559 1.184450
560 1.183530
561 1.182530
562 1.183035
563 1.182567
564 1.183331
565 1.183824
566 1.183426
567 1.182732
568 1.183318
569 1.183243
570 1.183087
571 1.184130
572 1.183970
573 1.184660
574 1.181873
575 1.182151
576 1.184440
577 1.183544
578 1.184097
579 1.182382
580 1.184616
581 1.183290
582 1.183969
583 1.184700
584 1.181659
585 1.181904
586 1.181389
587 1.183924
588 1.182494
589 1.184005
590 1.182292
591 1.182308
592 1.182578
593 1.183305
594 1.183869
595 1.183126
596 1.184594
597 1.183678
598 1.182688
599 1.182761
600 1.183444
601 1.182788


Active cycles: 300
k_mean: 1.183187
k_stddev(cycle): 0.000940
k_stderr(mean): 0.000054
Difference with the reference K: -0.000623, Per cent error: -0.052602
Reactivity(rho): 0.154825, pcm difference: -44.457848
Total Time: 490.016390seconds. Average: 0.815335 seconds per cycle.
