1 0.989512
2 0.984564
3 0.982922
4 0.983196
5 0.983826
6 0.983646
7 0.983020
8 0.982434
9 0.981684
10 0.980200
11 0.979286
12 0.978590
13 0.977246
14 0.975806
15 0.975236
16 0.974492
17 0.973492
18 0.972802
19 0.972922
20 0.972554
21 0.972848
22 0.973170
23 0.973438
24 0.974596
25 0.975264
26 0.976426
27 0.977794
28 0.978250
29 0.979246
30 0.979522
31 0.980354
32 0.981616
33 0.983238
34 0.985090
35 0.986102
36 0.987334
37 0.988456
38 0.990368
39 0.678156
40 0.686664
41 0.694742
42 0.703888
43 0.712754
44 0.720966
45 0.728430
46 0.736252
47 0.743672
48 0.750160
49 0.757550
50 0.764750
51 0.771950
52 0.778456
53 0.785448
54 0.792988
55 0.799998
56 0.807338
57 0.814994
58 0.822140
59 0.828898
60 0.835556
61 0.842790
62 0.849532
63 0.856196
64 0.863422
65 0.870388
66 0.877392
67 0.884146
68 0.890644
69 0.897202
70 0.903802
71 0.909726
72 0.915670
73 0.566152
74 0.582482
75 0.599716
76 0.616204
77 0.631388
78 0.646080
79 0.659868
80 0.673346
81 0.685754
82 0.696906
83 0.708362
84 0.719018
85 0.729872
86 0.740074
87 0.750584
88 0.760992
89 0.771960
90 0.782102
91 0.792370
92 0.802938
93 0.812402
94 0.822178
95 0.831958
96 0.841344
97 0.850580
98 0.859360
99 0.868210
100 0.877666
101 0.888132
102 0.896418
103 0.489168
104 0.513246
105 0.536600
106 0.559288
107 0.579376
108 0.599100
109 0.616374
110 0.632096
111 0.647870
112 0.660848
113 0.673506
114 0.686442
115 0.699586
116 0.712094
117 0.724924
118 0.737878
119 0.749880
120 0.762306
121 0.774444
122 0.786094
123 0.798228
124 0.809758
125 0.821580
126 0.831914
127 0.842610
128 0.852984
129 0.863080
130 0.873658
131 0.427698
132 0.458148
133 0.485676
134 0.510004
135 0.533878
136 0.555106
137 0.575314
138 0.593282
139 0.610186
140 0.625166
141 0.639910
142 0.654614
143 0.669526
144 0.684280
145 0.698736
146 0.713332
147 0.727716
148 0.741100
149 0.754638
150 0.768518
151 0.782120
152 0.795502
153 0.808958
154 0.821586
155 0.833836
156 0.845598
157 0.857194
158 0.377126
159 0.409238
160 0.440766
161 0.469618
162 0.494864
163 0.518912
164 0.540766
165 0.559868
166 0.577940
167 0.595094
168 0.611574
169 0.627160
170 0.643616
171 0.659472
172 0.674484
173 0.690558
174 0.705990
175 0.721870
176 0.737692
177 0.752026
178 0.767118
179 0.781346
180 0.795490
181 0.809804
182 0.823276
183 0.835892
184 0.337648
185 0.373316
186 0.408488
187 0.438600
188 0.465754
189 0.489668
190 0.511738
191 0.531628
192 0.549544
193 0.567172
194 0.584118
195 0.601542
196 0.618852
197 0.634378
198 0.652168
199 0.668638
200 0.684818
201 0.700628
202 0.716342
203 0.732138
204 0.748738
205 0.764000
206 0.778480
207 0.792312
208 0.806716
209 0.820752
210 0.296310
211 0.337488
212 0.372610
213 0.405350
214 0.433868
215 0.458516
216 0.481430
217 0.502526
218 0.521720
219 0.540036
220 0.557938
221 0.576260
222 0.593978
223 0.610910
224 0.628506
225 0.645348
226 0.662732
227 0.680162
228 0.697106
229 0.714406
230 0.731080
231 0.746780
232 0.762700
233 0.778794
234 0.794200
235 0.266460
236 0.308008
237 0.346858
238 0.381456
239 0.410432
240 0.436892
241 0.459470
242 0.480840
243 0.500472
244 0.520258
245 0.538428
246 0.556176
247 0.574344
248 0.592670
249 0.610108
250 0.629284
251 0.647318
252 0.665766
253 0.683578
254 0.700952
255 0.718424
256 0.735616
257 0.752592
258 0.769000
259 0.785000
260 0.237860
261 0.281342
262 0.319924
263 0.354318
264 0.383742
265 0.410638
266 0.433770
267 0.454384
268 0.475012
269 0.494672
270 0.513442
271 0.533096
272 0.552142
273 0.571024
274 0.590448
275 0.609464
276 0.628538
277 0.647192
278 0.665716
279 0.683662
280 0.702134
281 0.720866
282 0.737980
283 0.755286
284 0.771530
285 0.211822
286 0.256122
287 0.296934
288 0.331130
289 0.364038
290 0.390466
291 0.414552
292 0.436070
293 0.457468
294 0.478180
295 0.497834
296 0.516894
297 0.536532
298 0.555942
299 0.574562
300 0.595392
301 0.615936
302 0.636048
303 0.655794
304 0.674924
305 0.693366
306 0.710794
307 0.729106
308 0.746696
309 0.763868
310 0.186150
311 0.232334
312 0.274818
313 0.311618
314 0.341594
315 0.368946
316 0.392978
317 0.414632
318 0.435576
319 0.454602
320 0.474828
321 0.494708
322 0.514946
323 0.534870
324 0