1 0.591214
2 1.077989
3 1.110657
4 1.128219
5 1.140826
6 1.150806
7 1.155781
8 1.161694
9 1.165513
10 1.169080
11 1.171088
12 1.173283
13 1.174043
14 1.174887
15 1.177479
16 1.177988
17 1.178537
18 1.179095
19 1.179390
20 1.177129
21 1.180187
22 1.179359
23 1.180572
24 1.179802
25 1.180288
26 1.181281
27 1.181273
28 1.180460
29 1.180823
30 1.180903
31 1.182085
32 1.180459
33 1.179201
34 1.181745
35 1.181258
36 1.181739
37 1.181476
38 1.180376
39 1.182244
40 1.181242
41 1.179396
42 1.183179
43 1.182335
44 1.181711
45 1.181296
46 1.181778
47 1.182964
48 1.181679
49 1.182046
50 1.183681
51 1.182129
52 1.182308
53 1.181216
54 1.182917
55 1.181900
56 1.180453
57 1.182544
58 1.181456
59 1.181862
60 1.181946
61 1.181946
62 1.181923
63 1.182828
64 1.182355
65 1.183415
66 1.181806
67 1.183140
68 1.182755
69 1.182902
70 1.181716
71 1.182215
72 1.181817
73 1.183584
74 1.182183
75 1.183166
76 1.182824
77 1.182284
78 1.183660
79 1.182502
80 1.181098
81 1.183976
82 1.181322
83 1.182012
84 1.182885
85 1.183533
86 1.181314
87 1.181674
88 1.184018
89 1.182018
90 1.180872
91 1.182767
92 1.184848
93 1.182952
94 1.183802
95 1.183697
96 1.181860
97 1.182864
98 1.182695
99 1.183391
100 1.182246
101 1.182927
102 1.183277
103 1.182070
104 1.181625
105 1.181779
106 1.184599
107 1.182417
108 1.182838
109 1.183496
110 1.183182
111 1.181855
112 1.181614
113 1.183415
114 1.182236
115 1.184379
116 1.183554
117 1.184532
118 1.182059
119 1.182050
120 1.182144
121 1.182252
122 1.183407
123 1.182530
124 1.181079
125 1.183611
126 1.181485
127 1.182305
128 1.183292
129 1.181301
130 1.181171
131 1.183694
132 1.183251
133 1.181518
134 1.184335
135 1.183539
136 1.182383
137 1.182416
138 1.183458
139 1.181469
140 1.182653
141 1.182568
142 1.182614
143 1.183610
144 1.181324
145 1.183126
146 1.183616
147 1.182140
148 1.183304
149 1.181558
150 1.182773
151 1.180882
152 1.182360
153 1.182832
154 1.182454
155 1.182739
156 1.182195
157 1.183469
158 1.183704
159 1.183138
160 1.182923
161 1.183186
162 1.184097
163 1.182530
164 1.181758
165 1.183532
166 1.182342
167 1.184641
168 1.182877
169 1.182819
170 1.182671
171 1.183421
172 1.181632
173 1.184616
174 1.182494
175 1.180298
176 1.182213
177 1.183405
178 1.182955
179 1.181545
180 1.183659
181 1.183011
182 1.184570
183 1.183472
184 1.182758
185 1.183668
186 1.183292
187 1.182262
188 1.182698
189 1.182559
190 1.182108
191 1.181288
192 1.184172
193 1.182588
194 1.182127
195 1.182094
196 1.181790
197 1.183636
198 1.183971
199 1.182564
200 1.182917
201 1.182673
202 1.184374
203 1.183207
204 1.182628
205 1.181634
206 1.181855
207 1.183640
208 1.183069
209 1.180902
210 1.182440
211 1.183642
212 1.182562
213 1.182602
214 1.182638
215 1.182855
216 1.182685
217 1.182724
218 1.183201
219 1.182421
220 1.183698
221 1.184538
222 1.182680
223 1.183155
224 1.184342
225 1.183806
226 1.184605
227 1.182160
228 1.182352
229 1.183170
230 1.183137
231 1.183708
232 1.181994
233 1.181828
234 1.183196
235 1.183467
236 1.183391
237 1.183124
238 1.181529
239 1.183825
240 1.183557
241 1.182385
242 1.184418
243 1.183078
244 1.182629
245 1.184584
246 1.182313
247 1.184422
248 1.182654
249 1.182652
250 1.182136
251 1.183111
252 1.184390
253 1.181939
254 1.183412
255 1.184952
256 1.181638
257 1.181767
258 1.182539
259 1.182096
260 1.183790
261 1.182100
262 1.183030
263 1.182474
264 1.183505
265 1.183317
266 1.183453
267 1.183241
268 1.183247
269 1.183064
270 1.183311
271 1.181593
272 1.183740
273 1.182629
274 1.182655
275 1.183619
276 1.182066
277 1.183510
278 1.184317
279 1.182395
280 1.181763
281 1.182676
282 1.182888
283 1.184375
284 1.183467
285 1.181525
286 1.182288
287 1.183515
288 1.181698
289 1.182893
290 1.182006
291 1.181726
292 1.184332
293 1.183269
294 1.182013
295 1.182618
296 1.182682
297 1.184721
298 1.182807
299 1.183915
300 1.181889
301 1.182691
302 1.181842
303 1.183429
304 1.183113
305 1.183068
306 1.183888
307 1.182977
308 1.184024
309 1.183060
310 1.185145
311 1.184870
312 1.184002
313 1.184658
314 1.183166
315 1.184589
316 1.184193
317 1.184144
318 1.184080
319 1.183340
320 1.182579
321 1.183165
322 1.182478
323 1.182652
324 1.182555
325 1.182250
326 1.182568
327 1.181685
328 1.183692
329 1.185186
330 1.181934
331 1.182739
332 1.181990
333 1.184209
334 1.182735
335 1.183401
336 1.182587
337 1.183116
338 1.182653
339 1.184664
340 1.182730
341 1.182434
342 1.182635
343 1.183331
344 1.185408
345 1.182635
346 1.185313
347 1.182852
348 1.183215
349 1.182507
350 1.183103
351 1.183643
352 1.183041
353 1.181430
354 1.183217
355 1.182894
356 1.182490
357 1.183533
358 1.181735
359 1.184614
360 1.183307
361 1.183022
362 1.183493
363 1.183950
364 1.182031
365 1.181912
366 1.184526
367 1.183972
368 1.184118
369 1.183305
370 1.182199
371 1.182915
372 1.182968
373 1.183564
374 1.183321
375 1.184396
376 1.182981
377 1.182492
378 1.183084
379 1.184144
380 1.183420
381 1.182886
382 1.184689
383 1.183776
384 1.183977
385 1.184504
386 1.182965
387 1.184568
388 1.182114
389 1.182758
390 1.183339
391 1.183070
392 1.184570
393 1.181930
394 1.183986
395 1.182641
396 1.182506
397 1.183144
398 1.182972
399 1.182389
400 1.181854
401 1.183229
402 1.182029
403 1.183199
404 1.182869
405 1.181603
406 1.184026
407 1.184039
408 1.184029
409 1.184368
410 1.182415
411 1.182912
412 1.183160
413 1.182217
414 1.183034
415 1.183802
416 1.183436
417 1.184888
418 1.182707
419 1.182793
420 1.181907
421 1.184741
422 1.182561
423 1.183235
424 1.184313
425 1.183134
426 1.182618
427 1.183103
428 1.181394
429 1.181628
430 1.183620
431 1.183247
432 1.182697
433 1.182801
434 1.183150
435 1.183995
436 1.182157
437 1.181943
438 1.182614
439 1.182485
440 1.183066
441 1.183464
442 1.182180
443 1.182856
444 1.182059
445 1.182767
446 1.184759
447 1.182994
448 1.183991
449 1.182245
450 1.182736
451 1.182296
452 1.184711
453 1.182927
454 1.183148
455 1.183406
456 1.182781
457 1.182806
458 1.183235
459 1.182913
460 1.183356
461 1.182522
462 1.182954
463 1.183756
464 1.182756
465 1.183714
466 1.183136
467 1.182532
468 1.183302
469 1.183526
470 1.182488
471 1.182705
472 1.183835
473 1.181347
474 1.182234
475 1.182324
476 1.183867
477 1.181866
478 1.184124
479 1.184709
480 1.181236
481 1.183440
482 1.181617
483 1.184775
484 1.182864
485 1.183723
486 1.184522
487 1.183642
488 1.183736
489 1.182582
490 1.182742
491 1.182978
492 1.184074
493 1.182574
494 1.183682
495 1.184186
496 1.183169
497 1.182856
498 1.183978
499 1.185569
500 1.182501
501 1.182345


Active cycles: 300
k_mean: 1.183108
k_stddev(cycle): 0.000886
k_stderr(mean): 0.000051
Difference with the reference K: -0.000702, Per cent error: -0.059273
Reactivity(rho): 0.154769, pcm difference: -50.099030
Total Time: 413.509817seconds. Average: 0.825369 seconds per cycle.
