1 0.674772
2 1.077267
3 0.556391
4 1.278515
5 0.568229
6 1.065429
7 0.591905
8 1.077267
9 0.580067
10 0.899696
11 0.651095
12 1.302191
13 0.378819
14 0.876019
15 0.935210
16 1.136458
17 0.236762
18 1.231162
19 0.793153
20 1.077267
21 0.438010
22 0.982562
23 0.793153
24 1.148296
25 0.414334
26 1.006239
27 0.804991
28 1.278515
29 0.366981
30 0.982562
31 0.840505
32 1.337705
33 0.402495
34 1.219324
35 0.556391
36 1.100943
37 0.520876
38 1.089105
39 0.757638
40 1.100943
41 0.509038
42 1.266677
43 0.674772
44 1.148296
45 0.509038
46 1.337705
47 0.532715
48 0.947048
49 0.710286
50 1.195648
51 0.473524
52 1.302191
53 0.627419
54 1.160134
55 0.580067
56 0.935210
57 0.627419
58 0.911534
59 0.733962
60 1.183810
61 0.378819
62 1.041753
63 0.757638
64 1.053591
65 0.319629
66 1.053591
67 0.947048
68 1.254839
69 0.248600
70 0.982562
71 1.041753
72 1.112781
73 1.266677
74 1.077267
75 1.077267
76 1.278515
77 1.077267
78 1.314029
79 1.018077
80 1.112781
81 1.396896
82 0.947048
83 1.325867
84 0.201248
85 1.361382
86 0.923372
87 1.254839
88 0.201248
89 1.243001
90 0.923372
91 1.266677
92 0.201248
93 1.231162
94 0.947048
95 1.408734
96 0.213086
97 1.467924
98 0.804991
99 1.018077
100 0.414334
101 1.219324
102 0.686610
103 1.207486
104 0.390657
105 1.160134
106 0.733962
107 1.278515
108 0.426172
109 1.100943
110 0.982562
111 1.148296


Active cycles: 10
k_mean: 0.911534
k_stddev(cycle): 0.328304
k_stderr(mean): 0.103819
Reactivity(rho): -0.097052, Per Cent error compared to reference: 25.232199
Total Time: 20.546362seconds. Average: 0.185102 seconds per cycle.
