1 0.590002
2 1.080566
3 1.113666
4 1.130046
5 1.142568
6 1.149961
7 1.158778
8 1.162045
9 1.167378
10 1.168447
11 1.171893
12 1.172721
13 1.175461
14 1.175120
15 1.178287
16 1.177750
17 1.179445
18 1.178685
19 1.179473
20 1.180935
21 1.180919
22 1.182615
23 1.180815
24 1.181021
25 1.181023
26 1.180645
27 1.181010
28 1.182153
29 1.181141
30 1.180759
31 1.182126
32 1.180664
33 1.182445
34 1.182869
35 1.181610
36 1.181119
37 1.182349
38 1.181103
39 1.183575
40 1.181796
41 1.181797
42 1.180600
43 1.181752
44 1.184682
45 1.182039
46 1.182018
47 1.182534
48 1.181646
49 1.182979
50 1.181943
51 1.182685
52 1.181736
53 1.182754
54 1.182211
55 1.181687
56 1.180666
57 1.181917
58 1.182485
59 1.181485
60 1.180992
61 1.180880
62 1.182224
63 1.183066
64 1.182463
65 1.182230
66 1.183536
67 1.183069
68 1.181254
69 1.182388
70 1.182082
71 1.182047
72 1.182888
73 1.182423
74 1.181224
75 1.181824
76 1.181889
77 1.183146
78 1.183024
79 1.181501
80 1.183469
81 1.182140
82 1.181463
83 1.182499
84 1.184728
85 1.183656
86 1.181876
87 1.181407
88 1.181942
89 1.181985
90 1.183861
91 1.183692
92 1.182459
93 1.183356
94 1.182466
95 1.183106
96 1.182845
97 1.182567
98 1.181366
99 1.182832
100 1.182111
101 1.182989
102 1.182707
103 1.183628
104 1.183077
105 1.182881
106 1.183726
107 1.182711
108 1.182303
109 1.182024
110 1.182428
111 1.182699
112 1.183651
113 1.182029
114 1.181043
115 1.182098
116 1.182379
117 1.181661
118 1.183179
119 1.181804
120 1.183518
121 1.183070
122 1.182439
123 1.185127
124 1.183052
125 1.181779
126 1.181892
127 1.182506
128 1.182411
129 1.183214
130 1.183080
131 1.182065
132 1.184082
133 1.182349
134 1.182974
135 1.183720
136 1.183378
137 1.182784
138 1.184946
139 1.182374
140 1.181992
141 1.182068
142 1.183139
143 1.184373
144 1.181854
145 1.182614
146 1.182403
147 1.183983
148 1.183565
149 1.183793
150 1.183222
151 1.183528
152 1.183810
153 1.182328
154 1.184029
155 1.182782
156 1.183006
157 1.184042
158 1.182883
159 1.182541
160 1.183277
161 1.183106
162 1.183203
163 1.183317
164 1.183087
165 1.182029
166 1.181129
167 1.182665
168 1.184095
169 1.184219
170 1.183595
171 1.182544
172 1.182593
173 1.182527
174 1.184373
175 1.183701
176 1.182240
177 1.182714
178 1.182089
179 1.183157
180 1.182642
181 1.182507
182 1.182791
183 1.183829
184 1.181046
185 1.181749
186 1.181715
187 1.182523
188 1.181952
189 1.180667
190 1.182100
191 1.185014
192 1.181588
193 1.183331
194 1.182141
195 1.182542
196 1.183362
197 1.182731
198 1.183072
199 1.181876
200 1.182274
201 1.184404
202 1.181737
203 1.183608
204 1.184705
205 1.184736
206 1.183648
207 1.182806
208 1.182194
209 1.183975
210 1.183852
211 1.181549
212 1.182511
213 1.183986
214 1.184310
215 1.183550
216 1.181295
217 1.183862
218 1.183194
219 1.181139
220 1.182091
221 1.183924
222 1.183853
223 1.183598
224 1.183081
225 1.182973
226 1.182866
227 1.184642
228 1.184355
229 1.184340
230 1.182593
231 1.182326
232 1.183334
233 1.182880
234 1.181605
235 1.182016
236 1.184526
237 1.182555
238 1.183299
239 1.184329
240 1.185038
241 1.183217
242 1.182647
243 1.183958
244 1.182106
245 1.183297
246 1.181878
247 1.182982
248 1.183340
249 1.184623
250 1.182206
251 1.183242
252 1.183315
253 1.183341
254 1.183975
255 1.182085
256 1.183698
257 1.183164
258 1.182715
259 1.183229
260 1.183074
261 1.183189
262 1.183377
263 1.182260
264 1.182279
265 1.182614
266 1.182608
267 1.183575
268 1.182129
269 1.183186
270 1.182604
271 1.182421
272 1.183117
273 1.182179
274 1.183323
275 1.183064
276 1.183056
277 1.184598
278 1.184180
279 1.181217
280 1.183302
281 1.182725
282 1.180872
283 1.183251
284 1.182218
285 1.184418
286 1.183784
287 1.182620
288 1.182786
289 1.182333
290 1.183205
291 1.182634
292 1.181528
293 1.182758
294 1.183882
295 1.182430
296 1.182390
297 1.183557
298 1.184148
299 1.184200
300 1.182728
301 1.182284
302 1.183523
303 1.183572
304 1.183437
305 1.183559
306 1.182048
307 1.182840
308 1.185070
309 1.184925
310 1.182836
311 1.186023
312 1.184857
313 1.183594
314 1.184148
315 1.182900
316 1.184230
317 1.184251
318 1.182107
319 1.183565
320 1.182664
321 1.181206
322 1.184159
323 1.182242
324 1.184049
325 1.182251
326 1.184073
327 1.183547
328 1.183024
329 1.182133
330 1.180643
331 1.183067
332 1.182337
333 1.183138
334 1.182993
335 1.182173
336 1.183152
337 1.183206
338 1.183049
339 1.182653
340 1.183906
341 1.184276
342 1.183444
343 1.183820
344 1.182957
345 1.184008
346 1.181786
347 1.183266
348 1.183729
349 1.185079
350 1.184829
351 1.184324
352 1.183719
353 1.183437
354 1.181436
355 1.182184
356 1.183351
357 1.182216
358 1.183877
359 1.182195
360 1.183504
361 1.181968
362 1.184202
363 1.181301
364 1.182419
365 1.182187
366 1.183305
367 1.184944
368 1.183273
369 1.182369
370 1.183784
371 1.183410
372 1.184111
373 1.183926
374 1.184243
375 1.184643
376 1.181876
377 1.183238
378 1.184590
379 1.184840
380 1.183273
381 1.181678
382 1.182075
383 1.183595
384 1.183416
385 1.183534
386 1.183844
387 1.184516
388 1.184080
389 1.184065
390 1.183733
391 1.182544
392 1.183168
393 1.184119
394 1.183513
395 1.182821
396 1.183796
397 1.182244
398 1.183746
399 1.184709
400 1.183229
401 1.183180
402 1.183192
403 1.182154
404 1.182429
405 1.184316
406 1.182683
407 1.184028
408 1.181440
409 1.181966
410 1.183955
411 1.183238
412 1.182859
413 1.182897
414 1.182909
415 1.182630
416 1.182088
417 1.184773
418 1.183640
419 1.183190
420 1.182808
421 1.183501
422 1.183171
423 1.183126
424 1.183523
425 1.181339
426 1.182982
427 1.183202
428 1.184029
429 1.183952
430 1.182884
431 1.185313
432 1.182729
433 1.182998
434 1.184143
435 1.183375
436 1.182400
437 1.182929
438 1.182556
439 1.183320
440 1.184020
441 1.183746
442 1.183503
443 1.183723
444 1.183682
445 1.184605
446 1.184328
447 1.182788
448 1.183570
449 1.183477
450 1.183687
451 1.184712
452 1.183354
453 1.182983
454 1.182958
455 1.181780
456 1.183541
457 1.185031
458 1.183006
459 1.182518
460 1.184243
461 1.183339
462 1.183019
463 1.183134
464 1.182074
465 1.183364
466 1.183239
467 1.181822
468 1.183175
469 1.182894
470 1.182373
471 1.182497
472 1.181943
473 1.183220
474 1.183386
475 1.184440
476 1.182740
477 1.183469
478 1.183342
479 1.184335
480 1.183306
481 1.183108
482 1.182599
483 1.184175
484 1.182434
485 1.184396
486 1.183552
487 1.183290
488 1.183083
489 1.183414
490 1.183160
491 1.183351
492 1.182500
493 1.183170
494 1.183333
495 1.182232
496 1.183553
497 1.182652
498 1.183008
499 1.182494
500 1.182748
501 1.183254
502 1.184486
503 1.185048
504 1.182144
505 1.183380
506 1.182876
507 1.181581
508 1.181425
509 1.184067
510 1.184063
511 1.184603
512 1.183187
513 1.183367
514 1.181785
515 1.182360
516 1.182921
517 1.183063
518 1.180680
519 1.182865
520 1.182796
521 1.183431
522 1.182101
523 1.183260
524 1.182182
525 1.182645
526 1.182325
527 1.181417
528 1.183751
529 1.184501
530 1.184179
531 1.182349
532 1.183149
533 1.184372
534 1.182888
535 1.185354
536 1.183546
537 1.184625
538 1.182399
539 1.183434
540 1.182859
541 1.181960
542 1.182735
543 1.181754
544 1.182293
545 1.183188
546 1.184156
547 1.183515
548 1.183679
549 1.182881
550 1.183956
551 1.184701
552 1.184007
553 1.184490
554 1.182857
555 1.182764
556 1.184094
557 1.182007
558 1.183111
559 1.183105
560 1.182721
561 1.184627
562 1.183354
563 1.185185
564 1.183781
565 1.183042
566 1.183610
567 1.183706
568 1.183219
569 1.183179
570 1.182759
571 1.182541
572 1.183660
573 1.183201
574 1.184271
575 1.183769
576 1.184017
577 1.182942
578 1.183803
579 1.182843
580 1.183153
581 1.183991
582 1.183776
583 1.184889
584 1.183615
585 1.182997
586 1.184392
587 1.182635
588 1.183971
589 1.183248
590 1.183323
591 1.182976
592 1.182165
593 1.183529
594 1.181963
595 1.181943
596 1.183475
597 1.181865
598 1.183142
599 1.182958
600 1.183182
601 1.184041


Active cycles: 300
k_mean: 1.183263
k_stddev(cycle): 0.000886
k_stderr(mean): 0.000051
Difference with the reference K: -0.000547, Per cent error: -0.046229
Reactivity(rho): 0.154879, pcm difference: -39.069496
Total Time: 498.209093seconds. Average: 0.828967 seconds per cycle.
