1 1.183810
2 1.383258
3 1.579180
4 1.772593
5 1.963548
6 2.151536
7 2.335922
8 2.515678
9 2.690009
10 2.858373
11 3.019852
12 3.174326
13 3.321623
14 3.461888
15 3.594669
16 3.720540
17 3.839831
18 3.952572
19 4.059002
20 4.159559
21 4.254493
22 4.344361
23 4.429125
24 4.509384
25 4.585315
26 4.657090
27 4.725089
28 4.789756
29 4.851352
30 4.909940
31 4.965617
32 5.018630
33 5.069275
34 5.117505
35 5.163587
36 5.207722
37 5.249917
38 5.290294
39 5.329048
40 5.366299
41 5.402126
42 5.436716
43 5.470062
44 5.502186
45 5.533157
46 5.563119
47 5.592081
48 5.620133
49 5.647313
50 5.673684
51 5.699268
52 5.724116
53 5.748223
54 5.771592
55 5.794328
56 5.816492
57 5.838061
58 5.859032
59 5.879458
60 5.899393
61 5.918838
62 5.937839
63 5.956410
64 5.974558
65 5.992311
66 6.009656
67 6.026630
68 6.043250
69 6.059524
70 6.075480
71 6.091094
72 6.106395
73 6.121414
74 6.136148
75 6.150566
76 6.164719
77 6.178602
78 6.192218
79 6.205577
80 6.218686
81 6.231541
82 6.244151
83 6.256525
84 6.268701
85 6.280655
86 6.292395
87 6.303924
88 6.315239
89 6.326357
90 6.337294
91 6.348046
92 6.358618
93 6.369017
94 6.379249
95 6.389295
96 6.399176
97 6.408897
98 6.418444
99 6.427821
100 6.437041
101 6.446111
102 6.455039
103 6.463816
104 6.472444
105 6.480933
106 6.489283
107 6.497487
108 6.505552
109 6.513495
110 6.521310
111 6.528994
112 6.536555
113 6.543998
114 6.551328
115 6.558528
116 6.565607
117 6.572569
118 6.579417
119 6.586157
120 6.592792
121 6.599316
122 6.605736
123 6.612055
124 6.618277
125 6.624405
126 6.630435
127 6.636371
128 6.642214
129 6.647958
130 6.653607
131 6.659166
132 6.664642
133 6.670033
134 6.675352
135 6.680584
136 6.685733
137 6.690798
138 6.695775
139 6.700673
140 6.705508
141 6.710263
142 6.714936
143 6.719532
144 6.724054
145 6.728498
146 6.732872
147 6.737180
148 6.741416
149 6.745582
150 6.749676
151 6.753707
152 6.757674
153 6.761574
154 6.765412
155 6.769188
156 6.772903
157 6.776560
158 6.780171
159 6.783723
160 6.787221
161 6.790672
162 6.794068
163 6.797406
164 6.800691
165 6.803922
166 6.807098
167 6.810225
168 6.813305
169 6.816336
170 6.819322
171 6.822260
172 6.825154
173 6.828002
174 6.830804
175 6.833564
176 6.836279
177 6.838950
178 6.841580
179 6.844165
180 6.846710
181 6.849212
182 6.851673
183 6.854096
184 6.856482
185 6.858830
186 6.861142
187 6.863419
188 6.865663
189 6.867873
190 6.870047
191 6.872188
192 6.874295
193 6.876370
194 6.878411
195 6.880422
196 6.882396
197 6.884338
198 6.886250
199 6.888132
200 6.889983
201 6.891803
202 6.893594
203 6.895359
204 6.897097
205 6.898807
206 6.900492
207 6.902152
208 6.903786
209 6.905396
210 6.906981
211 6.908542
212 6.910079
213 6.911593
214 6.913083
215 6.914550
216 6.915994
217 6.917416
218 6.918816
219 6.920195
220 6.921554
221 6.922891
222 6.924208
223 6.925506
224 6.926783
225 6.928040
226 6.929279
227 6.930499
228 6.931701
229 6.932884
230 6.934049
231 6.935198
232 6.936329
233 6.937444
234 6.938542
235 6.939622
236 6.940686
237 6.941734
238 6.942766
239 6.943783
240 6.944784
241 6.945770
242 6.946740
243 6.947696
244 6.948636
245 6.949561
246 6.950473
247 6.951371
248 6.952256
249 6.953128
250 6.953986
251 6.954833
252 6.955666
253 6.956487
254 6.957296
255 6.958092
256 6.958876
257 6.959648
258 6.960408
259 6.961156
260 6.961893
261 6.962618
262 6.963331
263 6.964032
264 6.964722
265 6.965402
266 6.966072
267 6.966732
268 6.967383
269 6.968024
270 6.968655
271 6.969276
272 6.969889
273 6.970492
274 6.971086
275 6.971671
276 6.972247
277 6.972814
278 6.973372
279 6.973923
280 6.974465
281 6.974999
282 6.975526
283 6.976044
284 6.976554
285 6.977057
286 6.977553
287 6.978041
288 6.978521
289 6.978995
290 6.979461
291 6.979920
292 6.980372
293 6.980818
294 6.981258
295 6.981691
296 6.982117
297 6.982536
298 6.982950
299 6.983356
300 6.983757
301 6.984151
302 6.984539
303 6.984922
304 6.985298
305 6.985669
306 6.986034
307 6.986393
308 6.986748
309 6.987096
310 6.987440
311 6.987778
312 6.988111
313 6.988439
314 6.988762
315 6.989080
316 6.989393
317 6.989701
318 6.990005
319 6.990304
320 6.990598
321 6.990888
322 6.991174
323 6.991455
324 6.991733
325 6.992005
326 6.992274
327 6.992538
328 6.992798
329 6.993055
330 6.993307
331 6.993556
332 6.993801
333 6.994042
334 6.994279
335 6.994513
336 6.994744
337 6.994970
338 6.995194
339 6.995414
340 6.995631
341 6.995845
342 6.996055
343 6.996263
344 6.996467
345 6.996669
346 6.996867
347 6.997062
348 6.997254
349 6.997443
350 6.997630
351 6.997813
352 6.997993
353 6.998171
354 6.998347
355 6.998519
356 6.998689
357 6.998856
358 6.999021
359 6.999183
360 6.999343
361 6.999500
362 6.999656
363 6.999808
364 6.999959
365 7.000107
366 7.000253
367 7.000396
368 7.000537
369 7.000677
370 7.000814
371 7.000949
372 7.001082
373 7.001213
374 7.001342
375 7.001469
376 7.001594
377 7.001718
378 7.001839
379 7.001959
380 7.002076
381 7.002192
382 7.002307
383 7.002419
384 7.002530
385 7.002639
386 7.002747
387 7.002853
388 7.002957
389 7.003060
390 7.003161
391 7.003261
392 7.003359
393 7.003456
394 7.003551
395 7.003645
396 7.003738
397 7.003829
398 7.003919
399 7.004007
400 7.004095
401 7.004180
402 7.004265
403 7.004348
404 7.004430
405 7.004511
406 7.004590
407 7.004668
408 7.004746
409 7.004821
410 7.004896
411 7.004970
412 7.005042
413 7.005114
414 7.005184
415 7.005254
416 7.005322
417 7.005389
418 7.005455
419 7.005521
420 7.005585
421 7.005648
422 7.005710
423 7.005772
424 7.005832
425 7.005891
426 7.005950
427 7.006008
428 7.006065
429 7.006121
430 7.006176
431 7.006230
432 7.006284
433 7.006336
434 7.006388
435 7.006439
436 7.006490
437 7.006539
438 7.006588
439 7.006636
440 7.006684
441 7.006730
442 7.006776
443 7.006821
444 7.006866
445 7.006910
446 7.006953
447 7.006996
448 7.007038
449 7.007079
450 7.007120
451 7.007160
452 7.007200
453 7.007238
454 7.007277
455 7.007314
456 7.007351
457 7.007388
458 7.007424
459 7.007460
460 7.007494
461 7.007529
462 7.007563
463 7.007596
464 7.007629
465 7.007661
466 7.007693
467 7.007725
468 7.007756
469 7.007786
470 7.007816
471 7.007846
472 7.007875
473 7.007904
474 7.007932
475 7.007960
476 7.007987
477 7.008014
478 7.008041
479 7.008067
480 7.008093
481 7.008119
482 7.008144
483 7.008168
484 7.008193
485 7.008217
486 7.008241
487 7.008264
488 7.008287
489 7.008310
490 7.008332
491 7.008354
492 7.008376
493 7.008397
494 7.008418
495 7.008439
496 7.008459
497 7.008479
498 7.008499
499 7.008519
500 7.008538
501 7.008557
502 7.008575
503 7.008594
504 7.008612
505 7.008630
506 7.008647
507 7.008664
508 7.008681
509 7.008698
510 7.008715
511 7.008731
512 7.008747
513 7.008763
514 7.008778
515 7.008794
516 7.008809
517 7.008824
518 7.008838
519 7.008853
520 7.008867
521 7.008881
522 7.008895
523 7.008908
524 7.008922
525 7.008935
526 7.008948
527 7.008960
528 7.008973
529 7.008985
530 7.008998
531 7.009010
532 7.009021
533 7.009033
534 7.009044
535 7.009056
536 7.009067
537 7.009078
538 7.009089
539 7.009099
540 7.009110
541 7.009120
542 7.009130
543 7.009140
544 7.009150
545 7.009160
546 7.009169
547 7.009179
548 7.009188
549 7.009197
550 7.009206
551 7.009215
552 7.009224
553 7.009233
554 7.009241
555 7.009249
556 7.009258
557 7.009266
558 7.009274
559 7.009281
560 7.009289
561 7.009297
562 7.009304
563 7.009312
564 7.009319
565 7.009326
566 7.009333
567 7.009340
568 7.009347
569 7.009354
570 7.009360
571 7.009367
572 7.009373
573 7.009380
574 7.009386
575 7.009392
576 7.009398
577 7.009404
578 7.009410
579 7.009416
580 7.009421
581 7.009427
582 7.009433
583 7.009438
584 7.009443
585 7.009449
586 7.009454
587 7.009459
588 7.009464
589 7.009469
590 7.009474
591 7.009479
592 7.009484
593 7.009488
594 7.009493
595 7.009498
596 7.009502
597 7.009506
598 7.009511
599 7.009515
600 7.009519
601 7.009524
602 7.009528
603 7.009532
604 7.009536
605 7.009540
606 7.009543
607 7.009547
608 7.009551
609 7.009555
610 7.009558
611 7.009562
612 7.009566
613 7.009569
614 7.009572
615 7.009576
616 7.009579
617 7.009582
618 7.009586
619 7.009589
620 7.009592
621 7.009595
622 7.009598
623 7.009601
624 7.009604
625 7.009607
626 7.009610
627 7.009612
628 7.009615
629 7.009618
630 7.009620
631 7.009623
632 7.009626
633 7.009628
634 7.009631
635 7.009633
636 7.009636
637 7.009638
638 7.009640
639 7.009643
640 7.009645
641 7.009647
642 7.009650
643 7.009652
644 7.009654
645 7.009656
646 7.009658
647 7.009660
648 7.009662
649 7.009664
650 7.009666
651 7.009668
652 7.009670
653 7.009672
654 7.009674
655 7.009676
656 7.009678
657 7.009679
658 7.009681
659 7.009683
660 7.009684
661 7.009686
662 7.009688
663 7.009689
664 7.009691
665 7.009693
666 7.009694
667 7.009696
668 7.009697
669 7.009699
670 7.009700
671 7.009702
672 7.009703
673 7.009704
674 7.009706
675 7.009707
676 7.009709
677 7.009710
678 7.009711
679 7.009712
680 7.009714
681 7.009715
682 7.009716
683 7.009717
684 7.009719
685 7.009720
686 7.009721
687 7.009722
688 7.009723
689 7.009724
690 7.009725
691 7.009726
692 7.009727
693 7.009728
694 7.009730
695 7.009731
696 7.009732
697 7.009732
698 7.009733
699 7.009734
700 7.009735
701 7.009736
702 7.009737
703 7.009738
704 7.009739
705 7.009740
706 7.009741
707 7.009741
708 7.009742
709 7.009743
710 7.009744
711 7.009745
712 7.009745
713 7.009746
714 7.009747
715 7.009748
716 7.009748
717 7.009749
718 7.009750
719 7.009751
720 7.009751
721 7.009752
722 7.009753
723 7.009753
724 7.009754
725 7.009755
726 7.009755
727 7.009756
728 7.009756
729 7.009757
730 7.009758
731 7.009758
732 7.009759
733 7.009759
734 7.009760
735 7.009760
736 7.009761
737 7.009761
738 7.009762
739 7.009762
740 7.009763
741 7.009763
742 7.009764
743 7.009764
744 7.009765
745 7.009765
746 7.009766
747 7.009766
748 7.009767
749 7.009767
750 7.009768
751 7.009768
752 7.009768
753 7.009769
754 7.009769
755 7.009770
756 7.009770
757 7.009771
758 7.009771
759 7.009771
760 7.009772
761 7.009772
762 7.009772
763 7.009773
764 7.009773
765 7.009773
766 7.009774
767 7.009774
768 7.009774
769 7.009775
770 7.009775
771 7.009775
772 7.009776
773 7.009776
774 7.009776
775 7.009777
776 7.009777
777 7.009777
778 7.009778
779 7.009778
780 7.009778
781 7.009778
782 7.009779
783 7.009779
784 7.009779
785 7.009779
786 7.009780
787 7.009780
788 7.009780
789 7.009780
790 7.009781
791 7.009781
792 7.009781
793 7.009781
794 7.009782
795 7.009782
796 7.009782
797 7.009782
798 7.009782
799 7.009783
800 7.009783
801 7.009783
802 7.009783
803 7.009783
804 7.009784
805 7.009784
806 7.009784
807 7.009784
808 7.009784
809 7.009785
810 7.009785
811 7.009785
812 7.009785
813 7.009785
814 7.009785
815 7.009786
816 7.009786
817 7.009786
818 7.009786
819 7.009786
820 7.009786
821 7.009786
822 7.009787
823 7.009787
824 7.009787
825 7.009787
826 7.009787
827 7.009787
828 7.009787
829 7.009788
830 7.009788
831 7.009788
832 7.009788
833 7.009788
834 7.009788
835 7.009788
836 7.009788
837 7.009789
838 7.009789
839 7.009789
840 7.009789
841 7.009789
842 7.009789
843 7.009789
844 7.009789
845 7.009789
846 7.009790
847 7.009790
848 7.009790
849 7.009790
850 7.009790
851 7.009790
852 7.009790
853 7.009790
854 7.009790
855 7.009790
856 7.009790
857 7.009791
858 7.009791
859 7.009791
860 7.009791
861 7.009791
862 7.009791
863 7.009791
864 7.009791
865 7.009791
866 7.009791
867 7.009791
868 7.009791
869 7.009792
870 7.009792
871 7.009792
872 7.009792
873 7.009792
874 7.009792
875 7.009792
876 7.009792
877 7.009792
878 7.009792
879 7.009792
880 7.009792
881 7.009792
882 7.009792
883 7.009792
884 7.009792
885 7.009793
886 7.009793
887 7.009793
888 7.009793
889 7.009793
890 7.009793
891 7.009793
892 7.009793
893 7.009793
894 7.009793
895 7.009793
896 7.009793
897 7.009793
898 7.009793
899 7.009793
900 7.009793
901 7.009793
902 7.009793
903 7.009793
904 7.009793
905 7.009793
906 7.009794
907 7.009794
908 7.009794
909 7.009794
910 7.009794
911 7.009794
912 7.009794
913 7.009794
914 7.009794
915 7.009794
916 7.009794
917 7.009794
918 7.009794
919 7.009794
920 7.009794
921 7.009794
922 7.009794
923 7.009794
924 7.009794
925 7.009794
926 7.009794
927 7.009794
928 7.009794
929 7.009794
930 7.009794
931 7.009794
932 7.009794
933 7.009794
934 7.009794
935 7.009794
936 7.009794
937 7.009795
938 7.009795
939 7.009795
940 7.009795
941 7.009795
942 7.009795
943 7.009795
944 7.009795
945 7.009795
946 7.009795
947 7.009795
948 7.009795
949 7.009795
950 7.009795
951 7.009795
952 7.009795
953 7.009795
954 7.009795
955 7.009795
956 7.009795
957 7.009795
958 7.009795
959 7.009795
960 7.009795
961 7.009795
962 7.009795
963 7.009795
964 7.009795
965 7.009795
966 7.009795
967 7.009795
968 7.009795
969 7.009795
970 7.009795
971 7.009795
972 7.009795
973 7.009795
974 7.009795
975 7.009795
976 7.009795
977 7.009795
978 7.009795
979 7.009795
980 7.009795
981 7.009795
982 7.009795
983 7.009795
984 7.009795
985 7.009795
986 7.009795
987 7.009795
988 7.009795
989 7.009795
990 7.009795
991 7.009795
992 7.009795
993 7.009795
994 7.009795
995 7.009796
996 7.009796
997 7.009796
998 7.009796
999 7.009796
1000 7.009796
1001 7.009796
1002 7.009796
1003 7.009796
1004 7.009796
1005 7.009796
1006 7.009796
1007 7.009796
1008 7.009796
1009 7.009796
1010 7.009796
1011 7.009796
1012 7.009796
1013 7.009796
1014 7.009796
1015 7.009796
1016 7.009796
1017 7.009796
1018 7.009796
1019 7.009796
1020 7.009796
1021 7.009796
1022 7.009796
1023 7.009796
1024 7.009796
1025 7.009796
1026 7.009796
1027 7.009796
1028 7.009796
1029 7.009796
1030 7.009796
1031 7.009796
1032 7.009796
1033 7.009796
1034 7.009796
1035 7.009796
1036 7.009796
1037 7.009796
1038 7.009796
1039 7.009796
1040 7.009796
1041 7.009796
1042 7.009796
1043 7.009796
1044 7.009796
1045 7.009796
1046 7.009796
1047 7.009796
1048 7.009796
1049 7.009796
1050 7.009796
1051 7.009796
1052 7.009796
1053 7.009796
1054 7.009796
1055 7.009796
1056 7.009796
1057 7.009796
1058 7.009796
1059 7.009796
1060 7.009796
1061 7.009796
1062 7.009796
1063 7.009796
1064 7.009796
1065 7.009796
1066 7.009796
1067 7.009796
1068 7.009796
1069 7.009796
1070 7.009796
1071 7.009796
1072 7.009796
1073 7.009796
1074 7.009796
1075 7.009796
1076 7.009796
1077 7.009796
1078 7.009796
1079 7.009796
1080 7.009796
1081 7.009796
1082 7.009796
1083 7.009796
1084 7.009796
1085 7.009796
1086 7.009796
1087 7.009796
1088 7.009796
1089 7.009796
1090 7.009796
1091 7.009796
1092 7.009796
1093 7.009796
1094 7.009796
1095 7.009796
1096 7.009796
1097 7.009796
1098 7.009796
1099 7.009796
1100 7.009796
1101 7.009796
1102 7.009796
1103 7.009796
1104 7.009796
1105 7.009796
1106 7.009796
1107 7.009796
1108 7.009796
1109 7.009796
1110 7.009796
1111 7.009796
1112 7.009796
1113 7.009796
1114 7.009796
1115 7.009796
1116 7.009796
1117 7.009796
1118 7.009796
1119 7.009796
1120 7.009796
1121 7.009796
1122 7.009796
1123 7.009796
1124 7.009796
1125 7.009796
1126 7.009796
1127 7.009796
1128 7.009796
1129 7.009796
1130 7.009796
1131 7.009796
1132 7.009796
1133 7.009796
1134 7.009796
1135 7.009796
1136 7.009796
1137 7.009796
1138 7.009796
1139 7.009796
1140 7.009796
1141 7.009796
1142 7.009796
1143 7.009796
1144 7.009796
1145 7.009796
1146 7.009796
1147 7.009796
1148 7.009796
1149 7.009796
1150 7.009796
1151 7.009796
1152 7.009796
1153 7.009796
1154 7.009796
1155 7.009796
1156 7.009796
1157 7.009796
1158 7.009796
1159 7.009796
1160 7.009796
1161 7.009796
1162 7.009796
1163 7.009796
1164 7.009796
1165 7.009796
1166 7.009796
1167 7.009796
1168 7.009796
1169 7.009796
1170 7.009796
1171 7.009796
1172 7.009796
1173 7.009796
1174 7.009796
1175 7.009796
1176 7.009796
1177 7.009796
1178 7.009796
1179 7.009796
1180 7.009796
1181 7.009796
1182 7.009796
1183 7.009796
1184 7.009796
1185 7.009796
1186 7.009796
1187 7.009796
1188 7.009796
1189 7.009796
1190 7.009796
1191 7.009796
1192 7.009796
1193 7.009796
1194 7.009796
1195 7.009796
1196 7.009796
1197 7.009796
1198 7.009796
1199 7.009796
1200 7.009796
1201 7.009796
1202 7.009796
1203 7.009796
1204 7.009796
1205 7.009796
1206 7.009796
1207 7.009796
1208 7.009796
1209 7.009796
1210 7.009796
1211 7.009796
1212 7.009796
1213 7.009796
1214 7.009796
1215 7.009796
1216 7.009796
1217 7.009796
1218 7.009796
1219 7.009796
1220 7.009796
1221 7.009796
1222 7.009796
1223 7.009796
1224 7.009796
1225 7.009796
1226 7.009796
1227 7.009796
1228 7.009796
1229 7.009796
1230 7.009796
1231 7.009796
1232 7.009796
1233 7.009796
1234 7.009796
1235 7.009796
1236 7.009796
1237 7.009796
1238 7.009796
1239 7.009796
1240 7.009796
1241 7.009796
1242 7.009796
1243 7.009796
1244 7.009796
1245 7.009796
1246 7.009796
1247 7.009796
1248 7.009796
1249 7.009796
1250 7.009796
1251 7.009796
1252 7.009796
1253 7.009796
1254 7.009796
1255 7.009796
1256 7.009796
1257 7.009796
1258 7.009796
1259 7.009796
1260 7.009796
1261 7.009796
1262 7.009796
1263 7.009796
1264 7.009796
1265 7.009796
1266 7.009796
1267 7.009796
1268 7.009796
1269 7.009796
1270 7.009796
1271 7.009796
1272 7.009796
1273 7.009796
1274 7.009796
1275 7.009796
1276 7.009796
1277 7.009796
1278 7.009796
1279 7.009796
1280 7.009796
1281 7.009796
1282 7.009796
1283 7.009796
1284 7.009796
1285 7.009796
1286 7.009796
1287 7.009796
1288 7.009796
1289 7.009796
1290 7.009796
1291 7.009796
1292 7.009796
1293 7.009796
1294 7.009796
1295 7.009796
1296 7.009796
1297 7.009796
1298 7.009796
1299 7.009796
1300 7.009796
1301 7.009796
1302 7.009796
1303 7.009796
1304 7.009796
1305 7.009796
1306 7.009796
1307 7.009796
1308 7.009796
1309 7.009796
1310 7.009796
1311 7.009796
1312 7.009796
1313 7.009796
1314 7.009796
1315 7.009796
1316 7.009796
1317 7.009796
1318 7.009796
1319 7.009796
1320 7.009796
1321 7.009796
1322 7.009796
1323 7.009796
1324 7.009796
1325 7.009796
1326 7.009796
1327 7.009796
1328 7.009796
1329 7.009796
1330 7.009796
1331 7.009796
1332 7.009796
1333 7.009796
1334 7.009796
1335 7.009796
1336 7.009796
1337 7.009796
1338 7.009796
1339 7.009796
1340 7.009796
1341 7.009796
1342 7.009796
1343 7.009796
1344 7.009796
1345 7.009796
1346 7.009796
1347 7.009796
1348 7.009796
1349 7.009796
1350 7.009796
1351 7.009796
1352 7.009796
1353 7.009796
1354 7.009796
1355 7.009796
1356 7.009796
1357 7.009796
1358 7.009796
1359 7.009796
1360 7.009796
1361 7.009796
1362 7.009796
1363 7.009796
1364 7.009796
1365 7.009796
1366 7.009796
1367 7.009796
1368 7.009796
1369 7.009796
1370 7.009796
1371 7.009796
1372 7.009796
1373 7.009796
1374 7.009796
1375 7.009796
1376 7.009796
1377 7.009796
1378 7.009796
1379 7.009796
1380 7.009796
1381 7.009796
1382 7.009796
1383 7.009796
1384 7.009796
1385 7.009796
1386 7.009796
1387 7.009796
1388 7.009796
1389 7.009796
1390 7.009796
1391 7.009796
1392 7.009796
1393 7.009796
1394 7.009796
1395 7.009796
1396 7.009796
1397 7.009796
1398 7.009796
1399 7.009796
1400 7.009796
1401 7.009796
1402 7.009796
1403 7.009796
1404 7.009796
1405 7.009796
1406 7.009796
1407 7.009796
1408 7.009796
1409 7.009796
1410 7.009796
1411 7.009796
1412 7.009796
1413 7.009796
1414 7.009796
1415 7.009796
1416 7.009796
1417 7.009796
1418 7.009796
1419 7.009796
1420 7.009796
1421 7.009796
1422 7.009796
1423 7.009796
1424 7.009796
1425 7.009796
1426 7.009796
1427 7.009796
1428 7.009796
1429 7.009796
1430 7.009796
1431 7.009796
1432 7.009796
1433 7.009796
1434 7.009796
1435 7.009796
1436 7.009796
1437 7.009796
1438 7.009796
1439 7.009796
1440 7.009796
1441 7.009796
1442 7.009796
1443 7.009796
1444 7.009796
1445 7.009796
1446 7.009796
1447 7.009796
1448 7.009796
1449 7.009796
1450 7.009796
1451 7.009796
1452 7.009796
1453 7.009796
1454 7.009796
1455 7.009796
1456 7.009796
1457 7.009796
1458 7.009796
1459 7.009796
1460 7.009796
1461 7.009796
1462 7.009796
1463 7.009796
1464 7.009796
1465 7.009796
1466 7.009796
1467 7.009796
1468 7.009796
1469 7.009796
1470 7.009796
1471 7.009796
1472 7.009796
1473 7.009796
1474 7.009796
1475 7.009796
1476 7.009796
1477 7.009796
1478 7.009796
1479 7.009796
1480 7.009796
1481 7.009796
1482 7.009796
1483 7.009796
1484 7.009796
1485 7.009796
1486 7.009796
1487 7.009796
1488 7.009796
1489 7.009796
1490 7.009796
1491 7.009796
1492 7.009796
1493 7.009796
1494 7.009796
1495 7.009796
1496 7.009796
1497 7.009796
1498 7.009796
1499 7.009796
1500 7.009796
1501 7.009796
1502 7.009796
1503 7.009796
1504 7.009796
1505 7.009796
1506 7.009796
1507 7.009796
1508 7.009796
1509 7.009796
1510 7.009796
1511 7.009796
1512 7.009796
1513 7.009796
1514 7.009796
1515 7.009796
1516 7.009796
1517 7.009796
1518 7.009796
1519 7.009796
1520 7.009796
1521 7.009796
1522 7.009796
1523 7.009796
1524 7.009796
1525 7.009796
1526 7.009796
1527 7.009796
1528 7.009796
1529 7.009796
1530 7.009796
1531 7.009796
1532 7.009796
1533 7.009796
1534 7.009796
1535 7.009796
1536 7.009796
1537 7.009796
1538 7.009796
1539 7.009796
1540 7.009796
1541 7.009796
1542 7.009796
1543 7.009796
1544 7.009796
1545 7.009796
1546 7.009796
1547 7.009796
1548 7.009796
1549 7.009796
1550 7.009796
1551 7.009796
1552 7.009796
1553 7.009796
1554 7.009796
1555 7.009796
1556 7.009796
1557 7.009796
1558 7.009796
1559 7.009796
1560 7.009796
1561 7.009796
1562 7.009796
1563 7.009796
1564 7.009796
1565 7.009796
1566 7.009796
1567 7.009796
1568 7.009796
1569 7.009796
1570 7.009796
1571 7.009796
1572 7.009796
1573 7.009796
1574 7.009796
1575 7.009796
1576 7.009796
1577 7.009796
1578 7.009796
1579 7.009796
1580 7.009796
1581 7.009796
1582 7.009796
1583 7.009796
1584 7.009796
1585 7.009796
1586 7.009796
1587 7.009796
1588 7.009796
1589 7.009796
1590 7.009796
1591 7.009796
1592 7.009796
1593 7.009796
1594 7.009796
1595 7.009796
1596 7.009796
1597 7.009796
1598 7.009796
1599 7.009796
1600 7.009796
1601 7.009796
1602 7.009796
1603 7.009796
1604 7.009796
1605 7.009796
1606 7.009796
1607 7.009796
1608 7.009796
1609 7.009796
1610 7.009796
1611 7.009796
1612 7.009796
1613 7.009796
1614 7.009796
1615 7.009796
1616 7.009796
1617 7.009796
1618 7.009796
1619 7.009796
1620 7.009796
1621 7.009796
1622 7.009796
1623 7.009796
1624 7.009796
1625 7.009796
1626 7.009796
1627 7.009796
1628 7.009796
1629 7.009796
1630 7.009796
1631 7.009796
1632 7.009796
1633 7.009796
1634 7.009796
1635 7.009796
1636 7.009796
1637 7.009796
1638 7.009796
1639 7.009796
1640 7.009796
1641 7.009796
1642 7.009796
1643 7.009796
1644 7.009796
1645 7.009796
1646 7.009796
1647 7.009796
1648 7.009796
1649 7.009796
1650 7.009796
1651 7.009796
1652 7.009796
1653 7.009796
1654 7.009796
1655 7.009796
1656 7.009796
1657 7.009796
1658 7.009796
1659 7.009796
1660 7.009796
1661 7.009796
1662 7.009796
1663 7.009796
1664 7.009796
1665 7.009796
1666 7.009796
1667 7.009796
1668 7.009796
1669 7.009796
1670 7.009796
1671 7.009796
1672 7.009796
1673 7.009796
1674 7.009796
1675 7.009796
1676 7.009796
1677 7.009796
1678 7.009796
1679 7.009796
1680 7.009796
1681 7.009796
1682 7.009796
1683 7.009796
1684 7.009796
1685 7.009796
1686 7.009796
1687 7.009796
1688 7.009796
1689 7.009796
1690 7.009796
1691 7.009796
1692 7.009796
1693 7.009796
1694 7.009796
1695 7.009796
1696 7.009796
1697 7.009796
1698 7.009796
1699 7.009796
1700 7.009796
1701 7.009796
1702 7.009796
1703 7.009796
1704 7.009796
1705 7.009796
1706 7.009796
1707 7.009796
1708 7.009796
1709 7.009796
1710 7.009796
1711 7.009796
1712 7.009796
1713 7.009796
1714 7.009796
1715 7.009796
1716 7.009796
1717 7.009796
1718 7.009796
1719 7.009796
1720 7.009796
1721 7.009796
1722 7.009796
1723 7.009796
1724 7.009796
1725 7.009796
1726 7.009796
1727 7.009796
1728 7.009796
1729 7.009796
1730 7.009796
1731 7.009796
1732 7.009796
1733 7.009796
1734 7.009796
1735 7.009796
1736 7.009796
1737 7.009796
1738 7.009796
1739 7.009796
1740 7.009796
1741 7.009796
1742 7.009796
1743 7.009796
1744 7.009796
1745 7.009796
1746 7.009796
1747 7.009796
1748 7.009796
1749 7.009796
1750 7.009796
1751 7.009796
1752 7.009796
1753 7.009796
1754 7.009796
1755 7.009796
1756 7.009796
1757 7.009796
1758 7.009796
1759 7.009796
1760 7.009796
1761 7.009796
1762 7.009796
1763 7.009796
1764 7.009796
1765 7.009796
1766 7.009796
1767 7.009796
1768 7.009796
1769 7.009796
1770 7.009796
1771 7.009796
1772 7.009796
1773 7.009796
1774 7.009796
1775 7.009796
1776 7.009796
1777 7.009796
1778 7.009796
1779 7.009796
1780 7.009796
1781 7.009796
1782 7.009796
1783 7.009796
1784 7.009796
1785 7.009796
1786 7.009796
1787 7.009796
1788 7.009796
1789 7.009796
1790 7.009796
1791 7.009796
1792 7.009796
1793 7.009796
1794 7.009796
1795 7.009796
1796 7.009796
1797 7.009796
1798 7.009796
1799 7.009796
1800 7.009796
1801 7.009796
1802 7.009796
1803 7.009796
1804 7.009796
1805 7.009796
1806 7.009796
1807 7.009796
1808 7.009796
1809 7.009796
1810 7.009796
1811 7.009796
1812 7.009796
1813 7.009796
1814 7.009796
1815 7.009796
1816 7.009796
1817 7.009796
1818 7.009796
1819 7.009796
1820 7.009796
1821 7.009796
1822 7.009796
1823 7.009796
