1 1.183810
2 1.773193
3 2.371167
4 2.968666
5 3.562492
6 4.150382
7 4.729278
8 5.296302
9 5.849269
10 6.385876
11 6.904497
12 7.403347
13 7.880966
14 8.337463
15 8.772791
16 9.186481
17 9.579026
18 9.951201
19 10.303533
20 10.637203
21 10.952992
22 11.251545
23 11.534128
24 11.801765
25 12.055003
26 12.295097
27 12.522829
28 12.738797
29 12.943790
30 13.138392
31 13.323506
32 13.499791
33 13.667580
34 13.827834
35 13.981007
36 14.127398
37 14.267574
38 14.402021
39 14.530776
40 14.654249
41 14.772807
42 14.886847
43 14.996577
44 15.102381
45 15.204611
46 15.303344
47 15.398702
48 15.490984
49 15.580368
50 15.666884
51 15.750643
52 15.831977
53 15.910910
54 15.987438
55 16.061852
56 16.134212
57 16.204648
58 16.273207
59 16.339930
60 16.404954
61 16.468279
62 16.530014
63 16.590264
64 16.648997
65 16.706333
66 16.762369
67 16.817153
68 16.870697
69 16.922962
70 16.974118
71 17.024188
72 17.073255
73 17.121319
74 17.168401
75 17.214581
76 17.259842
77 17.304242
78 17.347792
79 17.390517
80 17.432390
81 17.473495
82 17.513809
83 17.553366
84 17.592192
85 17.630354
86 17.667829
87 17.704625
88 17.740766
89 17.776224
90 17.811030
91 17.845210
92 17.878764
93 17.911724
94 17.944099
95 17.975960
96 18.007261
97 18.038037
98 18.068288
99 18.098038
100 18.127297
101 18.156055
102 18.184313
103 18.212088
104 18.239383
105 18.266211
106 18.292599
107 18.318554
108 18.344065
109 18.369156
110 18.393865
111 18.418196
112 18.442131
113 18.465661
114 18.488786
115 18.511526
116 18.533883
117 18.555876
118 18.577518
119 18.598801
120 18.619735
121 18.640351
122 18.660638
123 18.680595
124 18.700210
125 18.719509
126 18.738496
127 18.757153
128 18.775525
129 18.793609
130 18.811426
131 18.828946
132 18.846178
133 18.863143
134 18.879841
135 18.896265
136 18.912426
137 18.928328
138 18.943978
139 18.959401
140 18.974575
141 18.989507
142 19.004208
143 19.018668
144 19.032900
145 19.046904
146 19.060685
147 19.074250
148 19.087607
149 19.100752
150 19.113692
151 19.126425
152 19.138947
153 19.151266
154 19.163380
155 19.175303
156 19.187040
157 19.198603
158 19.209984
159 19.221186
160 19.232206
161 19.243073
162 19.253775
163 19.264310
164 19.274673
165 19.284873
166 19.294926
167 19.304820
168 19.314560
169 19.324145
170 19.333578
171 19.342865
172 19.352004
173 19.360999
174 19.369852
175 19.378567
176 19.387142
177 19.395582
178 19.403889
179 19.412067
180 19.420128
181 19.428062
182 19.435876
183 19.443566
184 19.451136
185 19.458589
186 19.465928
187 19.473151
188 19.480257
189 19.487250
190 19.494136
191 19.500921
192 19.507600
193 19.514179
194 19.520659
195 19.527037
196 19.533325
197 19.539516
198 19.545610
199 19.551608
200 19.557513
201 19.563339
202 19.569075
203 19.574724
204 19.580281
205 19.585755
206 19.591145
207 19.596450
208 19.601674
209 19.606818
210 19.611882
211 19.616867
212 19.621775
213 19.626610
214 19.631371
215 19.636051
216 19.640657
217 19.645191
218 19.649653
219 19.654046
220 19.658370
221 19.662624
222 19.666812
223 19.670934
224 19.674992
225 19.678987
226 19.682920
227 19.686792
228 19.690604
229 19.694356
230 19.698052
231 19.701689
232 19.705269
233 19.708789
234 19.712253
235 19.715665
236 19.719022
237 19.722330
238 19.725587
239 19.728794
240 19.731951
241 19.735061
242 19.738122
243 19.741138
244 19.744106
245 19.747030
246 19.749908
247 19.752742
248 19.755532
249 19.758282
250 19.760991
251 19.763670
252 19.766308
253 19.768905
254 19.771462
255 19.773979
256 19.776458
257 19.778900
258 19.781304
259 19.783671
260 19.786003
261 19.788299
262 19.790562
263 19.792791
264 19.794985
265 19.797144
266 19.799270
267 19.801365
268 19.803427
269 19.805459
270 19.807459
271 19.809429
272 19.811368
273 19.813277
274 19.815155
275 19.817005
276 19.818825
277 19.820617
278 19.822383
279 19.824120
280 19.825831
281 19.827515
282 19.829174
283 19.830807
284 19.832416
285 19.834000
286 19.835561
287 19.837097
288 19.838611
289 19.840101
290 19.841569
291 19.843014
292 19.844437
293 19.845838
294 19.847217
295 19.848576
296 19.849914
297 19.851232
298 19.852530
299 19.853807
300 19.855066
301 19.856305
302 19.857526
303 19.858729
304 19.859913
305 19.861079
306 19.862227
307 19.863357
308 19.864471
309 19.865568
310 19.866649
311 19.867712
312 19.868759
313 19.869790
314 19.870805
315 19.871805
316 19.872790
317 19.873760
