2 0.984528
3 0.982780
4 0.982948
5 0.983818
6 0.983610
7 0.983122
8 0.982680
9 0.981608
10 0.980286
11 0.979456
12 0.978512
13 0.977278
14 0.976140
15 0.975158
16 0.975136
17 0.974104
18 0.974038
19 0.973686
20 0.973524
22 0.973132
23 0.973198
24 0.973768
25 0.974256
26 0.974756
27 0.975402
28 0.976790
29 0.978320
30 0.978822
31 0.979932
32 0.981108
33 0.982406
34 0.983382
35 0.984832
36 0.986176
37 0.987404
38 0.988366
39 0.989620
40 0.990780
42 0.995048
43 0.996600
44 0.998562
45 0.999626
46 1.001548
47 1.002382
48 1.004042
49 1.006010
50 1.007752
51 1.009242
52 1.010814
53 1.012492
54 1.014918
55 1.016304
56 1.018934
57 1.020702
58 1.022478
59 1.024740
60 1.026776
62 1.031000
63 1.033430
64 1.034858
65 1.036990
66 1.038506
67 1.040354
68 1.042568
69 1.044362
70 1.046066
71 1.047522
72 1.049338
73 1.050466
74 1.053232
75 1.055260
76 1.057228
77 1.058980
78 1.060200
79 1.061628
80 1.062868
82 1.066034
83 1.067482
84 1.069678
85 1.071548
86 1.073484
87 1.074862
88 1.076898
89 1.078014
90 1.079004
91 1.080394
92 1.081558
93 1.083366
94 1.085022
95 1.086272
96 1.087238
97 1.088220
98 1.089320
99 1.090448
100 1.092276
102 1.095880
103 1.097366
104 1.098754
105 1.099868
106 1.101272
107 1.103008
108 1.104186
109 1.104870
110 1.106290
111 1.107308
112 1.108122
113 1.109062
114 1.109984
115 1.110932
116 1.111978
117 1.113084
118 1.113712
119 1.115062
120 1.116052
122 1.118046
123 1.119810
124 1.120778
125 1.121878
126 1.122852
127 1.124276
128 1.125308
129 1.125882
130 1.126634
131 1.127344
132 1.127872
133 1.128498
134 1.129086
135 1.129926
136 1.130216
137 1.131014
138 1.131554
139 1.132002
140 1.132548
142 1.133028
143 1.133410
144 1.133374
145 1.133864
146 1.134668
147 1.135472
148 1.136046
149 1.136430
150 1.136966
151 1.137706
152 1.138370
153 1.139344
154 1.139704
155 1.140112
156 1.140706
157 1.141376
158 1.141898
159 1.142770
160 1.142172
162 1.143698
163 1.143748
164 1.144092
165 1.144580
166 1.144790
167 1.145756
168 1.146810
169 1.146832
170 1.146882
171 1.147218
172 1.147174
173 1.148154
174 1.148816
175 1.149702
176 1.149642
177 1.149826
178 1.150084
179 1.149816
180 1.150548
182 1.151226
183 1.151932
184 1.151942
185 1.152480
186 1.152718
187 1.153326
188 1.153266
189 1.153314
190 1.153632
191 1.153406
192 1.153884
193 1.154102
194 1.153918
195 1.154534
196 1.154542
197 1.155066
198 1.155230
199 1.154904
200 1.154680
202 1.154900
203 1.155480
204 1.155544
205 1.155436
206 1.155506
207 1.155172
208 1.155268
209 1.156078
210 1.156846
211 1.157534
212 1.157670
213 1.157836
214 1.157904
215 1.157840
216 1.158182
217 1.158864
218 1.158986
219 1.159622
220 1.160692
222 1.161194
223 1.161132
224 1.161240
225 1.161176
226 1.160894
227 1.161012
228 1.161552
229 1.161948
230 1.161998
231 1.162314
232 1.162108
233 1.162650
234 1.163460
235 1.164060
236 1.164350
237 1.164594
238 1.164888
239 1.165416
240 1.165380
242 1.166038
243 1.165928
244 1.166160
245 1.166220
246 1.165452
247 1.165316
248 1.165764
249 1.165574
250 1.166186
251 1.165896
252 1.166604
253 1.166718
254 1.167356
255 1.167630
256 1.167286
257 1.167816
258 1.167722
259 1.167674
260 1.167756
262 1.168298
263 1.168616
264 1.168730
265 1.168530
266 1.168498
267 1.168308
268 1.168328
269 1.168480
270 1.168412
271 1.168106
272 1.168090
273 1.167658
274 1.167650
275 1.167442
276 1.167840
277 1.168498
278 1.168382
279 1.168894
280 1.169004
282 1.169686
283 1.170254
284 1.169526
285 1.169248
286 1.169530
287 1.169586
288 1.169340
289 1.169958
290 1.169910
291 1.170086
292 1.170206
293 1.170920
294 1.171042
295 1.170962
296 1.171538
297 1.171592
298 1.171672
299 1.172238
300 1.172362
302 1.172880
303 1.172472
304 1.173030
305 1.173786
306 1.174344
307 1.174090
308 1.174930
309 1.174848
310 1.174702
311 1.174928
312 1.175208
313 1.175722
314 1.175824
315 1.175898
316 1.176588
317 1.176354
318 1.176236
319 1.175744
320 1.175574
322 1.176138
323 1.175388
324 1.175866
325 1.175616
326 1.175658
327 1.176210
328 1.175254
329 1.175240
330 1.174894
331 1.174832
332 1.174526
333 1.174812
334 1.176176
335 1.176260
336 1.176286
337 1.175820
338 1.176600
339 1.176334
340 1.176122
342 1.175848
343 1.175720
344 1.175760
345 1.175724
346 1.175968
347 1.176040
348 1.176972
349 1.176512
350 1.176312
351 1.175742
352 1.175948
353 1.175444
354 1.175256
355 1.175330
356 1.175188
357 1.175106
358 1.175980
359 1.175982
360 1.176054
362 1.175934
363 1.175762
364 1.175880
365 1.175734
366 1.175606
367 1.175058
368 1.175292
369 1.175740
370 1.176138
371 1.175470
372 1.175398
373 1.175702
374 1.175472
375 1.175506
376 1.175750
377 1.175550
378 1.175972
379 1.176002
380 1.175502
382 1.175980
383 1.175582
384 1.175554
385 1.176532
386 1.176980
387 1.176820
388 1.177094
389 1.177380
390 1.177164
391 1.176692
392 1.176906
393 1.176794
394 1.176498
395 1.176966
396 1.176336
397 1.176352
398 1.176242
399 1.176684
400 1.176944
402 1.177292
403 1.177132
404 1.176580
405 1.176966
406 1.177162
407 1.177684
408 1.178020
409 1.178346
410 1.178234
411 1.178628
412 1.178846
413 1.178550
414 1.178876
415 1.178286
416 1.178028
417 1.178480
418 1.178766
419 1.178624
420 1.178036
422 1.178598
423 1.178734
424 1.178088
425 1.178004
426 1.178890
427 1.179120
428 1.178762
429 1.178922
430 1.178824
431 1.179320
432 1.178504
433 1.179088
434 1.178632
435 1.178950
436 1.178614
437 1.178514
438 1.178612
439 1.178602
440 1.179594
442 1.179054
443 1.178522
444 1.178516
445 1.178442
446 1.179428
447 1.179656
448 1.179688
449 1.179140
450 1.179490
451 1.179120
452 1.179232
453 1.179490
454 1.178890
455 1.178332
456 1.178178
457 1.177956
458 1.178038
459 1.178196
460 1.177470
462 1.177560
463 1.178270
464 1.178116
465 1.177862
466 1.179042
467 1.179714
468 1.179372
469 1.179128
470 1.179214
471 1.179718
472 1.179844
473 1.179904
474 1.179878
475 1.179886
476 1.179562
477 1.179520
478 1.179740
479 1.180156
480 1.180036
482 1.179374
483 1.178950
484 1.179648
485 1.180378
486 1.180642
487 1.180598
488 1.180236
489 1.180502
490 1.180480
491 1.179566
492 1.180068
493 1.180040
494 1.179852
495 1.179708
496 1.180124
497 1.180152
498 1.180118
499 1.180344
500 1.179896
502 1.179896
503 1.179520
504 1.179208
505 1.179384
506 1.179500
507 1.179620
508 1.179684
509 1.180318
510 1.179978
511 1.179112
512 1.178650
513 1.178470
514 1.178968
515 1.178966
516 1.178212
517 1.178286
518 1.178276
519 1.178502
520 1.178954
522 1.178870
523 1.178984
524 1.179296
525 1.179700
526 1.179902
527 1.179578
528 1.179522
529 1.179504
530 1.180184
531 1.180608
532 1.180316
533 1.180268
534 1.180028
535 1.179504
536 1.179664
537 1.179694
538 1.179518
539 1.179246
540 1.179038
542 1.179146
543 1.178920
544 1.179362
545 1.179140
546 1.179336
547 1.178946
548 1.178642
549 1.178338
550 1.178828
551 1.178952
552 1.179526
553 1.179488
554 1.179192
555 1.179032
556 1.179050
557 1.179346
558 1.179388
559 1.179204
560 1.179070
562 1.179194
563 1.179674
564 1.180058
565 1.180120
566 1.180874
567 1.181046
568 1.181258
569 1.181540
570 1.182110
571 1.182090
572 1.181520
573 1.181552
574 1.181628
575 1.180606
576 1.179824
577 1.179528
578 1.179424
579 1.178880
580 1.178124
582 1.177906
583 1.177292
584 1.177612
585 1.177950
586 1.178344
587 1.178420
588 1.178806
589 1.179074
590 1.179190
591 1.179102
592 1.178764
593 1.178974
594 1.177910
595 1.177486
596 1.178080
597 1.177504
598 1.177542
599 1.177412
600 1.178358
602 1.178558
603 1.179306
604 1.179394
605 1.178954
606 1.179222
607 1.179026
608 1.178744
609 1.178800
610 1.178964
611 1.178826
612 1.178822
613 1.179710
614 1.180582
615 1.180566
616 1.180766
617 1.180854
618 1.180614
619 1.180808
620 1.180342
622 1.180216
623 1.179782
624 1.179680
625 1.180180
626 1.179826
627 1.180382
628 1.180472
629 1.180170
630 1.180820
631 1.181006
632 1.180406
633 1.180488
634 1.180242
635 1.180666
636 1.180620
637 1.180500
638 1.180980
639 1.180786
640 1.181626
642 1.181506
643 1.181516
644 1.181506
645 1.181950
646 1.181592
647 1.181458
648 1.181528
649 1.181512
650 1.181274
651 1.180946
652 1.181626
653 1.181610
654 1.181054
655 1.181172
656 1.181492
657 1.181590
658 1.181694
659 1.181874
660 1.180764
662 1.181330
663 1.181664
664 1.181736
665 1.181758
666 1.181806
667 1.182216
668 1.182378
669 1.182284
670 1.181730
671 1.181522
672 1.181342
673 1.181796
674 1.182016
675 1.181826
676 1.181958
677 1.182760
678 1.183334
679 1.183132
680 1.183578
682 1.184220
683 1.184050
684 1.184302
685 1.184066
686 1.184402
687 1.184280
688 1.183700
689 1.183308
690 1.182992
691 1.183490
692 1.183682
693 1.183808
694 1.183402
695 1.183176
696 1.182994
697 1.182676
698 1.182560
699 1.182806
700 1.182950
702 1.182778
703 1.183006
704 1.183808
705 1.184052
706 1.183222
707 1.183274
708 1.183158
709 1.183060
710 1.183228
711 1.183546
712 1.183454
713 1.182486
714 1.182342
715 1.182018
716 1.182146
717 1.181484
718 1.180958
719 1.181592
720 1.181672
722 1.181402
723 1.181314
724 1.181138
725 1.180520
726 1.180624
727 1.180526
728 1.180284
729 1.180486
730 1.180678
731 1.180378
732 1.180658
733 1.180488
734 1.180216
735 1.181180
736 1.181396
737 1.181330
738 1.180662
739 1.180620
740 1.181080
742 1.180118
743 1.180338
744 1.180956
745 1.181682
746 1.181900
747 1.181984
748 1.181240
749 1.180502
750 1.180156
751 1.179852
752 1.180198
753 1.179808
754 1.179632
755 1.179426
756 1.178932
757 1.179638
758 1.179662
759 1.180000
760 1.180252
762 1.181802
763 1.181048
764 1.181488
765 1.181496
766 1.180862
767 1.180642
768 1.180254
769 1.180208
770 1.180796
771 1.180724
772 1.180072
773 1.180000
774 1.180124
775 1.179668
776 1.179454
777 1.179132
778 1.179486
779 1.179568
780 1.179260
782 1.178562
783 1.178296
784 1.178784
785 1.179160
786 1.179380
787 1.179520
788 1.179638
789 1.179952
790 1.180274
791 1.180510
792 1.180516
793 1.180410
794 1.180302
795 1.180172
796 1.180018
797 1.180356
798 1.179442
799 1.179656
800 1.180038
802 1.180212
803 1.179872
804 1.180166
805 1.179740
806 1.179594
807 1.179314
808 1.179250
809 1.179368
810 1.180364
811 1.180602
812 1.180964
813 1.181118
814 1.180780
815 1.180706
816 1.180748
817 1.180908
818 1.181008
819 1.181040
820 1.181004
822 1.181814
823 1.181600
824 1.181758
825 1.181764
826 1.181662
827 1.181612
828 1.181788
829 1.182024
830 1.182158
831 1.182218
832 1.182042
833 1.181910
834 1.181784
835 1.182050
836 1.182118
837 1.181768
838 1.181840
839 1.181530
840 1.181530
842 1.182178
843 1.182448
844 1.182360
845 1.181980
846 1.181946
847 1.182270
848 1.182374
849 1.182148
850 1.182132
851 1.181558
852 1.181530
853 1.181792
854 1.181766
855 1.181936
856 1.181776
857 1.181984
858 1.181956
859 1.181888
860 1.181780
862 1.181502
863 1.182136
864 1.182176
865 1.182546
866 1.183036
867 1.183678
868 1.183834
869 1.184130
870 1.183802
871 1.183306
872 1.182960
873 1.182494
874 1.182474
875 1.182650
876 1.182448
877 1.182402
878 1.182290
879 1.182358
880 1.182422
882 1.182576
883 1.182492
884 1.182486
885 1.182292
886 1.182440
887 1.182562
888 1.182080
889 1.182266
890 1.182250
891 1.181842
892 1.182072
893 1.182120
894 1.181320
895 1.181020
896 1.181294
897 1.180670
898 1.181234
899 1.181632
900 1.182150
902 1.182006
903 1.182448
904 1.182260
905 1.182172
906 1.182476
907 1.182548
908 1.182102
909 1.182098
910 1.181976
911 1.181968
912 1.181208
913 1.180762
914 1.181190
915 1.181486
916 1.181508
917 1.181250
918 1.181182
919 1.181558
920 1.181854
922 1.180908
923 1.180862
924 1.181034
925 1.181000
926 1.180584
927 1.180972
928 1.181170
929 1.180886
930 1.180808
931 1.180764
932 1.180532
933 1.180486
934 1.180356
935 1.180306
936 1.180344
937 1.180496
938 1.180608
939 1.180658
940 1.181184
942 1.181006
943 1.180696
944 1.180662
945 1.180988
946 1.181244
947 1.181590
948 1.181792
949 1.181502
950 1.181582
951 1.181872
952 1.181914
953 1.182346
954 1.182872
955 1.182204
956 1.182072
957 1.181916
958 1.182440
959 1.182380
960 1.181676
962 1.180836
963 1.181006
964 1.181262
965 1.181480
966 1.181176
967 1.181102
968 1.181228
969 1.181320
970 1.181282
971 1.181100
972 1.181238
973 1.181050
974 1.181422
975 1.181862
976 1.182096
977 1.181694
978 1.182100
979 1.181922
980 1.182348
982 1.182286
983 1.182260
984 1.182262
985 1.182572
986 1.182262
987 1.181916
988 1.181566
989 1.181528
990 1.181478
991 1.181822
992 1.181608
993 1.182032
994 1.181934
995 1.181248
996 1.181482
997 1.180794
998 1.180670
999 1.181004
1000 1.181354
1002 1.180858
1003 1.181664
1004 1.181644
1005 1.181466
1006 1.181542
1007 1.181884
1008 1.181376
1009 1.181150
1010 1.180914
1011 1.181102
1012 1.182176
1013 1.182420
1014 1.182738
1015 1.183000
1016 1.182658
1017 1.182692
1018 1.182174
1019 1.181848
1020 1.180976
1022 1.181798
1023 1.181370
1024 1.181600
1025 1.181534
1026 1.181910
1027 1.181984
1028 1.181616
1029 1.181390
1030 1.181536
1031 1.181160
1032 1.181176
1033 1.181586
1034 1.181818
1035 1.182030
1036 1.182314
1037 1.182216
1038 1.181998
1039 1.182002
1040 1.181828
1042 1.182764
1043 1.182592
1044 1.182688
1045 1.182246
1046 1.181854
1047 1.182208
1048 1.181528
1049 1.182132
1050 1.182510
1051 1.182280
1052 1.182618
1053 1.182862
1054 1.182516
1055 1.182440
1056 1.182842
1057 1.182468
1058 1.182772
1059 1.182364
1060 1.181856
1062 1.182236
1063 1.182470
1064 1.182832
1065 1.182752
1066 1.182696
1067 1.183076
1068 1.183016
1069 1.182494
1070 1.182108
1071 1.181898
1072 1.181384
1073 1.181196
1074 1.181306
1075 1.181150
1076 1.181166
1077 1.181462
1078 1.181756
1079 1.181680
1080 1.181850
1082 1.183168
1083 1.182834
1084 1.181814
1085 1.182240
1086 1.181848
1087 1.181632
1088 1.181392
1089 1.180302
1090 1.180262
1091 1.180582
1092 1.180698
1093 1.180724
1094 1.181570
1095 1.181648
1096 1.181544
1097 1.181598
1098 1.182124
1099 1.182280
1100 1.182310
1102 1.182662
1103 1.182450
1104 1.182266
1105 1.182128
1106 1.182148
1107 1.182560
1108 1.182706
1109 1.182984
1110 1.182726
1111 1.182674
1112 1.182764
1113 1.182454
1114 1.182922
1115 1.182794
1116 1.182860
1117 1.182908
1118 1.183148
1119 1.183186
1120 1.183960
1122 1.184024
1123 1.184364
1124 1.183726
1125 1.183350
1126 1.182100
1127 1.181944
1128 1.182004
1129 1.181762
1130 1.182128
1131 1.182094
1132 1.182182
1133 1.182494
1134 1.182436
1135 1.182138
1136 1.182116
1137 1.181834
1138 1.181718
1139 1.181760
1140 1.181730
1142 1.181576
1143 1.181414
1144 1.181170
1145 1.181364
1146 1.180898
1147 1.181020
1148 1.180840
1149 1.181134
1150 1.180918
1151 1.181068
1152 1.181098
1153 1.180612
1154 1.180418
1155 1.180864
1156 1.180646
1157 1.180692
1158 1.179988
1159 1.180218
1160 1.179730
1162 1.180630
1163 1.180560
1164 1.180374
1165 1.181066
1166 1.180810
1167 1.181150
1168 1.181228
1169 1.180186
1170 1.179776
1171 1.179762
1172 1.180012
1173 1.179868
1174 1.179708
1175 1.180148
1176 1.179960
1177 1.179902
1178 1.180806
1179 1.181180
1180 1.181556
1182 1.181660
1183 1.182178
1184 1.182272
1185 1.182552
1186 1.182326
1187 1.182102
1188 1.181796
1189 1.182050
1190 1.181754
1191 1.182016
1192 1.181742
1193 1.182258
1194 1.182348
1195 1.182622
1196 1.182444
1197 1.182332
1198 1.182626
1199 1.182408
1200 1.182768
1202 1.182680
1203 1.182468
1204 1.182372
1205 1.182644
1206 1.182748
1207 1.182738
1208 1.183152
1209 1.183058
1210 1.183168
1211 1.182792
1212 1.183002
1213 1.182500
1214 1.182918
1215 1.181932
1216 1.181970
1217 1.182470
1218 1.182428
1219 1.182034
1220 1.181802
1222 1.182444
1223 1.182272
1224 1.181696
1225 1.181448
1226 1.181830
1227 1.181576
1228 1.181168
1229 1.181266
1230 1.181132
1231 1.180828
1232 1.180650
1233 1.180814
1234 1.180318
1235 1.179882
1236 1.180074
1237 1.179896
1238 1.179984
1239 1.180446
1240 1.180568
1242 1.181124
1243 1.181080
1244 1.180910
1245 1.181118
1246 1.181238
1247 1.181032
1248 1.181466
1249 1.181128
1250 1.181098
1251 1.181436
1252 1.181368
1253 1.181532
1254 1.181260
1255 1.181408
1256 1.181746
1257 1.181534
1258 1.181446
1259 1.181258
1260 1.181224
1262 1.181528
1263 1.181458
1264 1.181316
1265 1.181226
1266 1.181716
1267 1.181608
1268 1.181874
1269 1.181838
1270 1.182758
1271 1.183782
1272 1.184002
1273 1.183462
1274 1.183620
1275 1.184112
1276 1.184270
1277 1.184260
1278 1.184104
1279 1.184102
1280 1.183554
1282 1.183448
1283 1.183342
1284 1.182452
1285 1.181746
1286 1.182162
1287 1.182246
1288 1.182524
1289 1.183044
1290 1.182770
1291 1.182590
1292 1.183046
1293 1.182464
1294 1.182248
1295 1.182120
1296 1.181174
1297 1.181628
1298 1.181714
1299 1.181470
1300 1.181022
1302 1.181234
1303 1.181254
1304 1.181166
1305 1.181288
1306 1.181418
1307 1.180710
1308 1.180356
1309 1.180586
1310 1.180288
1311 1.180564
1312 1.180418
1313 1.179972
1314 1.179796
1315 1.180154
1316 1.180550
1317 1.180596
1318 1.180858
1319 1.181030
1320 1.181252
1322 1.180406
1323 1.180228
1324 1.180242
1325 1.179914
1326 1.179308
1327 1.179224
1328 1.179524
1329 1.180080
1330 1.180566
1331 1.180534
1332 1.181048
1333 1.180812
1334 1.181310
1335 1.181092
1336 1.180584
1337 1.180510
1338 1.180844
1339 1.180402
1340 1.180472
1342 1.180638
1343 1.180900
1344 1.181088
1345 1.181292
1346 1.180924
1347 1.181516
1348 1.182034
1349 1.182256
1350 1.182026
1351 1.181896
1352 1.182308
1353 1.181738
1354 1.181344
1355 1.181604
1356 1.182040
1357 1.182150
1358 1.182286
1359 1.182050
1360 1.181850
1362 1.181692
1363 1.181552
1364 1.181156
1365 1.180852
1366 1.181058
1367 1.180714
1368 1.180530
1369 1.180634
1370 1.180840
1371 1.180926
1372 1.180604
1373 1.180902
1374 1.180682
1375 1.181356
1376 1.181948
1377 1.181984
1378 1.181920
1379 1.182004
1380 1.181346
1382 1.181792
1383 1.181324
1384 1.181030
1385 1.181342
1386 1.181910
1387 1.181356
1388 1.181748
1389 1.181066
1390 1.181196
1391 1.181666
1392 1.181942
1393 1.181790
1394 1.181662
1395 1.181604
1396 1.181230
1397 1.181420
1398 1.181804
1399 1.181692
1400 1.181758
1402 1.181630
1403 1.181826
1404 1.180724
1405 1.181058
1406 1.181074
1407 1.180224
1408 1.180470
1409 1.180048
1410 1.180262
1411 1.180250
1412 1.180514
1413 1.180830
1414 1.181258
1415 1.181338
1416 1.181632
1417 1.181472
1418 1.181180
1419 1.180672
1420 1.180620
1422 1.180690
1423 1.180558
1424 1.180548
1425 1.180418
1426 1.180352
1427 1.180456
1428 1.180744
1429 1.180546
1430 1.180392
1431 1.180096
1432 1.180260
1433 1.181490
1434 1.181834
1435 1.181328
1436 1.181392
1437 1.181454
1438 1.181944
1439 1.181830
1440 1.182120
1442 1.181774
1443 1.181656
1444 1.181296
1445 1.181582
1446 1.181634
1447 1.181912
1448 1.182606
1449 1.182732
1450 1.183198
1451 1.183116
1452 1.183270
1453 1.183030
1454 1.182472
1455 1.182044
1456 1.182056
1457 1.182006
1458 1.181828
1459 1.181378
1460 1.181680
1462 1.182662
1463 1.182724
1464 1.182418
1465 1.182616
1466 1.182334
1467 1.181894
1468 1.181994
1469 1.181754
1470 1.181440
1471 1.180856
1472 1.180560
1473 1.180626
1474 1.180838
1475 1.181214
1476 1.181624
1477 1.181850
1478 1.181832
1479 1.182412
1480 1.182304
1482 1.181942
1483 1.181976
1484 1.181304
1485 1.181142
1486 1.182102
1487 1.182426
1488 1.181810
1489 1.181542
1490 1.181608
1491 1.181426
1492 1.181134
1493 1.181914
1494 1.181702
1495 1.181564
1496 1.180422
1497 1.180946
1498 1.180358
1499 1.180434
1500 1.180732
1502 1.181240
1503 1.180728
1504 1.181042
1505 1.181120
1506 1.181454
1507 1.180560
1508 1.180768
1509 1.181262
1510 1.181476
1511 1.181538
1512 1.181894
1513 1.182334
1514 1.182210
1515 1.182172
1516 1.182220
1517 1.181594
1518 1.181744
1519 1.182248
1520 1.182618
1522 1.182074
1523 1.182298
1524 1.182386
1525 1.181662
1526 1.182354
1527 1.182134
1528 1.182316
1529 1.182546
1530 1.182710
1531 1.182420
1532 1.182026
1533 1.181918
1534 1.181542
1535 1.181464
1536 1.181822
1537 1.181704
1538 1.182112
1539 1.182270
1540 1.182032
1542 1.181752
1543 1.181684
1544 1.181668
1545 1.181930
1546 1.181840
1547 1.181686
1548 1.182164
1549 1.182014
1550 1.181850
1551 1.181762
1552 1.181746
1553 1.181458
1554 1.181654
1555 1.181338
1556 1.180974
1557 1.181200
1558 1.181166
1559 1.181080
1560 1.181520
1562 1.181158
1563 1.181092
1564 1.181154
1565 1.181128
1566 1.181404
1567 1.180798
1568 1.180702
1569 1.180766
1570 1.181384
1571 1.180940
1572 1.180390
1573 1.180124
1574 1.180002
1575 1.180680
1576 1.180488
1577 1.180570
1578 1.180492
1579 1.179996
1580 1.180338
1582 1.179950
1583 1.179898
1584 1.180142
1585 1.180166
1586 1.180372
1587 1.180108
1588 1.180054
1589 1.180112
1590 1.179936
1591 1.179966
1592 1.179670
1593 1.180136
1594 1.179850
1595 1.179656
1596 1.178854
1597 1.179292
1598 1.179626
1599 1.179446
1600 1.179636
1602 1.179456
1603 1.179540
1604 1.180190
1605 1.179732
1606 1.180058
1607 1.180274
1608 1.180226
1609 1.180150
1610 1.179514
1611 1.179844
1612 1.179866
1613 1.179114
1614 1.179052
1615 1.178732
1616 1.179052
1617 1.178706
1618 1.178304
1619 1.178206
1620 1.178456
1622 1.178508
1623 1.178754
1624 1.177928
1625 1.178124
1626 1.178086
1627 1.178248
1628 1.178728
1629 1.178778
1630 1.178980
1631 1.178374
1632 1.178450
1633 1.179210
1634 1.179470
1635 1.179544
1636 1.179510
1637 1.179002
1638 1.178944
1639 1.179380
1640 1.178984
1642 1.179196
1643 1.179360
1644 1.179340
1645 1.179022
1646 1.179080
1647 1.178982
1648 1.178970
1649 1.179360
1650 1.179408
1651 1.180126
1652 1.180406
1653 1.180676
1654 1.180730
1655 1.180610
1656 1.180788
1657 1.180374
1658 1.180558
1659 1.180544
1660 1.180952
1662 1.182208
1663 1.181772
1664 1.181742
1665 1.181580
1666 1.182428
1667 1.182904
1668 1.183134
1669 1.183104
1670 1.182916
1671 1.183178
1672 1.183066
1673 1.182804
1674 1.182944
1675 1.182596
1676 1.183152
1677 1.182562
1678 1.182332
1679 1.182456
1680 1.182082
1682 1.182250
1683 1.182292
1684 1.182418
1685 1.183072
1686 1.183374
1687 1.183646
1688 1.183314
1689 1.183400
1690 1.183846
1691 1.183996
1692 1.184148
1693 1.184160
1694 1.183844
1695 1.183736
1696 1.183764
1697 1.184192
1698 1.184294
1699 1.184124
1700 1.184516
1702 1.184806
1703 1.185252
1704 1.184742
1705 1.184564
1706 1.184270
1707 1.183686
1708 1.183682
1709 1.183374
1710 1.183384
1711 1.183824
1712 1.184150
1713 1.184576
1714 1.185036
1715 1.184662
1716 1.184624
1717 1.185084
1718 1.185112
1719 1.185594
1720 1.185546
1722 1.185220
1723 1.184992
1724 1.184492
1725 1.184404
1726 1.184126
1727 1.184136
1728 1.183832
1729 1.183118
1730 1.183304
1731 1.182946
1732 1.182910
1733 1.183062
1734 1.183458
1735 1.183580
1736 1.183926
1737 1.183582
1738 1.183750
1739 1.183532
1740 1.183488
1742 1.182936
1743 1.182766
1744 1.182722
1745 1.182708
1746 1.182648
1747 1.182134
1748 1.182230
1749 1.182826
1750 1.182650
1751 1.182752
1752 1.182798
1753 1.182380
1754 1.182434
1755 1.182608
1756 1.182926
1757 1.182988
1758 1.183036
1759 1.183350
1760 1.183438
1762 1.183806
1763 1.182790
1764 1.182584
1765 1.182754
1766 1.182934
1767 1.183698
1768 1.183918
1769 1.183576
1770 1.183746
1771 1.183764
1772 1.183654
1773 1.184672
1774 1.184306
1775 1.183744
1776 1.183948
1777 1.183964
1778 1.184676
1779 1.184932
1780 1.184510
1782 1.184692
1783 1.184476
1784 1.184722
1785 1.184296
1786 1.184804
1787 1.184208
1788 1.183772
1789 1.183232
1790 1.183446
1791 1.183104
1792 1.183174
1793 1.182888
1794 1.183182
1795 1.183006
1796 1.183082
1797 1.182764
1798 1.181974
1799 1.182276
1800 1.182560
1802 1.182596
1803 1.182588
1804 1.182466
1805 1.182664
1806 1.182532
1807 1.182316
1808 1.183456
1809 1.182668
1810 1.181754
1811 1.182028
1812 1.182242
1813 1.182468
1814 1.182332
1815 1.181504
1816 1.181002
1817 1.180726
1818 1.181102
1819 1.180496
1820 1.180272
1822 1.179460
1823 1.179906
1824 1.180048
1825 1.180130
1826 1.180026
1827 1.180292
1828 1.180248
1829 1.180710
1830 1.180378
1831 1.180512
1832 1.180500
1833 1.179698
1834 1.179816
1835 1.179952
1836 1.179532
1837 1.179030
1838 1.178800
1839 1.179376
1840 1.179768
1842 1.180290
1843 1.180714
1844 1.180942
1845 1.180952
1846 1.181354
1847 1.181052
1848 1.181484
1849 1.182616
1850 1.182390
1851 1.182110
1852 1.182508
1853 1.182122
1854 1.182608
1855 1.182472
1856 1.182556
1857 1.182646
1858 1.182732
1859 1.182816
1860 1.182712
1862 1.182660
1863 1.182156
1864 1.182234
1865 1.182436
1866 1.182526
1867 1.182302
1868 1.182236
1869 1.182090
1870 1.182330
1871 1.182330
1872 1.182302
1873 1.183164
1874 1.182918
1875 1.182584
1876 1.182888
1877 1.182884
1878 1.183042
1879 1.182832
1880 1.183048
1882 1.183012
1883 1.182620
1884 1.182268
1885 1.182518
1886 1.182288
1887 1.182228
1888 1.181726
1889 1.182324
1890 1.182306
1891 1.182272
1892 1.181896
1893 1.181886
1894 1.181616
1895 1.181390
1896 1.181086
1897 1.180912
1898 1.180548
1899 1.181120
1900 1.180996
1902 1.181316
1903 1.181518
1904 1.181964
1905 1.181764
1906 1.181750
1907 1.181798
1908 1.181944
1909 1.182070
1910 1.182032
1911 1.182058
1912 1.182010
1913 1.181770
1914 1.182394
1915 1.182420
1916 1.182784
1917 1.182608
1918 1.182724
1919 1.183298
1920 1.182910
1922 1.182138
1923 1.183322
1924 1.183514
1925 1.183296
1926 1.183076
1927 1.182694
1928 1.182884
1929 1.182498
1930 1.182582
1931 1.183262
1932 1.182658
1933 1.182960
1934 1.183084
1935 1.182680
1936 1.182618
1937 1.182420
1938 1.181912
1939 1.181920
1940 1.182032
1942 1.182672
1943 1.182746
1944 1.182826
1945 1.183568
1946 1.183354
1947 1.183440
1948 1.183348
1949 1.184184
1950 1.184074
1951 1.183936
1952 1.184810
1953 1.184118
1954 1.183976
1955 1.183844
1956 1.183766
1957 1.183284
1958 1.182434
1959 1.182008
1960 1.183280
1962 1.184330
1963 1.184242
1964 1.184262
1965 1.184442
1966 1.184996
1967 1.184900
1968 1.185498
1969 1.185558
1970 1.185768
1971 1.185290
1972 1.185324
1973 1.185182
1974 1.186180
1975 1.186454
1976 1.186048
1977 1.186346
1978 1.186260
1979 1.186348
1980 1.186178
1982 1.185386
1983 1.184424
1984 1.184282
1985 1.184190
1986 1.184040
1987 1.183670
1988 1.184198
1989 1.183792
1990 1.183472
1991 1.183584
1992 1.182802
1993 1.182966
1994 1.183044
1995 1.183144
1996 1.182996
1997 1.182478
1998 1.182496
1999 1.181996
2000 1.182296
2002 1.181936
2003 1.182762
2004 1.183008
2005 1.182892
2006 1.183456
2007 1.183066
2008 1.183096
2009 1.182950
2010 1.182450
2011 1.182372
2012 1.182284
2013 1.182728
2014 1.182692
2015 1.182594
2016 1.182406
2017 1.182810
2018 1.182820
2019 1.182528
2020 1.182604
2022 1.183150
2023 1.182750
2024 1.182714
2025 1.182556
2026 1.182680
2027 1.182472
2028 1.182876
2029 1.182962
2030 1.182414
2031 1.183398
2032 1.183222
2033 1.182744
2034 1.182578
2035 1.182886
2036 1.183176
2037 1.183424
2038 1.183794
2039 1.184104
2040 1.184092
2042 1.183812
2043 1.183286
2044 1.183862
2045 1.183908
2046 1.183776
2047 1.183926
2048 1.184096
2049 1.184104
2050 1.184652
2051 1.184620
2052 1.184432
2053 1.183862
2054 1.183434
2055 1.183774
2056 1.183692
2057 1.183624
2058 1.184058
2059 1.184394
2060 1.184796
2062 1.184358
2063 1.184404
2064 1.185172
2065 1.184422
2066 1.184366
2067 1.184098
2068 1.184158
2069 1.184336
2070 1.184162
2071 1.184856
2072 1.184498
2073 1.184580
2074 1.184430
2075 1.184196
2076 1.184342
2077 1.183890
2078 1.184370
2079 1.184590
2080 1.184340
2082 1.183786
2083 1.183506
2084 1.183418
2085 1.183366
2086 1.183326
2087 1.183342
2088 1.182732
2089 1.182608
2090 1.182030
2091 1.181852
2092 1.181868
2093 1.182292
2094 1.182838
2095 1.182834
2096 1.182560
2097 1.182816
2098 1.183718
2099 1.184218
2100 1.184032
2102 1.183924
2103 1.183328
2104 1.183870
2105 1.184170
2106 1.183918
2107 1.184062
2108 1.184238
2109 1.184320
2110 1.184622
2111 1.184990
2112 1.185592
2113 1.185398
2114 1.185298
2115 1.185250
2116 1.185090
2117 1.184450
2118 1.184054
2119 1.184136
2120 1.184900
2122 1.184754
2123 1.184552
2124 1.183614
2125 1.183424
2126 1.183498
2127 1.184308
2128 1.184884
2129 1.185158
2130 1.184542
2131 1.184224
2132 1.184520
2133 1.184438
2134 1.184084
2135 1.183916
2136 1.183776
2137 1.184172
2138 1.183212
2139 1.182960
2140 1.182780
2142 1.183180
2143 1.183360
2144 1.183334
2145 1.182756
2146 1.182654
2147 1.182642
2148 1.182552
2149 1.182634
2150 1.182576
2151 1.182228
2152 1.182370
2153 1.181736
2154 1.181704
2155 1.181964
2156 1.181628
2157 1.181498
2158 1.181562
2159 1.181768
2160 1.181554
2162 1.182038
2163 1.182044
2164 1.181810
2165 1.181728
2166 1.181716
2167 1.181814
2168 1.182824
2169 1.182856
2170 1.183264
2171 1.183150
2172 1.183520
2173 1.183386
2174 1.183712
2175 1.183720
2176 1.183600
2177 1.183390
2178 1.182716
2179 1.182482
2180 1.182258
2182 1.181522
2183 1.181854
2184 1.181770
2185 1.181726
2186 1.181104
2187 1.180288
2188 1.180208
2189 1.180204
2190 1.180808
2191 1.180818
2192 1.180442
2193 1.180596
2194 1.180962
2195 1.180934
2196 1.180724
2197 1.180570
2198 1.181578
2199 1.181604
2200 1.181302
2202 1.180714
2203 1.181028
2204 1.181492
2205 1.181788
2206 1.181370
2207 1.181134
2208 1.181240
2209 1.181154
2210 1.180988
2211 1.180780
2212 1.180544
2213 1.180406
2214 1.179972
2215 1.180284
2216 1.180732
2217 1.181152
2218 1.181264
2219 1.180686
2220 1.180254
2222 1.179984
2223 1.179902
2224 1.180560
2225 1.180960
2226 1.180748
2227 1.180200
2228 1.180164
2229 1.180244
2230 1.180012
2231 1.179766
2232 1.179696
2233 1.179912
2234 1.180152
2235 1.180452
2236 1.180362
2237 1.180610
2238 1.179794
2239 1.180224
2240 1.180396
2242 1.180774
2243 1.180396
2244 1.179674
2245 1.180012
2246 1.180092
2247 1.179246
2248 1.179118
2249 1.179106
2250 1.179554
2251 1.180044
2252 1.180604
2253 1.180908
2254 1.181784
2255 1.182048
2256 1.181380
2257 1.180950
2258 1.181262
2259 1.181354
2260 1.181484
2262 1.181190
2263 1.182024
2264 1.181572
2265 1.181764
2266 1.181424
2267 1.181808
2268 1.181636
2269 1.181828
2270 1.181666
2271 1.181750
2272 1.181924
2273 1.181972
2274 1.181770
2275 1.182120
2276 1.182424
2277 1.182036
2278 1.182106
2279 1.182538
2280 1.182152
2282 1.183018
2283 1.183420
2284 1.183466
2285 1.183500
2286 1.183926
2287 1.184232
2288 1.183330
2289 1.183140
2290 1.183418
2291 1.183160
2292 1.183446
2293 1.182542
2294 1.182504
2295 1.182196
2296 1.181650
2297 1.182058
2298 1.182246
2299 1.181556
2300 1.180898
2302 1.180476
2303 1.180902
2304 1.181272
2305 1.181558
2306 1.181780
2307 1.182064
2308 1.182426
2309 1.181946
2310 1.181600
2311 1.181234
2312 1.181812
2313 1.181212
2314 1.181260
2315 1.181870
2316 1.182042
2317 1.182200
2318 1.181992
2319 1.182240
2320 1.182400
2322 1.182020
2323 1.181632
2324 1.181374
2325 1.181542
2326 1.181300
2327 1.181220
2328 1.180272
2329 1.180976
2330 1.180612
2331 1.180430
2332 1.180474
2333 1.180304
2334 1.180616
2335 1.180490
2336 1.180516
2337 1.179932
2338 1.180360
2339 1.180376
2340 1.180474
2342 1.179898
2343 1.180726
2344 1.180642
2345 1.180336
2346 1.180662
2347 1.180728
2348 1.181006
2349 1.180168
2350 1.180272
2351 1.180100
2352 1.180250
2353 1.180066
2354 1.180230
2355 1.180460
2356 1.180484
2357 1.180306
2358 1.180430
2359 1.180334
2360 1.180712
2362 1.181162
2363 1.181308
2364 1.181232
2365 1.181380
2366 1.181986
2367 1.181314
2368 1.180822
2369 1.180978
2370 1.180850
2371 1.181300
2372 1.181216
2373 1.181424
2374 1.181426
2375 1.182026
2376 1.182084
2377 1.182276
2378 1.182650
2379 1.182328
2380 1.182660
2382 1.183280
2383 1.183816
2384 1.183932
2385 1.183864
2386 1.184122
2387 1.183410
2388 1.183190
2389 1.183358
2390 1.183676
2391 1.183740
2392 1.183696
2393 1.184254
2394 1.184272
2395 1.184678
2396 1.184728
2397 1.184894
2398 1.184516
2399 1.184522
2400 1.184010
2402 1.183722
2403 1.183348
2404 1.183266
2405 1.183574
2406 1.183650
2407 1.184298
2408 1.184342
2409 1.184464
2410 1.184582
2411 1.184320
2412 1.184564
2413 1.184644
2414 1.185048
2415 1.185050
2416 1.184620
2417 1.183836
2418 1.184130
2419 1.184268
2420 1.184192
2422 1.183876
2423 1.183814
2424 1.183272
2425 1.183070
2426 1.183994
2427 1.184216
2428 1.184694
2429 1.184832
2430 1.185060
2431 1.185298
2432 1.185228
2433 1.184648
2434 1.184510
2435 1.184886
2436 1.185320
2437 1.185428
2438 1.185762
2439 1.185590
2440 1.185348
2442 1.184458
2443 1.184582
2444 1.184350
2445 1.184920
2446 1.184670
2447 1.184740
2448 1.184932
2449 1.184958
2450 1.184644
2451 1.184596
2452 1.183918
2453 1.184072
2454 1.184206
2455 1.184058
2456 1.184252
2457 1.184242
2458 1.184332
2459 1.184518
2460 1.184922
2462 1.185242
2463 1.184362
2464 1.183996
2465 1.183380
2466 1.183374
2467 1.183442
2468 1.183684
2469 1.183936
2470 1.183906
2471 1.184536
2472 1.184698
2473 1.185604
2474 1.185536
2475 1.185520
2476 1.186014
2477 1.185336
2478 1.185156
2479 1.185204
2480 1.184906
2482 1.184670
2483 1.184414
2484 1.184420
2485 1.184572
2486 1.184472
2487 1.183912
2488 1.183378
2489 1.183166
2490 1.183300
2491 1.183188
2492 1.182940
2493 1.183142
2494 1.182534
2495 1.183092
2496 1.183268
2497 1.183792
2498 1.183520
2499 1.182926
2500 1.183344
2502 1.183304
2503 1.183162
2504 1.182910
2505 1.182468
2506 1.182336
2507 1.181832
2508 1.181974
2509 1.181742
2510 1.181714
2511 1.182224
2512 1.182404
2513 1.182332
2514 1.182008
2515 1.182404
2516 1.182632
2517 1.181678
2518 1.181534
2519 1.180918
2520 1.180558
2522 1.181238
2523 1.180664
2524 1.181628
2525 1.181684
2526 1.181220
2527 1.180564
2528 1.180610
2529 1.180380
2530 1.180244
2531 1.180410
2532 1.180294
2533 1.180726
2534 1.181234
2535 1.181704
2536 1.181558
2537 1.181098
2538 1.181490
2539 1.181708
2540 1.181390
2542 1.181022
2543 1.181352
2544 1.181492
2545 1.181260
2546 1.181458
2547 1.181788
2548 1.181402
2549 1.182294
2550 1.182780
2551 1.183616
2552 1.183522
2553 1.183426
2554 1.183872
2555 1.183516
2556 1.183242
2557 1.182538
2558 1.182462
2559 1.182538
2560 1.182844
2562 1.183194
2563 1.182872
2564 1.182970
2565 1.183212
2566 1.183382
2567 1.183294
2568 1.183740
2569 1.183680
2570 1.183684
2571 1.183992
2572 1.184068
2573 1.183886
2574 1.183698
2575 1.183308
2576 1.183550
2577 1.183572
2578 1.183946
2579 1.183378
2580 1.183772
2582 1.183456
2583 1.184098
2584 1.184420
2585 1.184736
2586 1.184970
2587 1.184868
2588 1.184780
2589 1.184714
2590 1.185168
2591 1.184978
2592 1.184448
2593 1.183970
2594 1.183712
2595 1.184042
2596 1.183914
2597 1.184408
2598 1.184730
2599 1.185088
2600 1.185134
2602 1.183918
2603 1.183316
2604 1.183018
2605 1.182770
2606 1.183042
2607 1.182496
2608 1.182852
2609 1.182758
2610 1.182848
2611 1.183026
2612 1.183388
2613 1.183074
2614 1.183436
2615 1.182596
2616 1.182370
2617 1.181750
2618 1.182068
2619 1.182648
2620 1.182700
2622 1.182160
2623 1.182100
2624 1.182708
2625 1.182150
2626 1.182380
2627 1.183194
2628 1.183262
2629 1.183158
2630 1.183068
2631 1.183314
2632 1.183740
2633 1.183908
2634 1.184150
2635 1.183846
2636 1.183650
2637 1.183342
2638 1.183344
2639 1.183890
2640 1.183972
2642 1.183984
2643 1.184204
2644 1.184318
2645 1.184354
2646 1.184044
2647 1.184534
2648 1.184476
2649 1.184030
2650 1.183806
2651 1.183852
2652 1.184266
2653 1.184330
2654 1.184424
2655 1.184498
2656 1.184694
2657 1.184530
2658 1.184100
2659 1.184732
2660 1.184626
2662 1.185116
2663 1.185304
2664 1.185504
2665 1.185392
2666 1.185394
2667 1.185336
2668 1.185416
2669 1.184916
2670 1.185314
2671 1.185066
2672 1.184206
2673 1.183906
2674 1.183662
2675 1.183282
2676 1.183512
2677 1.182784
2678 1.182912
2679 1.182932
2680 1.182624
2682 1.182010
2683 1.181660
2684 1.181072
2685 1.181302
2686 1.181640
2687 1.182460
2688 1.182428
2689 1.182446
2690 1.182284
2691 1.182658
2692 1.183062
2693 1.182764
2694 1.182962
2695 1.183242
2696 1.183106
2697 1.183582
2698 1.183732
2699 1.183060
2700 1.183102
2702 1.183358
2703 1.183912
2704 1.183828
2705 1.184180
2706 1.184180
2707 1.184362
2708 1.183724
2709 1.183122
2710 1.183060
2711 1.182886
2712 1.183150
2713 1.182774
2714 1.183288
2715 1.183548
2716 1.184170
2717 1.185006
2718 1.184900
2719 1.184806
2720 1.184218
2722 1.183684
2723 1.183714
2724 1.183484
2725 1.183614
2726 1.183646
2727 1.184254
2728 1.184040
2729 1.184372
2730 1.184652
2731 1.184404
2732 1.183956
2733 1.183862
2734 1.183690
2735 1.183804
2736 1.183754
2737 1.183658
2738 1.183736
2739 1.183658
2740 1.183880
2742 1.183550
2743 1.183820
2744 1.184074
2745 1.184062
2746 1.183968
2747 1.183578
2748 1.183682
2749 1.183770
2750 1.183462
2751 1.183242
2752 1.182884
2753 1.182862
2754 1.183112
2755 1.183464
2756 1.184082
2757 1.183606
2758 1.183760
2759 1.184028
2760 1.184082
2762 1.183464
2763 1.183754
2764 1.183614
2765 1.183486
2766 1.183606
2767 1.183946
2768 1.183764
2769 1.183394
2770 1.182968
2771 1.182918
2772 1.182554
2773 1.182838
2774 1.182756
2775 1.182514
2776 1.182324
2777 1.182764
2778 1.182386
2779 1.182462
2780 1.182522
2782 1.181954
2783 1.182314
2784 1.182614
2785 1.182944
2786 1.182710
2787 1.183170
2788 1.183536
2789 1.184124
2790 1.184498
2791 1.184436
2792 1.184402
2793 1.184248
2794 1.183912
2795 1.184192
2796 1.184640
2797 1.184874
2798 1.184718
2799 1.184276
2800 1.183938
2802 1.184242
2803 1.183530
2804 1.183800
2805 1.183734
2806 1.183780
2807 1.183704
2808 1.183320
2809 1.183564
2810 1.183896
2811 1.183744
2812 1.183680
2813 1.183588
2814 1.183864
2815 1.183516
2816 1.182916
2817 1.182962
2818 1.183430
2819 1.183138
2820 1.183416
2822 1.184542
2823 1.185112
2824 1.184308
2825 1.184230
2826 1.184478
2827 1.183096
2828 1.182684
2829 1.182138
2830 1.181920
2831 1.181632
2832 1.181484
2833 1.181342
2834 1.181356
2835 1.181252
2836 1.181368
2837 1.181620
2838 1.181406
2839 1.181954
2840 1.182392
2842 1.181710
2843 1.181610
2844 1.181874
2845 1.182138
2846 1.182152
2847 1.181874
2848 1.182228
2849 1.182556
2850 1.182306
2851 1.182108
2852 1.182568
2853 1.182376
2854 1.182418
2855 1.182228
2856 1.183004
2857 1.182598
2858 1.182656
2859 1.182590
2860 1.182630
2862 1.182426
2863 1.182566
2864 1.182340
2865 1.183030
2866 1.182756
2867 1.182352
2868 1.182170
2869 1.182588
2870 1.182706
2871 1.182898
2872 1.183016
2873 1.183094
2874 1.182244
2875 1.181428
2876 1.181284
2877 1.181752
2878 1.181856
2879 1.182150
2880 1.182326
2882 1.182298
2883 1.182150
2884 1.182700
2885 1.182890
2886 1.183262
2887 1.183382
2888 1.183210
2889 1.183948
2890 1.184558
2891 1.184762
2892 1.184720
2893 1.184654
2894 1.184428
2895 1.184800
2896 1.184824
2897 1.184778
2898 1.184418
2899 1.184280
2900 1.183674
2902 1.182940
2903 1.182288
2904 1.182466
2905 1.182604
2906 1.182948
2907 1.183052
2908 1.182474
2909 1.182264
2910 1.182866
2911 1.182558
2912 1.182326
2913 1.182358
2914 1.182414
2915 1.182626
2916 1.182244
2917 1.183090
2918 1.183148
2919 1.182502
2920 1.182682
2922 1.183320
2923 1.183582
2924 1.184544
2925 1.184436
2926 1.183846
2927 1.184482
2928 1.184702
2929 1.184316
2930 1.183870
2931 1.183988
2932 1.184108
2933 1.184400
2934 1.184350
2935 1.184476
2936 1.184904
2937 1.184728
2938 1.184786
2939 1.184872
2940 1.184960
2942 1.184424
2943 1.184306
2944 1.184484
2945 1.184076
2946 1.183954
2947 1.183454
2948 1.183876
2949 1.183646
2950 1.183724
2951 1.183986
2952 1.183622
2953 1.183938
2954 1.183532
2955 1.183938
2956 1.184420
2957 1.184246
2958 1.184484
2959 1.184688
2960 1.184356
2962 1.183886
2963 1.183628
2964 1.183240
2965 1.183200
2966 1.183374
2967 1.182924
2968 1.182928
2969 1.182436
2970 1.182646
2971 1.182192
2972 1.182388
2973 1.182550
2974 1.182584
2975 1.182510
2976 1.183134
2977 1.183128
2978 1.183708
2979 1.183994
2980 1.183938
2982 1.184546
2983 1.184936
2984 1.185456
2985 1.185394
2986 1.185024
2987 1.184702
2988 1.184596
2989 1.184670
2990 1.184790
2991 1.184526
2992 1.184252
2993 1.183550
2994 1.183456
2995 1.183788
2996 1.183808
2997 1.183920
2998 1.183494
2999 1.183684
3000 1.183714
3002 1.182918
3003 1.182962
3004 1.182488
3005 1.183156
3006 1.183890
3007 1.183692
3008 1.184024
3009 1.184258
3010 1.184306
3011 1.183896
3012 1.183868
3013 1.183832
3014 1.183890
3015 1.184062
3016 1.184166
3017 1.184378
3018 1.184362
3019 1.183718
3020 1.183716
3022 1.184012
3023 1.184612
3024 1.184230
3025 1.183750
3026 1.183602
3027 1.183652
3028 1.183662
3029 1.183970
3030 1.185128
3031 1.185588
3032 1.185404
3033 1.184712
3034 1.184474
3035 1.184468
3036 1.184324
3037 1.184586
3038 1.184706
3039 1.184664
3040 1.184118
3042 1.183008
3043 1.182808
3044 1.182526
3045 1.182610
3046 1.182242
3047 1.181612
3048 1.181730
3049 1.181372
3050 1.181666
3051 1.181918
3052 1.182164
3053 1.182432
3054 1.182668
3055 1.183166
3056 1.182550
3057 1.181922
3058 1.181412
3059 1.181532
3060 1.181674
3062 1.182118
3063 1.182444
3064 1.182564
3065 1.182720
3066 1.183122
3067 1.182620
3068 1.182528
3069 1.183136
3070 1.182442
3071 1.182404
3072 1.182638
3073 1.183658
3074 1.183096
3075 1.182826
3076 1.182158
3077 1.182388
3078 1.182442
3079 1.182522
3080 1.181946
3082 1.181874
3083 1.182260
3084 1.182018
3085 1.182140
3086 1.181840
3087 1.182512
3088 1.182350
3089 1.182292
3090 1.182568
3091 1.182514
3092 1.182706
3093 1.182246
3094 1.183192
3095 1.183416
3096 1.183290
3097 1.183142
3098 1.183192
3099 1.182668
3100 1.182276
3102 1.182098
3103 1.182354
3104 1.182098
3105 1.181872
3106 1.181914
3107 1.181244
3108 1.180868
3109 1.180728
3110 1.180580
3111 1.180156
3112 1.180332
3113 1.180460
3114 1.181242
3115 1.181394
3116 1.181304
3117 1.181110
3118 1.181400
3119 1.181748
3120 1.182106
3122 1.181754
3123 1.181884
3124 1.182016
3125 1.182576
3126 1.182460
3127 1.183070
3128 1.183454
3129 1.183222
3130 1.182966
3131 1.183050
3132 1.182680
3133 1.182750
3134 1.182958
3135 1.183252
3136 1.183174
3137 1.182956
3138 1.182986
3139 1.183184
3140 1.183438
3142 1.183524
3143 1.183340
3144 1.183574
3145 1.183086
3146 1.183348
3147 1.183456
3148 1.183256
3149 1.182920
3150 1.183000
3151 1.183150
3152 1.183488
3153 1.184172
3154 1.184716
3155 1.184938
3156 1.185066
3157 1.184930
3158 1.184464
3159 1.184480
3160 1.184572
3162 1.184418
3163 1.184280
3164 1.184120
3165 1.183888
3166 1.183420
3167 1.183246
3168 1.183306
3169 1.183470
3170 1.183502
3171 1.183682
3172 1.184140
3173 1.184170
3174 1.183762
3175 1.183920
3176 1.183606
3177 1.183990
3178 1.183994
3179 1.183516
3180 1.183772
3182 1.184314
3183 1.183802
3184 1.183602
3185 1.183866
3186 1.183514
3187 1.183850
3188 1.183908
3189 1.184300
3190 1.184562
3191 1.184226
3192 1.184454
3193 1.184712
3194 1.184796
3195 1.184514
3196 1.184570
3197 1.184992
3198 1.184928
3199 1.185184
3200 1.184710
3202 1.184746
3203 1.184666
3204 1.184908
3205 1.184800
3206 1.184818
3207 1.184886
3208 1.185426
3209 1.186098
3210 1.186114
3211 1.185772
3212 1.184986
3213 1.185094
3214 1.185342
3215 1.184980
3216 1.185782
3217 1.186182
3218 1.185880
3219 1.185648
3220 1.185624
3222 1.185430
3223 1.185558
3224 1.185986
3225 1.185774
3226 1.185266
3227 1.185582
3228 1.185414
3229 1.185738
3230 1.185672
3231 1.185964
3232 1.185660
3233 1.184454
3234 1.184962
3235 1.185528
3236 1.185008
3237 1.184304
3238 1.184776
3239 1.184330
3240 1.184334
3242 1.184518
3243 1.184396
3244 1.183740
3245 1.184004
3246 1.184040
3247 1.183874
3248 1.184188
3249 1.185106
3250 1.185016
3251 1.184704
3252 1.184762
3253 1.184570
3254 1.184818
3255 1.184506
3256 1.184648
3257 1.184324
3258 1.184064
3259 1.183692
3260 1.183110
3262 1.183028
3263 1.183294
3264 1.183356
3265 1.183026
3266 1.183006
3267 1.182422
3268 1.182206
3269 1.182276
3270 1.182302
3271 1.181630
3272 1.181412
3273 1.181384
3274 1.181756
3275 1.181670
3276 1.182128
3277 1.182132
3278 1.181770
3279 1.181842
3280 1.182126
3282 1.181972
3283 1.181718
3284 1.181856
3285 1.181704
3286 1.182192
3287 1.181834
3288 1.181822
3289 1.181836
3290 1.181126
3291 1.181050
3292 1.180616
3293 1.180430
3294 1.180496
3295 1.180522
3296 1.180784
3297 1.180900
3298 1.180986
3299 1.181312
3300 1.181432
3302 1.181912
3303 1.182168
3304 1.182166
3305 1.182478
3306 1.182232
3307 1.182714
3308 1.182700
3309 1.181832
3310 1.181706
3311 1.181540
3312 1.181112
3313 1.180684
3314 1.180266
3315 1.180342
3316 1.180792
3317 1.180842
3318 1.181180
3319 1.181284
3320 1.181568
3322 1.182308
3323 1.182386
3324 1.182876
3325 1.182774
3326 1.182692
3327 1.182758
3328 1.182910
3329 1.183264
3330 1.183138
3331 1.183110
3332 1.183192
3333 1.182530
3334 1.181976
3335 1.181638
3336 1.181228
3337 1.180624
3338 1.181360
3339 1.181736
3340 1.181260
3342 1.182232
3343 1.182466
3344 1.183164
3345 1.183296
3346 1.183804
3347 1.183840
3348 1.183606
3349 1.184568
3350 1.184426
3351 1.183902
3352 1.183872
3353 1.183624
3354 1.183046
3355 1.182958
3356 1.182816
3357 1.182844
3358 1.181732
3359 1.181722
3360 1.181476
3362 1.182028
3363 1.182034
3364 1.182106
3365 1.182632
3366 1.182160
3367 1.183262
3368 1.183488
3369 1.183262
3370 1.183544
3371 1.183600
3372 1.183930
3373 1.184338
3374 1.184306
3375 1.184150
3376 1.183894
3377 1.183734
3378 1.184026
3379 1.183814
3380 1.184016
3382 1.184156
3383 1.184558
3384 1.184262
3385 1.184286
3386 1.184022
3387 1.184362
3388 1.184248
3389 1.183576
3390 1.182994
3391 1.182580
3392 1.182838
3393 1.183496
3394 1.184022
3395 1.184006
3396 1.183400
3397 1.183724
3398 1.183616
3399 1.183350
3400 1.183468
3402 1.182988
3403 1.182858
3404 1.182504
3405 1.182244
3406 1.182574
3407 1.182772
3408 1.183090
3409 1.183392
3410 1.183382
3411 1.183290
3412 1.183376
3413 1.184012
3414 1.184068
3415 1.184212
3416 1.184376
3417 1.183800
3418 1.184108
3419 1.183798
3420 1.184274
3422 1.183684
3423 1.183652
3424 1.184104
3425 1.184336
3426 1.184154
3427 1.184092
3428 1.183772
3429 1.183134
3430 1.183306
3431 1.183106
3432 1.183218
3433 1.182756
3434 1.183316
3435 1.183796
3436 1.183808
3437 1.184212
3438 1.184380
3439 1.183868
3440 1.184200
3442 1.184424
3443 1.184450
3444 1.184134
3445 1.184188
3446 1.184250
3447 1.184080
3448 1.184050
3449 1.184118
3450 1.184250
3451 1.184034
3452 1.183770
3453 1.183928
3454 1.183694
3455 1.183560
3456 1.183768
3457 1.183892
3458 1.183696
3459 1.183608
3460 1.183856
3462 1.184102
3463 1.184718
3464 1.185392
3465 1.185492
3466 1.185850
3467 1.186036
3468 1.185318
3469 1.185626
3470 1.185432
3471 1.185074
3472 1.184532
3473 1.184164
3474 1.184148
3475 1.183418
3476 1.183754
3477 1.184072
3478 1.183906
3479 1.183366
3480 1.183010
3482 1.182910
3483 1.183154
3484 1.183342
3485 1.184106
3486 1.184036
3487 1.184076
3488 1.183964
3489 1.183874
3490 1.183946
3491 1.183500
3492 1.183816
3493 1.184044
3494 1.183314
3495 1.182944
3496 1.183060
3497 1.183140
3498 1.183246
3499 1.183448
3500 1.183984
3502 1.183934
3503 1.184438
3504 1.184424
3505 1.183876
3506 1.183700
3507 1.184004
3508 1.184006
3509 1.185152
3510 1.185092
3511 1.185080
3512 1.184668
3513 1.184652
3514 1.184314
3515 1.183632
3516 1.183766
3517 1.183774
3518 1.183972
3519 1.184068
3520 1.183694
3522 1.183816
3523 1.183986
3524 1.183660
3525 1.183658
3526 1.183882
3527 1.183502
3528 1.183266
3529 1.183544
3530 1.183876
3531 1.183624
3532 1.183134
3533 1.182948
3534 1.183402
3535 1.183590
3536 1.183360
3537 1.183234
3538 1.183456
3539 1.184146
3540 1.184554
3542 1.184826
3543 1.185268
3544 1.185298
3545 1.185318
3546 1.185656
3547 1.186008
3548 1.186106
3549 1.186346
3550 1.186190
3551 1.186470
3552 1.186066
3553 1.186020
3554 1.186024
3555 1.185586
3556 1.184952
3557 1.184404
3558 1.183956
3559 1.184002
3560 1.183882
3562 1.184948
3563 1.185004
3564 1.185314
3565 1.184994
3566 1.184426
3567 1.184424
3568 1.184666
3569 1.184660
3570 1.184306
3571 1.184040
3572 1.184110
3573 1.184052
3574 1.183640
3575 1.183590
3576 1.183608
3577 1.183956
3578 1.184418
3579 1.184286
3580 1.184400
3582 1.184806
3583 1.184828
3584 1.185088
3585 1.185008
3586 1.184864
3587 1.185914
3588 1.186066
3589 1.186018
3590 1.185930
3591 1.186054
3592 1.185402
3593 1.185724
3594 1.185432
3595 1.185328
3596 1.185108
3597 1.184504
3598 1.184210
3599 1.184518
3600 1.185012
3602 1.185666
3603 1.185156
3604 1.184998
3605 1.185040
3606 1.184580
3607 1.184692
3608 1.184580
3609 1.184816
3610 1.185740
3611 1.186070
3612 1.186084
3613 1.185592
3614 1.185858
3615 1.186314
3616 1.186134
3617 1.185316
3618 1.184780
3619 1.184534
3620 1.185180
3622 1.185446
3623 1.185314
3624 1.185672
3625 1.185738
3626 1.186108
3627 1.186356
3628 1.186186
3629 1.186258
3630 1.185864
3631 1.186086
3632 1.186454
3633 1.186118
3634 1.185990
3635 1.185420
3636 1.185746
3637 1.185514
3638 1.186136
3639 1.185204
3640 1.185030
3642 1.184314
3643 1.184552
3644 1.184652
3645 1.184890
3646 1.185246
3647 1.185182
3648 1.184824
3649 1.184466
3650 1.184204
3651 1.184790
3652 1.184572
3653 1.184246
3654 1.184334
3655 1.184316
3656 1.184140
3657 1.184246
3658 1.184366
3659 1.184348
3660 1.185358
3662 1.185048
3663 1.184726
3664 1.184882
3665 1.185036
3666 1.184978
3667 1.185520
3668 1.185636
3669 1.185364
3670 1.185524
3671 1.185526
3672 1.185760
3673 1.185014
3674 1.184436
3675 1.184322
3676 1.184730
3677 1.184808
3678 1.184490
3679 1.183624
3680 1.183902
3682 1.183410
3683 1.183350
3684 1.183772
3685 1.183364
3686 1.183600
3687 1.182966
3688 1.182056
3689 1.182014
3690 1.182622
3691 1.182438
3692 1.182408
3693 1.182454
3694 1.182266
3695 1.182666
3696 1.183408
3697 1.182876
3698 1.182762
3699 1.182474
3700 1.182436


Active cycles: 2200
k_mean: 1.183034
k_stddev(cycle): 0.001560
k_stderr(mean): 0.000033
