1 1.183810
2 4.035509
3 6.919325
4 9.804956
5 12.693893
6 15.581605
7 18.461761
8 21.337631
9 24.201427
10 27.065084
11 29.916684
12 32.748798
13 35.574263
14 38.393629
15 41.206152
16 43.920506
17 46.536827
18 49.324833
19 52.106712
20 54.894681
21 57.673365
22 60.444733
23 63.213001
24 65.977715
25 68.742901
26 71.502373
27 74.260149
28 77.015601
29 79.768336
30 82.516898
31 85.261193
32 88.003688
33 90.749283
34 93.491817
35 96.230886
36 98.971584
37 101.716797
38 104.455844
39 107.193982
40 109.929315
41 112.660631
42 115.393166
43 118.125857
44 120.854368
45 123.584908
46 126.308908
47 129.027398
48 131.743458
49 134.456926
50 137.174575
51 139.897658
52 142.621372
53 145.239368
54 147.959483
55 150.678992
56 153.393688
57 156.107431
58 158.819467
59 161.531623
60 164.243941
61 166.957772
62 169.668897
63 172.378275
64 175.089250
65 177.799318
66 180.502995
67 183.206722
68 185.913499
69 188.624373
70 191.333953
71 194.040714
72 196.746967
73 199.455798
74 202.166268
75 204.877724
76 207.590385
77 210.303988
78 213.015465
79 215.727860
80 218.437323
81 221.140428
82 223.839164
83 226.542551
84 229.243609
85 231.949123
86 234.659856
87 237.370873
88 240.084360
89 242.797381
90 245.511207
91 248.227267
92 250.942309
93 253.659594
94 256.375435
95 259.089556
96 261.797937
97 264.504133
98 267.210058
99 269.915066
100 272.623024
101 275.330639
102 278.035610
103 280.742143
104 283.450219
105 286.154307
106 288.861101
107 291.568217
108 294.273355
109 296.967462
110 299.661935
111 302.363421
112 305.066310
113 307.768247
114 310.469129
115 313.170814
116 315.872454
117 318.575255
118 321.276007
119 323.977826
120 326.677517
121 329.376475
122 332.082006
123 334.785430
124 337.491465
125 340.199009
126 342.910728
127 345.617664
128 348.093267
129 350.801534
130 353.511432
131 356.215794
132 358.920200
133 361.624976
134 364.330097
135 367.035363
136 369.740467
137 372.444092
138 375.146481
139 377.847699
140 380.551710
141 383.255980
142 385.963121
143 388.670488
144 391.375094
145 394.079973
146 396.786802
147 399.495570
148 402.203345
149 404.912200
150 407.620797
151 410.326422
152 413.032590
153 415.736447
154 418.441600
155 420.947320
156 423.651188
157 426.357632
158 429.063146
159 431.771314
160 434.480570
161 437.189991
162 439.899756
163 442.606778
164 445.172364
165 447.874345
166 450.576520
167 453.278422
168 455.979558
169 458.680767
170 461.377923
171 464.074528
172 466.773965
173 469.475952
174 472.181914
175 474.885912
176 477.589659
177 480.297667
178 482.813129
179 485.523223
180 488.235165
181 490.947541
182 493.657552
183 496.177655
184 498.888443
185 501.597957
186 504.308689
187 507.020703
188 509.730616
189 512.437778
190 515.144872
191 517.850876
192 520.552284
193 523.253082
194 525.955702
195 528.655954
196 531.357796
197 534.056285
198 536.752689
199 539.448153
200 542.144194
201 544.839608
202 547.536226
203 550.228517
204 552.923237
205 555.616327
206 558.305858
207 560.994204
208 563.683181
209 566.366581
210 569.051404
211 571.737644
212 574.425408
213 577.112435
214 579.798731
215 582.456195
216 585.029345
217 587.718510
218 590.411380
219 593.095759
220 595.783040
221 598.470538
222 601.160118
223 603.850714
224 606.544432
225 609.236862
226 611.926723
227 614.614250
228 617.299689
229 619.984667
230 622.669014
231 625.352706
232 627.852750
233 630.537220
234 633.223152
235 635.908696
236 638.591202
237 641.274656
238 643.956923
239 646.643595
240 649.324273
241 652.001191
242 654.669422
243 657.337268
244 660.002676
245 662.671062
246 665.341679
247 668.013284
248 670.605983
249 673.289014
250 675.970107
251 678.650500
252 681.331570
253 684.012324
254 686.691220
255 689.371174
256 691.857195
257 694.527862
258 697.201019
259 699.874525
260 702.546118
261 705.219784
262 707.893439
263 710.568841
264 713.244945
265 715.918547
266 718.595570
267 721.276866
268 723.959023
269 726.640905
270 729.316765
271 731.986174
272 734.654365
273 737.321494
274 739.987727
275 742.657082
276 745.325078
277 747.994759
278 750.661326
279 753.328182
280 755.993871
281 758.663347
282 761.335332
283 764.002994
284 766.669491
285 769.340306
286 772.011928
287 774.677052
288 777.341816
289 779.998919
290 782.651506
291 785.078094
292 787.729072
293 790.380162
294 793.032551
295 795.679909
296 798.325705
297 800.976455
298 803.618616
299 806.262552
300 808.903320
301 811.540214
302 814.177152
303 816.817128
304 819.461857
305 822.106639
306 824.750346
307 827.297700
308 829.939259
309 832.361116
310 835.002988
311 837.644508
312 840.288519
313 842.748702
314 845.391742
315 848.033513
316 850.677511
317 853.321720
318 855.895131
319 858.538892
320 861.104668
321 863.746447
322 866.388888
323 869.031662
324 871.676887
325 874.323946
326 876.970707
327 879.619259
328 882.267465
329 884.916384
330 887.445477
331 890.091986
332 892.736593
333 895.381937
334 898.028216
335 900.674583
336 903.323119
337 905.973298
338 908.621269
339 911.269582
340 913.916156
341 916.444409
342 919.090272
343 921.734665
344 924.380787
345 927.028841
346 929.678097
347 932.326881
348 934.971133
349 937.621204
350 940.268804
351 942.915816
352 945.559744
353 948.205687
354 950.853882
355 953.498263
356 956.138447
357 958.780490
358 961.414545
359 964.047401
360 966.681606
361 969.310885
362 971.939165
363 974.565012
364 977.190517
365 979.812854
366 982.434633
367 985.055563
368 987.678636
369 990.301808
370 992.914302
371 995.351235
372 997.964062
373 1000.580711
374 1003.195341
375 1005.811464
376 1008.431966
377 1010.827070
378 1013.447117
379 1016.073862
380 1018.701662
381 1021.332304
382 1023.963803
383 1026.595641
384 1029.159290
385 1031.787581
386 1034.415316
387 1037.046163
388 1039.676771
389 1042.310835
390 1044.937356
391 1047.565260
392 1050.193156
393 1052.821975
394 1055.450153
395 1058.071942
396 1060.691605
397 1063.309979
398 1065.932092
399 1068.553607
400 1071.099533
401 1073.719911
402 1076.337707
403 1078.959367
404 1081.584195
405 1084.204488
406 1086.823193
407 1089.440560
408 1092.060039
409 1094.672909
410 1097.287659
411 1099.902180
412 1102.518117
413 1105.136491
414 1107.754700
415 1110.375992
416 1112.996110
417 1115.605359
418 1118.220524
419 1120.829759
420 1123.267672
421 1125.877290
422 1128.489102
423 1131.099246
424 1133.708063
425 1136.319655
426 1138.932605
427 1141.542482
428 1144.145367
429 1146.742649
430 1149.337868
431 1151.935686
432 1154.531323
433 1157.130970
434 1159.730669
435 1162.333228
436 1164.801811
437 1167.410303
438 1170.018119
439 1172.626075
440 1175.145149
441 1177.755723
442 1180.366460
443 1182.978786
444 1185.591980
445 1188.208728
446 1190.822749
447 1193.431993
448 1196.039716
449 1198.647320
450 1201.257491
451 1203.867823
452 1206.481657
453 1209.096922
454 1211.710616
455 1214.324217
456 1216.933965
457 1219.542516
458 1222.151745
459 1224.758376
460 1227.117595
461 1229.725244
462 1232.327759
463 1234.932587
464 1237.536312
465 1240.142026
466 1242.750862
467 1245.360822
468 1247.970330
469 1250.582062
470 1253.191562
471 1255.656551
472 1258.030132
473 1260.559697
474 1263.158304
475 1265.755619
476 1268.354978
477 1270.951490
478 1273.548704
479 1275.961694
480 1278.550331
481 1281.140522
482 1283.727690
483 1286.314275
484 1288.709507
485 1291.292010
486 1293.870424
487 1296.447258
488 1299.024290
489 1301.600787
490 1304.177806
491 1306.755202
492 1309.330181
493 1311.830775
494 1314.406099
495 1316.981956
496 1319.378678
497 1321.952517
498 1324.526019
499 1327.098430
500 1329.676755
501 1332.258013
502 1334.839234
503 1337.424185
504 1340.011405
505 1342.594431
506 1345.176939
507 1347.640107
508 1350.226649
509 1352.811893
510 1355.399033
511 1357.989912
512 1360.466665
513 1363.062534
514 1365.660348
515 1368.253061
516 1370.744466
517 1373.336753
518 1375.928768
519 1378.350573
520 1380.938986
521 1383.529860
522 1386.121310
523 1388.709592
524 1391.064729
525 1393.661587
526 1396.261248
527 1398.856759
528 1401.448940
529 1404.042658
530 1406.635629
531 1409.224699
532 1411.813180
533 1414.400178
534 1416.986685
535 1419.574217
536 1422.161862
537 1424.581012
538 1427.176491
539 1429.770957
540 1432.364913
541 1434.958776
542 1437.552563
543 1440.145704
544 1442.741123
545 1445.339091
546 1447.716557
547 1450.315636
548 1452.910517
549 1455.509134
550 1458.109270
551 1460.710082
552 1463.310494
553 1465.914254
554 1468.516884
555 1471.117242
556 1473.716865
557 1476.313940
558 1478.910571
559 1481.507286
560 1484.105254
561 1486.707550
562 1489.308852
563 1491.907197
564 1494.503448
565 1497.099450
566 1499.694682
567 1502.291500
568 1504.887830
569 1507.479409
570 1510.073404
571 1512.437064
572 1515.032532
573 1517.626735
574 1520.222030
575 1522.816910
576 1525.411782
577 1528.008066
578 1530.604501
579 1533.200096
580 1535.793525
581 1538.390596
582 1540.991566
583 1543.590633
584 1546.186591
585 1548.782553
586 1551.380816
587 1553.842768
588 1556.439324
589 1559.035238
590 1561.635760
591 1564.237425
592 1566.836055
593 1569.309421
594 1571.904555
595 1574.500950
596 1577.095811
597 1579.690592
598 1582.288550
599 1584.888255
600 1587.485119
601 1589.952483
602 1592.414562
603 1594.880255
604 1597.343935
605 1599.806109
606 1602.269680
607 1604.733924
608 1607.202709
609 1609.671328
610 1612.142148
611 1614.613266
612 1617.077501
613 1619.539624
614 1621.998269
615 1624.454379
616 1626.915008
617 1629.377273
618 1631.840715
619 1634.304672
620 1636.772269
621 1639.238833
622 1641.705564
623 1644.174162
624 1646.630422
625 1649.091314
626 1651.550512
627 1654.010124
628 1656.470225
629 1658.931479
630 1661.393782
631 1663.668768
632 1666.135083
633 1668.601055
634 1671.064174
635 1673.527921
636 1675.991602
637 1678.453097
638 1680.920082
639 1683.385060
640 1685.849817
641 1688.316314
642 1690.782487
643 1693.248540
644 1695.716384
645 1698.184538
646 1700.650798
647 1703.112185
648 1705.572232
649 1708.033284
650 1710.493812
651 1712.954301
652 1715.416431
653 1717.881650
654 1720.348301
655 1722.810518
656 1725.275659
657 1727.739351
658 1730.204961
659 1732.663205
660 1735.120142
661 1737.578090
662 1740.035531
663 1742.315894
664 1744.770024
665 1747.093565
666 1749.546395
667 1751.999331
668 1754.451937
669 1756.903891
670 1759.360042
671 1761.815479
672 1764.272254
673 1766.734254
674 1769.191681
675 1771.647991
676 1774.104022
677 1776.562319
678 1779.018735
679 1781.477911
680 1783.934968
681 1786.393212
682 1788.850501
683 1791.307133
684 1793.764746
685 1796.224955
686 1798.685056
687 1801.148874
688 1803.371661
689 1805.836061
690 1808.298107
691 1810.760770
692 1813.222725
693 1815.683913
694 1818.142241
695 1820.607123
696 1823.071930
697 1825.539525
698 1828.005044
699 1830.472178
700 1832.766164
701 1835.237236
702 1837.711230
703 1840.184214
704 1842.657794
705 1845.133288
706 1847.610516
707 1850.089301
708 1852.565552
709 1855.039638
710 1857.516026
711 1859.752296
712 1862.226200
713 1864.693481
714 1867.164838
715 1869.635038
716 1872.104183
717 1874.321764
718 1876.786012
719 1879.029732
720 1881.490188
721 1883.951505
722 1886.410836
723 1888.869145
724 1891.328494
725 1893.734819
726 1896.194706
727 1898.661994
728 1901.131456
729 1903.603002
730 1906.071561
731 1908.542078
732 1911.011292
733 1913.482198
734 1915.950354
735 1918.420900
736 1920.889059
737 1923.356814
738 1925.825269
739 1928.296371
740 1930.768159
741 1933.238908
742 1935.711481
743 1938.179237
744 1940.649027
745 1943.120157
746 1945.591282
747 1948.061437
748 1950.531294
749 1953.001151
750 1955.470016
751 1957.935263
752 1960.399726
753 1962.863702
754 1965.325683
755 1967.787321
756 1970.251363
757 1972.717360
758 1975.183236
759 1977.652525
760 1980.123566
761 1982.598499
762 1984.978695
763 1987.447142
764 1989.914021
765 1992.383993
766 1994.851026
767 1997.313593
768 1999.656155
769 2002.118858
770 2004.583613
771 2007.049106
772 2009.518087
773 2011.987002
774 2014.457618
775 2016.549388
776 2019.015117
777 2021.488274
778 2023.960212
779 2026.430144
780 2028.896385
781 2031.369614
782 2033.842012
783 2036.315065
784 2038.785406
785 2041.251301
786 2043.713953
787 2046.177592
788 2048.644278
789 2051.112121
790 2053.583431
791 2056.054917
792 2058.433285
793 2060.909597
794 2063.388532
795 2065.868746
796 2068.348454
797 2070.830133
798 2073.306739
799 2075.786081
800 2078.269943
801 2080.756298
802 2083.243231
803 2085.729959
804 2088.214955
805 2090.701074
806 2093.183829
807 2095.666010
808 2098.149805
809 2100.634501
810 2103.114643
811 2105.387980
812 2107.871778
813 2110.358231
814 2112.843119
815 2115.326984
816 2117.814002
817 2120.295750
818 2122.776211
819 2125.253272
820 2127.729339
821 2130.152297
822 2132.375886
823 2134.596582
824 2136.815805
825 2139.038280
826 2141.263271
827 2143.488097
828 2145.711890
829 2147.934193
830 2150.155624
831 2152.375488
832 2154.595396
833 2156.817385
834 2159.041557
835 2161.271530
836 2163.414573
837 2165.639244
838 2167.863258
839 2170.087370
840 2172.314507
841 2174.538457
842 2176.764325
843 2178.990375
844 2181.214127
845 2183.436468
846 2185.631754
847 2187.851297
848 2190.072517
849 2192.292435
850 2194.512404
851 2196.734865
852 2198.960244
853 2201.189490
854 2203.416260
855 2205.642640
856 2207.869291
857 2210.093626
858 2212.314446
859 2214.540040
860 2216.769190
861 2218.996678
862 2221.148139
863 2223.375929
864 2225.601270
865 2227.827460
866 2230.057002
867 2232.288082
868 2234.517099
869 2236.748204
870 2238.980791
871 2241.211034
872 2243.441026
873 2245.667369
874 2247.893028
875 2250.116100
876 2252.340324
877 2254.560817
878 2256.782933
879 2259.007924
880 2261.232159
881 2263.456629
882 2265.683592
883 2267.915550
884 2270.154036
885 2272.396976
886 2274.641662
887 2276.883106
888 2279.126916
889 2281.364998
890 2283.507866
891 2285.746855
892 2287.979725
893 2290.214082
894 2292.446213
895 2294.677498
896 2296.906908
897 2299.139672
898 2301.377179
899 2303.611846
900 2305.850699
901 2308.089180
902 2310.325343
903 2312.560286
904 2314.796183
905 2317.032336
906 2319.267271
907 2321.486358
908 2323.545148
909 2325.780834
910 2327.964293
911 2330.200547
912 2332.435955
913 2334.669982
914 2336.905964
915 2339.142482
916 2341.383463
917 2343.623462
918 2345.864594
919 2348.102118
920 2350.339790
921 2352.578999
922 2354.797448
923 2357.030973
924 2359.262110
925 2361.493053
926 2363.726346
927 2365.960072
928 2368.194987
929 2370.429668
930 2372.661246
931 2374.894924
932 2377.125845
933 2379.354411
934 2381.586712
935 2383.818673
936 2386.051443
937 2388.291410
938 2390.533394
939 2392.776464
940 2395.022564
941 2397.267353
942 2399.507389
943 2401.749395
944 2403.993934
945 2406.240553
946 2408.489373
947 2410.741769
948 2412.994755
949 2415.248986
950 2417.503565
951 2419.758021
952 2422.013794
953 2424.269054
954 2426.349985
955 2428.604092
956 2430.858176
957 2433.112198
958 2435.365073
959 2437.427093
960 2439.677713
961 2441.927435
962 2443.967634
963 2446.210633
964 2448.453396
965 2450.689840
966 2452.931889
967 2455.172630
968 2457.416255
969 2459.654119
970 2461.889396
971 2464.127080
972 2466.362346
973 2468.602152
974 2470.844853
975 2473.084923
976 2475.326337
977 2477.564312
978 2479.805489
979 2482.046115
980 2484.287001
981 2486.518733
982 2488.632158
983 2490.866766
984 2493.101584
985 2495.334000
986 2497.566456
987 2499.799956
988 2502.030941
989 2504.262485
990 2506.493919
991 2508.541622
992 2510.777685
993 2513.005654
994 2515.232354
995 2517.459303
996 2519.686208
997 2521.914818
998 2524.144523
999 2526.371356
1000 2528.593494
1001 2530.813639
1002 2533.034876
1003 2535.257636
1004 2537.478104
1005 2539.700250
1006 2541.924600
1007 2544.146957
1008 2546.379977
1009 2548.612786
1010 2550.842257
1011 2553.070892
1012 2555.297013
1013 2557.516680
1014 2559.737552
1015 2561.961471
1016 2564.182441
1017 2566.403331
1018 2568.627451
1019 2570.850673
1020 2573.073398
1021 2575.300330
1022 2577.523521
1023 2579.743434
1024 2581.961897
1025 2584.177985
1026 2586.400856
1027 2588.625294
1028 2590.851822
1029 2593.080725
1030 2595.310968
1031 2597.546616
1032 2599.781892
1033 2602.014560
1034 2604.249365
1035 2606.485759
1036 2608.725521
1037 2610.957291
1038 2613.197154
1039 2615.436844
1040 2617.660895
1041 2619.897438
1042 2622.137742
1043 2624.378977
1044 2626.621825
1045 2628.864436
1046 2631.105259
1047 2633.348212
1048 2635.595052
1049 2637.838819
1050 2640.081015
1051 2642.321208
1052 2644.558702
1053 2646.799314
1054 2649.038441
1055 2651.280027
1056 2653.519841
1057 2655.759158
1058 2657.994371
1059 2660.229560
1060 2662.465119
1061 2664.602541
1062 2666.832944
1063 2669.064805
1064 2671.294079
1065 2673.524802
1066 2675.753526
1067 2677.981002
1068 2680.207414
1069 2682.431117
1070 2684.652051
1071 2686.872539
1072 2689.096585
1073 2691.318982
1074 2693.542343
1075 2695.663840
1076 2697.885101
1077 2700.104231
1078 2702.323403
1079 2704.543296
1080 2706.765403
1081 2708.985632
1082 2711.209058
1083 2713.441241
1084 2715.674483
1085 2717.908324
1086 2720.146860
1087 2722.386603
1088 2724.420832
1089 2726.663359
1090 2728.905970
1091 2731.151472
1092 2733.396944
1093 2735.645867
1094 2737.890576
1095 2740.132959
1096 2742.376638
1097 2744.620511
1098 2746.868136
1099 2749.114926
1100 2751.362276
1101 2753.606987
1102 2755.609919
1103 2757.851179
1104 2760.091099
1105 2762.327227
1106 2764.560778
1107 2766.791169
1108 2769.025529
1109 2771.260805
1110 2773.501096
1111 2775.550816
1112 2777.582463
1113 2779.824267
1114 2782.064583
1115 2784.301022
1116 2786.538706
1117 2788.772597
1118 2791.006033
1119 2793.237963
1120 2795.469753
1121 2797.697744
1122 2799.922832
1123 2802.146104
1124 2804.372641
1125 2806.598765
1126 2808.822427
1127 2811.043095
1128 2813.263742
1129 2815.486516
1130 2817.663740
1131 2819.890936
1132 2822.117792
1133 2824.341944
1134 2826.569513
1135 2828.797555
1136 2831.029629
1137 2833.260448
1138 2835.292957
1139 2837.519690
1140 2839.698657
1141 2841.919644
1142 2844.132731
1143 2846.343158
1144 2848.554048
1145 2850.763841
1146 2852.976444
1147 2855.191262
1148 2857.233444
1149 2859.454467
1150 2861.672801
1151 2863.892685
1152 2866.111512
1153 2868.331133
1154 2870.547006
1155 2872.676048
1156 2874.886745
1157 2877.101583
1158 2879.312990
1159 2881.350363
1160 2883.564953
1161 2885.781128
1162 2887.997795
1163 2890.215052
1164 2892.435063
1165 2894.653723
1166 2896.870114
1167 2899.082849
1168 2901.291105
1169 2903.498318
1170 2905.703455
1171 2907.911032
1172 2910.117406
1173 2912.325602
1174 2914.333440
1175 2916.542451
1176 2918.760094
1177 2920.974748
1178 2923.193887
1179 2925.414481
1180 2927.639158
1181 2929.861550
1182 2932.086000
1183 2934.312251
1184 2936.542324
1185 2938.774474
1186 2941.008748
1187 2943.244626
1188 2945.482823
1189 2947.722492
1190 2949.965945
1191 2952.209071
1192 2954.450016
1193 2956.688480
1194 2958.927647
1195 2961.166331
1196 2963.405211
1197 2965.523592
1198 2967.764141
1199 2970.007684
1200 2972.254065
1201 2974.500919
1202 2976.746962
1203 2978.994352
1204 2981.238224
1205 2983.482042
1206 2985.724240
1207 2987.938433
1208 2990.180437
1209 2992.427148
1210 2994.648362
1211 2996.893942
1212 2999.140679
1213 3001.387272
1214 3003.633509
1215 3005.880347
1216 3008.121993
1217 3010.367651
1218 3012.612049
1219 3014.856225
1220 3017.098096
1221 3019.343418
1222 3021.591053
1223 3023.839301
1224 3026.093962
1225 3028.349116
1226 3030.606620
1227 3032.862664
1228 3035.119508
1229 3037.378180
1230 3039.634323
1231 3041.891926
1232 3044.153868
1233 3046.320448
1234 3048.582150
1235 3050.848851
1236 3053.115490
1237 3055.382066
1238 3057.646966
1239 3059.831268
1240 3062.096108
1241 3064.360978
1242 3066.626333
1243 3068.892025
1244 3071.152889
1245 3073.411357
1246 3075.670814
1247 3077.927337
1248 3080.186319
1249 3082.446808
1250 3084.704317
1251 3086.959729
1252 3089.210492
1253 3091.460906
1254 3093.711239
1255 3095.961733
1256 3098.213748
1257 3100.464713
1258 3102.713734
1259 3104.964994
1260 3107.215612
1261 3109.469164
1262 3111.726458
1263 3113.980950
1264 3116.237501
1265 3118.490606
1266 3120.711818
1267 3122.967743
1268 3125.224109
1269 3127.475671
1270 3129.725886
1271 3131.975970
1272 3134.224907
1273 3136.474417
1274 3138.725031
1275 3140.973792
1276 3142.965935
1277 3145.213372
1278 3147.460216
1279 3149.708743
1280 3151.957982
1281 3154.205125
1282 3156.451099
1283 3158.699072
1284 3160.945085
1285 3163.101200
1286 3165.344104
1287 3167.586503
1288 3169.798900
1289 3172.045479
1290 3174.293965
1291 3176.539121
1292 3178.571062
1293 3180.602641
1294 3182.635049
1295 3184.664880
1296 3186.694137
1297 3188.471829
1298 3190.252274
1299 3192.037891
1300 3193.822425
1301 3195.605224
1302 3197.381876
1303 3199.158626
1304 3200.934794
1305 3202.711302
1306 3204.483176
1307 3206.260287
1308 3208.039522
1309 3209.819053
1310 3211.603145
1311 3213.388830
1312 3215.175166
1313 3216.966279
1314 3218.757309
1315 3220.544860
1316 3222.329642
1317 3224.115653
1318 3225.906184
1319 3227.694816
1320 3229.484209
1321 3231.275306
1322 3233.065680
1323 3234.861456
1324 3236.655632
1325 3238.452025
1326 3240.084188
1327 3241.885222
1328 3243.688684
1329 3245.491385
1330 3247.297550
1331 3249.105116
1332 3250.914135
1333 3252.724064
1334 3254.529927
1335 3256.232082
1336 3258.034372
1337 3259.839903
1338 3261.646758
1339 3263.456067
1340 3265.267786
1341 3267.076456
1342 3268.886890
1343 3270.697345
1344 3272.507428
1345 3274.319513
1346 3276.135643
1347 3277.949115
1348 3279.759646
1349 3281.570845
1350 3283.383127
1351 3285.196338
1352 3287.010845
1353 3288.825872
1354 3290.639565
1355 3292.450535
1356 3294.262168
1357 3296.071715
1358 3297.884087
1359 3299.699876
1360 3301.517472
1361 3303.332609
1362 3304.969957
1363 3306.789473
1364 3308.607039
1365 3310.423940
1366 3312.239060
1367 3314.054017
1368 3315.871714
1369 3317.687791
1370 3319.324307
1371 3321.144476
1372 3322.964111
1373 3324.784234
1374 3326.606868
1375 3328.434125
1376 3330.260385
1377 3332.084463
1378 3333.907727
1379 3335.730932
1380 3337.554345
1381 3339.377797
1382 3341.192979
1383 3343.007929
1384 3344.824819
1385 3346.638969
1386 3348.454977
1387 3350.268478
1388 3352.081405
1389 3353.894549
1390 3355.708045
1391 3357.520522
1392 3359.334137
1393 3361.143490
1394 3362.952106
1395 3364.761208
1396 3366.564458
1397 3368.365713
1398 3370.170556
1399 3371.975497
1400 3373.780510
1401 3375.472698
1402 3377.278896
1403 3379.082391
1404 3380.883644
1405 3382.686266
1406 3384.488955
1407 3386.289768
1408 3388.086994
1409 3389.882634
1410 3391.674252
1411 3393.461964
1412 3395.249271
1413 3397.033595
1414 3398.820672
1415 3400.604482
1416 3402.389452
1417 3404.175226
1418 3405.961836
1419 3407.745748
1420 3409.534153
1421 3411.230967
1422 3413.019111
1423 3414.806414
1424 3416.589681
1425 3418.370806
1426 3420.149852
1427 3421.933444
1428 3423.715319
1429 3425.495180
1430 3427.275859
1431 3429.056690
1432 3430.837084
1433 3432.618016
1434 3434.366841
1435 3436.149239
1436 3437.838062
1437 3439.621828
1438 3441.405605
1439 3443.189792
1440 3444.975399
1441 3446.764830
1442 3448.554034
1443 3450.342103
1444 3452.129164
1445 3453.916861
1446 3455.702617
1447 3457.492081
1448 3459.283292
1449 3461.073530
1450 3462.862367
1451 3464.655490
1452 3466.447808
1453 3468.241425
1454 3470.036756
1455 3471.834026
1456 3473.627520
1457 3475.423232
1458 3477.221046
1459 3479.019730
1460 3480.815745
1461 3482.444218
1462 3484.237285
1463 3486.031576
1464 3487.822877
1465 3489.611217
1466 3491.399323
1467 3493.184518
1468 3494.968378
1469 3496.750528
1470 3498.530399
1471 3500.307124
1472 3502.083124
1473 3503.857418
1474 3505.625648
1475 3507.228072
1476 3508.913882
1477 3510.683337
1478 3512.423217
1479 3514.199277
1480 3515.975911
1481 3517.713660
1482 3519.486256
1483 3521.259468
1484 3523.027193
1485 3524.793876
1486 3526.562894
1487 3528.118248
1488 3529.883366
1489 3531.650400
1490 3533.418528
1491 3535.186232
1492 3536.952890
1493 3538.549627
1494 3540.321208
1495 3542.093506
1496 3543.863630
1497 3545.633593
1498 3547.400106
1499 3549.163703
1500 3550.926557
1501 3552.692620
1502 3554.453675
1503 3556.212777
1504 3557.872758
1505 3559.627628
1506 3561.379830
1507 3563.130157
1508 3564.886104
1509 3566.643961
1510 3568.401915
1511 3570.159470
1512 3571.737232
1513 3573.490905
1514 3575.242354
1515 3576.996352
1516 3578.538177
1517 3580.293596
1518 3582.049960
1519 3583.801793
1520 3585.554384
1521 3587.302220
1522 3589.047213
1523 3590.790087
1524 3592.532867
1525 3594.278678
1526 3596.023242
1527 3597.771760
1528 3599.491476
1529 3601.237140
1530 3602.983969
1531 3604.692763
1532 3606.434886
1533 3608.176588
1534 3609.917489
1535 3611.660958
1536 3613.404838
1537 3615.154275
1538 3616.891275
1539 3618.640042
1540 3620.387588
1541 3622.136133
1542 3623.887364
1543 3625.641523
1544 3627.395638
1545 3629.148553
1546 3630.902246
1547 3632.660203
1548 3634.418246
1549 3636.177288
1550 3637.935490
1551 3639.697551
1552 3641.461913
1553 3643.227113
1554 3644.994436
1555 3646.757958
1556 3648.518198
1557 3650.278541
1558 3652.006486
1559 3653.769738
1560 3655.531695
1561 3657.294791
1562 3659.058642
1563 3660.823536
1564 3662.586799
1565 3664.352482
1566 3666.116002
1567 3667.880052
1568 3669.643392
1569 3671.410118
1570 3673.176672
1571 3674.941101
1572 3676.706266
1573 3678.468760
1574 3680.231202
1575 3681.992796
1576 3683.579993
1577 3685.341526
1578 3687.101676
1579 3688.865590
1580 3690.628429
1581 3692.392669
1582 3694.158153
1583 3695.919362
1584 3697.683924
1585 3699.445896
1586 3701.209847
1587 3702.972681
1588 3704.731319
1589 3706.491484
1590 3708.251441
1591 3710.011068
1592 3711.768071
1593 3713.522407
1594 3715.271877
1595 3717.020445
1596 3718.770245
1597 3720.522123
1598 3722.275646
1599 3724.030838
1600 3725.782790
1601 3727.534357
1602 3729.286718
1603 3731.043221
1604 3732.797420
1605 3734.553735
1606 3736.305442
1607 3738.059629
1608 3739.812662
1609 3741.400825
1610 3743.152702
1611 3744.901013
1612 3746.549271
1613 3748.297348
1614 3750.044484
1615 3751.789571
1616 3753.534034
1617 3755.278570
1618 3757.023022
1619 3758.765962
1620 3760.508506
1621 3762.250064
1622 3763.993800
1623 3765.735089
1624 3767.301145
1625 3769.044204
1626 3770.789723
1627 3772.537188
1628 3774.286368
1629 3776.037545
1630 3777.783543
1631 3779.529363
1632 3781.277942
1633 3783.031560
1634 3784.784857
1635 3786.537528
1636 3788.291003
1637 3790.043611
1638 3791.797775
1639 3793.551128
1640 3795.307763
1641 3797.065124
1642 3798.819767
1643 3800.573090
1644 3802.327452
1645 3804.070708
1646 3805.813721
1647 3807.557172
1648 3809.299474
1649 3811.036385
1650 3812.779027
1651 3814.337326
1652 3816.081385
1653 3817.825777
1654 3819.567633
1655 3821.309955
1656 3823.052312
1657 3824.796072
1658 3826.540096
1659 3828.285544
1660 3830.029847
1661 3831.770228
1662 3833.515839
1663 3835.264221
1664 3837.008388
1665 3838.755365
1666 3840.502347
1667 3842.251433
1668 3843.998643
1669 3845.746115
1670 3847.496114
1671 3849.242457
1672 3850.988737
1673 3852.735132
1674 3854.481094
1675 3856.227393
1676 3857.970733
1677 3859.709895
1678 3861.447787
1679 3863.185825
1680 3864.925212
1681 3866.666829
1682 3868.409567
1683 3870.151285
1684 3871.892269
1685 3873.630743
1686 3875.370497
1687 3877.108501
1688 3878.843022
1689 3880.575258
1690 3882.310934
1691 3883.877500
1692 3885.617557
1693 3887.353504
1694 3889.087734
1695 3890.820313
1696 3892.555242
1697 3894.290812
1698 3896.025139
1699 3897.757229
1700 3899.490852
1701 3901.225141
1702 3902.959652
1703 3904.699267
1704 3906.436868
1705 3908.175941
1706 3909.915412
1707 3911.652652
1708 3913.282860
1709 3915.019652
1710 3916.650785
1711 3918.388917
1712 3920.122444
1713 3921.762146
1714 3923.488608
1715 3925.216768
1716 3926.945082
1717 3928.675464
1718 3930.408846
1719 3932.144968
1720 3933.880125
1721 3935.611005
1722 3937.341769
1723 3939.068312
1724 3940.793256
1725 3942.522172
1726 3944.249965
1727 3945.976057
1728 3947.701479
1729 3949.426884
1730 3951.155619
1731 3952.884743
1732 3954.612434
1733 3956.339523
1734 3958.068578
1735 3959.798046
1736 3961.528011
1737 3963.257039
1738 3964.987416
1739 3966.716885
1740 3968.446271
1741 3970.173415
1742 3971.900697
1743 3973.629258
1744 3975.358371
1745 3977.088467
1746 3978.818158
1747 3980.544833
1748 3982.263678
1749 3983.981168
1750 3985.699155
1751 3987.415078
1752 3989.132737
1753 3990.853636
1754 3992.575914
1755 3994.260899
1756 3995.982889
1757 3997.705923
1758 3999.427856
1759 4001.148308
1760 4002.868094
1761 4004.503577
1762 4006.098529
1763 4007.528638
1764 4009.248362
1765 4010.966443
1766 4012.689653
1767 4014.414278
1768 4016.135874
1769 4017.857811
1770 4019.581942
1771 4021.304479
1772 4022.944236
1773 4024.670069
1774 4026.394831
1775 4028.117769
1776 4029.840524
1777 4031.479654
1778 4033.203332
1779 4034.926545
1780 4036.648568
1781 4038.196250
1782 4039.920666
1783 4041.638225
1784 4043.358984
1785 4045.076861
1786 4046.792241
1787 4048.507879
1788 4050.223294
1789 4051.939981
1790 4053.665031
1791 4055.389788
1792 4057.114259
1793 4058.836300
1794 4060.554625
1795 4062.269658
1796 4063.984096
1797 4065.699348
1798 4067.420372
1799 4069.143558
1800 4070.864885
1801 4072.588085
1802 4074.310306
1803 4076.032869
1804 4077.753771
1805 4079.311132
1806 4081.037152
1807 4082.764726
1808 4084.493305
1809 4086.220545
1810 4087.949456
1811 4089.679228
1812 4091.407139
1813 4093.135058
1814 4094.861955
1815 4096.589905
1816 4098.316124
1817 4100.039577
1818 4101.766214
1819 4103.490299
1820 4105.211701
1821 4106.936842
1822 4108.663668
1823 4110.389787
1824 4112.117093
1825 4113.841533
1826 4115.559812
1827 4117.277494
1828 4118.996818
1829 4120.715721
1830 4122.436046
1831 4124.026546
1832 4125.747100
1833 4127.467442
1834 4129.186608
1835 4130.903661
1836 4132.623084
1837 4134.339170
1838 4136.053488
1839 4137.767735
1840 4139.483615
1841 4141.200055
1842 4142.914612
1843 4144.625293
1844 4146.331368
1845 4147.872496
1846 4149.582170
1847 4151.293246
1848 4153.005380
1849 4154.718493
1850 4156.433865
1851 4158.155069
1852 4159.875486
1853 4161.594553
1854 4163.312774
1855 4164.808055
1856 4166.520362
1857 4168.233751
1858 4169.839316
1859 4171.544215
1860 4173.250255
1861 4174.959844
1862 4176.670758
1863 4178.383561
1864 4180.097825
1865 4181.814273
1866 4183.530657
1867 4185.247135
1868 4186.963680
1869 4188.681341
1870 4190.401586
1871 4192.121007
1872 4193.840092
1873 4195.559376
1874 4197.280046
1875 4199.002674
1876 4200.724324
1877 4202.448124
1878 4204.173593
1879 4205.899261
1880 4207.627233
1881 4209.353004
1882 4211.083301
1883 4212.820068
1884 4214.558059
1885 4216.296937
1886 4218.036245
1887 4219.776502
1888 4221.516442
1889 4223.255169
1890 4224.997937
1891 4226.742736
1892 4228.488636
1893 4230.233305
1894 4231.980694
1895 4233.731487
1896 4235.480748
1897 4237.230838
1898 4238.973997
1899 4240.717544
1900 4242.461914
1901 4244.203059
1902 4245.940098
1903 4247.676528
1904 4249.415626
1905 4251.043661
1906 4252.780617
1907 4254.522185
1908 4256.264219
1909 4258.005880
1910 4259.746635
1911 4261.487638
1912 4263.223635
1913 4264.960297
1914 4266.697698
1915 4268.435159
1916 4270.173411
1917 4271.907586
1918 4273.641501
1919 4275.375915
1920 4277.110231
1921 4278.844858
1922 4280.572948
1923 4282.300149
1924 4284.027474
1925 4285.756020
1926 4287.485819
1927 4289.215564
1928 4290.946703
1929 4292.677605
1930 4294.409976
1931 4296.141608
1932 4297.874422
1933 4299.607975
1934 4301.343350
1935 4303.079971
1936 4304.811271
1937 4306.543225
1938 4308.272622
1939 4309.999625
1940 4311.726316
1941 4313.444318
1942 4315.154663
1943 4316.866829
1944 4318.579179
1945 4320.289261
1946 4321.999879
1947 4323.715594
1948 4325.432148
1949 4327.146558
1950 4328.859836
1951 4330.572448
1952 4332.284113
1953 4333.993987
1954 4335.701570
1955 4337.405357
1956 4339.108249
1957 4340.813602
1958 4342.517129
1959 4344.220446
1960 4345.915584
1961 4347.608412
1962 4349.299385
1963 4350.989770
1964 4352.677561
1965 4354.367037
1966 4356.056499
1967 4357.745293
1968 4359.433996
1969 4361.125259
1970 4362.820965
1971 4364.516873
1972 4366.215570
1973 4367.914936
1974 4369.502288
1975 4371.159493
1976 4372.860185
1977 4374.563497
1978 4376.264903
1979 4377.964147
1980 4379.663877
1981 4381.364556
1982 4383.058914
1983 4384.755610
1984 4386.452010
1985 4388.148971
1986 4389.843554
1987 4391.536871
1988 4393.167795
1989 4394.853296
1990 4396.361711
1991 4398.049516
1992 4399.731579
1993 4401.410529
1994 4403.088148
1995 4404.764720
1996 4406.441521
1997 4408.117115
1998 4409.792070
1999 4411.464789
2000 4413.139358
2001 4414.813342
2002 4416.307942
2003 4417.985328
2004 4419.658245
2005 4421.332735
2006 4423.006502
2007 4424.683585
2008 4426.363043
2009 4427.986533
2010 4429.666308
2011 4431.345847
2012 4433.026372
2013 4434.705756
2014 4436.384859
2015 4438.063937
2016 4439.747025
2017 4441.430894
2018 4443.116530
2019 4444.639022
2020 4446.325595
2021 4448.015046
2022 4449.702182
2023 4451.389444
2024 4453.074165
2025 4454.759582
2026 4456.445989
2027 4458.130774
2028 4459.815774
2029 4461.502517
2030 4463.189994
2031 4464.879926
2032 4466.568620
2033 4468.253661
2034 4469.937727
2035 4471.621198
2036 4473.306945
2037 4474.993487
2038 4476.682044
2039 4478.367862
2040 4480.054835
2041 4481.739420
2042 4483.427000
2043 4485.114671
2044 4486.804929
2045 4488.491179
2046 4490.173132
2047 4491.854850
2048 4493.533939
2049 4495.056333
2050 4496.738231
2051 4498.420770
2052 4500.106000
2053 4501.788562
2054 4503.476855
2055 4505.165713
2056 4506.854294
2057 4508.543487
2058 4510.233495
2059 4511.924132
2060 4513.616830
2061 4515.310849
2062 4517.003506
2063 4518.636817
2064 4520.329268
2065 4522.019179
2066 4523.713069
2067 4525.399032
2068 4527.080561
2069 4528.760273
2070 4530.440463
2071 4532.120584
2072 4533.796267
2073 4535.472909
2074 4537.152480
2075 4538.832264
2076 4540.512369
2077 4542.190201
2078 4543.873590
2079 4545.553105
2080 4547.234110
2081 4548.693361
2082 4550.371406
2083 4552.052464
2084 4553.735023
2085 4555.420948
2086 4557.107513
2087 4558.795515
2088 4560.484836
2089 4562.178140
2090 4563.869784
2091 4565.535212
2092 4567.228237
2093 4568.914368
2094 4570.600910
2095 4572.281547
2096 4573.894124
2097 4575.577319
2098 4577.262415
2099 4578.947491
2100 4580.631993
2101 4582.316993
2102 4584.000479
2103 4585.686063
2104 4587.279200
2105 4588.965380
2106 4590.556646
2107 4592.244090
2108 4593.932145
2109 4595.622918
2110 4597.317087
2111 4599.015952
2112 4600.711087
2113 4602.407425
2114 4604.106298
2115 4605.808891
2116 4607.512357
2117 4609.216862
2118 4610.920258
2119 4612.623954
2120 4614.328684
2121 4616.031902
2122 4617.736929
2123 4619.442491
2124 4621.146406
2125 4622.851570
2126 4624.559022
2127 4626.265773
2128 4627.972446
2129 4629.683349
2130 4631.395528
2131 4633.080970
2132 4634.789195
2133 4636.491945
2134 4638.194826
2135 4639.895275
2136 4641.595827
2137 4643.220535
2138 4644.920789
2139 4646.621437
2140 4648.317178
2141 4650.010715
2142 4651.704920
2143 4653.396254
2144 4654.961280
2145 4656.656391
2146 4658.351395
2147 4660.046081
2148 4661.741861
2149 4663.437452
2150 4665.133044
2151 4666.833470
2152 4668.532296
2153 4670.232996
2154 4671.935954
2155 4673.639219
2156 4675.344006
2157 4677.050387
2158 4678.758170
2159 4680.465439
2160 4682.171440
2161 4683.879102
2162 4685.587180
2163 4687.298987
2164 4689.013149
2165 4690.728535
2166 4692.446074
2167 4694.163024
2168 4695.883306
2169 4697.604146
2170 4699.322563
2171 4700.946752
2172 4702.663565
2173 4704.379589
2174 4706.094934
2175 4707.810126
2176 4709.524679
2177 4711.238953
2178 4712.953711
2179 4714.667062
2180 4716.383698
2181 4718.099501
2182 4719.812572
2183 4721.527084
2184 4723.241375
2185 4724.956746
2186 4726.671068
2187 4728.387741
2188 4730.100274
2189 4731.814246
2190 4733.527536
2191 4735.243669
2192 4736.958825
2193 4738.672522
2194 4740.383521
2195 4741.936267
2196 4743.644540
2197 4745.354175
2198 4747.066438
2199 4748.778204
2200 4750.488494
2201 4752.194118
2202 4753.899561
2203 4755.609379
2204 4757.319711
2205 4758.867917
2206 4760.575265
2207 4762.280725
2208 4763.987190
2209 4765.692653
2210 4767.396969
2211 4769.100175
2212 4770.802226
2213 4772.506804
2214 4774.213558
2215 4775.923176
2216 4777.632482
2217 4779.337153
2218 4781.045050
2219 4782.751258
2220 4784.457276
2221 4786.162126
2222 4787.865351
2223 4789.571532
2224 4791.274838
2225 4792.802276
2226 4794.221093
2227 4795.748330
2228 4797.276528
2229 4798.806423
2230 4800.334738
2231 4801.709861
2232 4803.238748
2233 4804.768243
2234 4806.293742
2235 4807.817428
2236 4809.341436
2237 4810.862653
2238 4812.385097
2239 4813.907216
2240 4815.429179
2241 4816.951639
2242 4818.471555
2243 4819.989116
2244 4821.510524
2245 4823.033641
2246 4824.553692
2247 4826.076628
2248 4827.602269
2249 4829.128605
2250 4830.476168
2251 4831.999967
2252 4833.524350
2253 4835.049136
2254 4836.569586
2255 4838.097971
2256 4839.629486
2257 4841.164943
2258 4842.699523
2259 4844.236740
2260 4845.772602
2261 4847.308985
2262 4848.845906
2263 4850.384849
2264 4851.927304
2265 4853.466635
2266 4855.005140
2267 4856.544852
2268 4858.080385
2269 4859.615237
2270 4861.040381
2271 4862.579392
2272 4864.116187
2273 4865.653508
2274 4867.190934
2275 4868.656885
2276 4870.039978
2277 4871.580275
2278 4873.119954
2279 4874.655434
2280 4876.190809
2281 4877.656712
2282 4879.190833
2283 4880.726404
2284 4882.262257
2285 4883.797740
2286 4885.335604
2287 4886.871736
2288 4888.407194
2289 4889.942702
2290 4891.475495
2291 4893.006824
2292 4894.539819
2293 4896.079963
2294 4897.622371
2295 4899.162139
2296 4900.701299
2297 4902.235093
2298 4903.761006
2299 4905.284227
2300 4906.808348
2301 4908.335849
2302 4909.863608
2303 4911.363875
2304 4912.889655
2305 4914.414695
2306 4915.939880
2307 4917.466207
2308 4918.993557
2309 4920.518945
2310 4922.046829
2311 4923.574530
2312 4925.101908
2313 4926.576263
2314 4928.102133
2315 4929.626209
2316 4931.154723
2317 4932.677254
2318 4934.198574
2319 4935.716119
2320 4937.230016
2321 4938.740513
2322 4940.251658
2323 4941.714979
2324 4943.227676
2325 4944.743416
2326 4946.259312
2327 4947.777177
2328 4949.300213
2329 4950.823399
2330 4952.345114
2331 4953.867868
2332 4955.387080
2333 4956.903485
2334 4958.391017
2335 4959.904049
2336 4961.416017
2337 4962.928575
2338 4964.442161
2339 4965.957145
2340 4967.258070
2341 4968.774073
2342 4970.290298
2343 4971.805703
2344 4973.323706
2345 4974.842349
2346 4976.363113
2347 4977.869129
2348 4979.392894
2349 4980.917015
2350 4982.440211
2351 4983.963530
2352 4985.486014
2353 4987.007732
2354 4988.313759
2355 4989.834888
2356 4991.353026
2357 4992.872689
2358 4994.394499
2359 4995.915023
2360 4997.438207
2361 4998.963004
2362 5000.487506
2363 5002.012028
2364 5003.530814
2365 5005.050278
2366 5006.572017
2367 5008.094596
2368 5009.614672
2369 5011.137030
2370 5012.661695
2371 5014.120363
2372 5015.648482
2373 5017.176801
2374 5018.707719
2375 5020.238125
2376 5021.769086
2377 5023.296233
2378 5024.822821
2379 5026.355034
2380 5027.819908
2381 5029.353084
2382 5030.888837
2383 5032.421510
2384 5033.957213
2385 5035.493447
2386 5037.029527
2387 5038.561346
2388 5040.095148
2389 5041.445096
2390 5042.978441
2391 5044.510010
2392 5046.043445
2393 5047.575736
2394 5049.102112
2395 5050.631378
2396 5052.086650
2397 5053.623410
2398 5055.160401
2399 5056.695029
2400 5058.229227
2401 5059.760656
2402 5061.293167
2403 5062.824693
2404 5064.356994
2405 5065.892646
2406 5067.426782
2407 5068.960683
2408 5070.489835
2409 5072.018306
2410 5073.546405
2411 5075.075527
2412 5076.602328
2413 5078.129655
2414 5079.658469
2415 5081.185463
2416 5082.712507
2417 5084.238869
2418 5085.767084
2419 5087.293142
2420 5088.820360
2421 5090.349115
2422 5091.878447
2423 5093.403383
2424 5094.928944
2425 5096.449604
2426 5097.969470
2427 5099.489882
2428 5101.008298
2429 5102.527343
2430 5104.039868
2431 5105.552321
2432 5107.063396
2433 5108.573487
2434 5110.076522
2435 5111.582487
2436 5113.087451
2437 5114.594713
2438 5116.102859
2439 5117.610433
2440 5119.118383
2441 5120.624295
2442 5122.129003
2443 5123.632558
2444 5125.134998
2445 5126.631355
2446 5128.124535
2447 5129.618034
2448 5131.047925
2449 5132.542496
2450 5134.037887
2451 5135.532323
2452 5137.026519
2453 5138.524686
2454 5139.975297
2455 5141.474133
2456 5142.789546
2457 5144.104181
2458 5145.416150
2459 5146.729458
2460 5148.044908
2461 5149.359050
2462 5150.673209
2463 5151.990343
2464 5153.309102
2465 5154.626441
2466 5155.945801
2467 5157.263912
2468 5158.583990
2469 5159.899519
2470 5161.218601
2471 5162.536129
2472 5163.855268
2473 5165.173665
2474 5166.492233
2475 5167.816878
2476 5169.142145
2477 5170.468762
2478 5171.797021
2479 5173.124112
2480 5174.448663
2481 5175.773120
2482 5177.092810
2483 5178.418995
2484 5179.749044
2485 5181.077718
2486 5182.404543
2487 5183.728085
2488 5185.051302
2489 5186.308562
2490 5187.631919
2491 5188.951599
2492 5190.272051
2493 5191.597539
2494 5192.923045
2495 5194.250313
2496 5195.576787
2497 5196.905655
2498 5198.237794
2499 5199.573386
2500 5200.908520
2501 5202.241124
2502 5203.571985
2503 5204.900861
2504 5206.234457
2505 5207.570069
2506 5208.905034
2507 5210.239775
2508 5211.571206
2509 5212.904740
2510 5214.239893
2511 5215.572924
2512 5216.909323
2513 5218.243636
2514 5219.578823
2515 5220.913390
2516 5222.246556
2517 5223.582332
2518 5224.730107
2519 5226.067886
2520 5227.410229
2521 5228.756741
2522 5230.104010
2523 5231.453066
2524 5232.804703
2525 5234.156282
2526 5235.507449
2527 5236.853987
2528 5238.197239
2529 5239.538225
2530 5240.877209
2531 5242.215080
2532 5243.558740
2533 5244.907131
2534 5246.256716
2535 5247.606915
2536 5248.956168
2537 5250.308899
2538 5251.662535
2539 5253.017508
2540 5254.373438
2541 5255.729364
2542 5257.087276
2543 5258.443732
2544 5259.797686
2545 5261.150663
2546 5262.506858
2547 5263.861749
2548 5265.219429
2549 5266.509030
2550 5267.859084
2551 5269.209312
2552 5270.381712
2553 5271.735370
2554 5273.018321
2555 5274.374808
2556 5275.546021
2557 5276.903547
2558 5278.252998
2559 5279.604032
2560 5280.953660
2561 5282.304156
2562 5283.649929
2563 5284.993441
2564 5286.118918
2565 5287.460360
2566 5288.802210
2567 5290.141003
2568 5291.481236
2569 5292.821992
2570 5294.160182
2571 5295.494468
2572 5296.829832
2573 5298.164776
2574 5299.428599
2575 5300.766000
2576 5302.102932
2577 5303.441248
2578 5304.779903
2579 5306.119823
2580 5307.454459
2581 5308.793046
2582 5310.131382
2583 5311.471750
2584 5312.777259
2585 5314.115987
2586 5315.453575
2587 5316.796963
2588 5318.142798
2589 5319.488050
2590 5320.835850
2591 5322.182162
2592 5323.530355
2593 5324.874354
2594 5326.220570
2595 5327.562584
2596 5328.904571
2597 5330.247322
2598 5331.590446
2599 5332.934795
2600 5334.116936
2601 5335.298500
2602 5336.480514
2603 5337.661670
2604 5338.841642
2605 5340.024453
2606 5341.204656
2607 5342.382549
2608 5343.558131
2609 5344.735413
2610 5345.910357
2611 5347.084821
2612 5348.257691
2613 5349.431211
2614 5350.605107
2615 5351.781295
2616 5352.959047
2617 5354.135846
2618 5355.313288
2619 5356.488765
2620 5357.522701
2621 5358.527377
2622 5359.703030
2623 5360.877266
2624 5362.051069
2625 5363.227584
2626 5364.404100
2627 5365.560293
2628 5366.716203
2629 5367.870371
2630 5369.023870
2631 5370.174514
2632 5371.328062
2633 5372.479147
2634 5373.629750
2635 5374.784186
2636 5375.937842
2637 5377.092191
2638 5378.245713
2639 5379.401346
2640 5380.556055
2641 5381.711644
2642 5382.864477
2643 5384.020218
2644 5385.174402
2645 5386.329621
2646 5387.484389
2647 5388.636430
2648 5389.787756
2649 5390.940195
2650 5392.092507
2651 5393.244183
2652 5394.395793
2653 5395.550834
2654 5396.705181
2655 5397.861470
2656 5399.016040
2657 5400.172872
2658 5401.329865
2659 5402.487159
2660 5403.645440
2661 5404.804617
2662 5405.965015
2663 5407.125608
2664 5408.286419
2665 5409.450033
2666 5410.612216
2667 5411.770537
2668 5412.858092
2669 5414.017268
2670 5415.174531
2671 5416.333363
2672 5417.493080
2673 5418.652172
2674 5419.810673
2675 5420.970305
2676 5422.131289
2677 5423.300105
2678 5424.463157
2679 5425.626382
2680 5426.789452
2681 5427.956650
2682 5429.123688
2683 5430.287145
2684 5431.447172
2685 5432.609534
2686 5433.774292
2687 5434.937773
2688 5436.099495
2689 5437.114793
2690 5438.274274
2691 5439.428919
2692 5440.584986
2693 5441.741511
2694 5442.897645
2695 5444.056126
2696 5445.218698
2697 5446.379415
2698 5447.541066
2699 5448.703266
2700 5449.868362
2701 5451.028667
2702 5452.190876
2703 5453.355535
2704 5454.522867
2705 5455.690443
2706 5456.806766
2707 5457.972254
2708 5459.140452
2709 5460.310258
2710 5461.480181
2711 5462.648892
2712 5463.818935
2713 5464.987408
2714 5466.155733
2715 5467.324798
2716 5468.490989
2717 5469.656091
2718 5470.820563
2719 5471.984963
2720 5473.148721
2721 5474.308449
2722 5475.466231
2723 5476.529811
2724 5477.689670
2725 5478.851053
2726 5480.008954
2727 5481.169038
2728 5482.328905
2729 5483.309342
2730 5484.466579
2731 5485.626413
2732 5486.786089
2733 5487.944833
2734 5489.109547
2735 5490.272465
2736 5491.433648
2737 5492.594831
2738 5493.759190
2739 5494.924257
2740 5496.095088
2741 5497.264835
2742 5498.432003
2743 5499.599316
2744 5500.765883
2745 5501.932629
2746 5503.081664
2747 5504.248499
2748 5505.415590
2749 5506.578763
2750 5507.741745
2751 5508.903566
2752 5510.067111
2753 5511.229651
2754 5512.388116
2755 5513.545842
2756 5514.706193
2757 5515.865433
2758 5517.027582
2759 5518.192199
2760 5519.314094
2761 5520.477801
2762 5521.638785
2763 5522.799856
2764 5523.960974
2765 5525.123460
2766 5526.290836
2767 5527.455593
2768 5528.618821
2769 5529.782817
2770 5530.940919
2771 5532.098838
2772 5533.258444
2773 5534.356074
2774 5535.507375
2775 5536.657768
2776 5537.747503
2777 5538.900675
2778 5540.056889
2779 5541.032497
2780 5542.184847
2781 5543.292251
2782 5544.437887
2783 5545.591386
2784 5546.744940
2785 5547.898643
2786 5549.050134
2787 5550.200908
2788 5551.353345
2789 5552.509691
2790 5553.661381
2791 5554.752993
2792 5555.905359
2793 5557.056660
2794 5558.211480
2795 5559.367128
2796 5560.526848
2797 5561.683370
2798 5562.838872
2799 5563.995356
2800 5565.151451
2801 5566.308614
2802 5567.462579
2803 5568.620557
2804 5569.777752
2805 5570.933095
2806 5572.086227
2807 5573.242349
2808 5574.397017
2809 5575.554335
2810 5576.711239
2811 5577.868815
2812 5579.026362
2813 5580.184762
2814 5581.342939
2815 5582.505697
2816 5583.670285
2817 5584.819226
2818 5585.966483
2819 5587.117496
2820 5588.267056
2821 5589.416908
2822 5590.568528
2823 5591.718155
2824 5592.868684
2825 5594.019426
2826 5595.171461
2827 5596.322795
2828 5597.472811
2829 5598.621209
2830 5599.767750
2831 5600.917263
2832 5602.066339
2833 5603.214084
2834 5604.358635
2835 5605.502999
2836 5606.644065
2837 5607.788091
2838 5608.931280
2839 5610.070818
2840 5611.179849
2841 5612.316345
2842 5613.453318
2843 5614.591269
2844 5615.729036
2845 5616.863253
2846 5617.998864
2847 5619.138934
2848 5620.282118
2849 5621.426674
2850 5622.570280
2851 5623.714239
2852 5624.859719
2853 5625.836854
2854 5626.981365
2855 5628.128768
2856 5629.275037
2857 5630.420123
2858 5631.566647
2859 5632.712463
2860 5633.860624
2861 5635.011203
2862 5636.166489
2863 5637.320434
2864 5638.473751
2865 5639.629014
2866 5640.787907
2867 5641.946214
2868 5643.105178
2869 5644.264421
2870 5645.427064
2871 5646.587908
2872 5647.751036
2873 5648.913850
2874 5650.079240
2875 5651.241493
2876 5652.402856
2877 5653.561999
2878 5654.724503
2879 5655.893095
2880 5657.064089
2881 5658.235837
2882 5659.408107
2883 5660.582284
2884 5661.755993
2885 5662.932106
2886 5664.109857
2887 5665.286308
2888 5666.460667
2889 5667.554469
2890 5668.728337
2891 5669.903455
2892 5671.079141
2893 5672.211769
2894 5673.386581
2895 5674.564353
2896 5675.744574
2897 5676.922462
2898 5678.095853
2899 5679.269510
2900 5680.441890
2901 5681.616782
2902 5682.793817
2903 5683.968592
2904 5685.144748
2905 5686.318974
2906 5687.491793
2907 5688.669704
2908 5689.805053
2909 5690.982353
2910 5692.164831
2911 5693.347049
2912 5694.530364
2913 5695.649580
2914 5696.661526
2915 5697.844182
2916 5699.029574
2917 5700.213559
2918 5701.397842
2919 5702.581241
2920 5703.765359
2921 5704.952105
2922 5706.136895
2923 5707.321498
2924 5708.506062
2925 5709.694064
2926 5710.881384
2927 5712.068451
2928 5713.254433
2929 5714.437916
2930 5715.616775
2931 5716.795476
2932 5717.975873
2933 5719.156363
2934 5720.334854
2935 5721.513085
2936 5722.693138
2937 5723.874084
2938 5725.049306
2939 5726.224531
2940 5727.395977
2941 5728.571345
2942 5729.742986
2943 5730.912257
2944 5732.081417
2945 5733.250970
2946 5734.417681
2947 5735.579271
2948 5736.740456
2949 5737.902952
2950 5739.066232
2951 5740.227589
2952 5741.383896
2953 5742.543358
2954 5743.705113
2955 5744.870874
2956 5746.036678
2957 5747.198857
2958 5748.360062
2959 5749.520299
2960 5750.686734
2961 5751.669778
2962 5752.752666
2963 5753.915915
2964 5755.076309
2965 5756.235743
2966 5757.314660
2967 5758.474396
2968 5759.633009
2969 5760.611684
2970 5761.771282
2971 5762.930973
2972 5764.092314
2973 5765.253919
2974 5766.202326
2975 5767.370287
2976 5768.542395
2977 5769.713687
2978 5770.887555
2979 5772.060430
2980 5773.230051
2981 5774.403228
2982 5775.575792
2983 5776.747096
2984 5777.917939
2985 5779.090333
2986 5780.262576
2987 5781.430663
2988 5782.596898
2989 5783.763686
2990 5784.932293
2991 5786.101035
2992 5787.270767
2993 5788.439796
2994 5789.611815
2995 5790.782956
2996 5791.953647
2997 5793.122314
2998 5794.154616
2999 5795.324175
3000 5796.496867
3001 5797.666741
3002 5798.834337
3003 5800.004647
3004 5801.172226
3005 5802.340369
3006 5803.507100
3007 5804.677831
3008 5805.846756
3009 5807.017488
3010 5808.188018
3011 5809.267163
3012 5810.436579
3013 5811.608804
3014 5812.780022
3015 5813.948231
3016 5815.115655
3017 5816.284311
3018 5817.449557
3019 5818.615712
3020 5819.783835
3021 5820.953127
3022 5822.119553
3023 5823.288828
3024 5824.457863
3025 5825.623530
3026 5826.786276
3027 5827.948634
3028 5829.114407
3029 5830.277348
3030 5831.442799
3031 5832.609839
3032 5833.776453
3033 5834.941692
3034 5836.106479
3035 5837.268767
3036 5838.429622
3037 5839.585323
3038 5840.739395
3039 5841.895579
3040 5843.053122
3041 5844.216316
3042 5845.378146
3043 5846.541824
3044 5847.707972
3045 5848.816510
3046 5849.984428
3047 5851.146563
3048 5852.307900
3049 5853.471057
3050 5854.633719
3051 5855.790374
3052 5856.948017
3053 5858.105604
3054 5859.259617
3055 5860.413581
3056 5861.570195
3057 5862.726695
3058 5863.884586
3059 5865.043158
3060 5866.203777
3061 5867.365200
3062 5868.524758
3063 5869.687283
3064 5870.812308
3065 5871.937938
3066 5873.066366
3067 5874.191933
3068 5875.316417
3069 5876.441500
3070 5877.569071
3071 5878.695408
3072 5879.819551
3073 5880.943811
3074 5882.072377
3075 5883.204895
3076 5884.337682
3077 5885.472575
3078 5886.609908
3079 5887.747698
3080 5888.885847
3081 5890.025312
3082 5891.163116
3083 5892.303130
3084 5893.445385
3085 5894.372021
3086 5895.515400
3087 5896.659135
3088 5897.803111
3089 5898.953532
3090 5900.108323
3091 5901.203633
3092 5902.358634
3093 5903.513601
3094 5904.669695
3095 5905.826368
3096 5906.988551
3097 5908.148694
3098 5909.304696
3099 5910.462287
3100 5911.622537
3101 5912.783395
3102 5913.943683
3103 5915.103031
3104 5916.264198
3105 5917.427905
3106 5918.590123
3107 5919.750782
3108 5920.909763
3109 5922.072379
3110 5923.232220
3111 5924.391027
3112 5925.550149
3113 5926.707923
3114 5927.724382
3115 5928.880636
3116 5930.037169
3117 5931.195108
3118 5932.359958
3119 5933.525915
3120 5934.691183
3121 5935.858106
3122 5937.022593
3123 5938.187132
3124 5939.355247
3125 5940.526604
3126 5941.701243
3127 5942.874132
3128 5944.046694
3129 5945.219863
3130 5946.394032
3131 5947.567468
3132 5948.747732
3133 5949.930566
3134 5951.115584
3135 5952.300591
3136 5953.484911
3137 5954.667304
3138 5955.849748
3139 5957.038575
3140 5958.227078
3141 5959.420120
3142 5960.613931
3143 5961.807437
3144 5962.997568
3145 5964.186556
3146 5965.376010
3147 5966.564492
3148 5967.751124
3149 5968.936677
3150 5970.122421
3151 5971.306725
3152 5972.489472
3153 5973.670266
3154 5974.856335
3155 5976.040660
3156 5977.224914
3157 5978.410482
3158 5979.595557
3159 5980.784035
3160 5981.968094
3161 5983.156087
3162 5984.347303
3163 5985.539322
3164 5986.734671
3165 5987.931155
3166 5989.127175
3167 5990.322471
3168 5991.519411
3169 5992.718548
3170 5993.915740
3171 5995.114364
3172 5996.310914
3173 5997.508201
3174 5998.705171
3175 5999.902343
3176 6001.094533
3177 6002.286040
3178 6003.476910
3179 6004.666669
3180 6005.856180
3181 6007.047499
3182 6008.242229
3183 6009.437056
3184 6010.631642
3185 6011.824211
3186 6012.853757
3187 6014.041331
3188 6015.223119
3189 6016.404132
3190 6017.586510
3191 6018.775393
3192 6019.872973
3193 6021.063193
3194 6022.252685
3195 6023.442242
3196 6024.628608
3197 6025.812842
3198 6026.994142
3199 6028.178005
3200 6029.362283
3201 6030.544307
3202 6031.727281
3203 6032.907930
3204 6034.087898
3205 6035.266315
3206 6036.445470
3207 6037.624754
3208 6038.804802
3209 6039.985390
3210 6041.161392
3211 6042.339276
3212 6043.518007
3213 6044.699442
3214 6045.882855
3215 6047.067235
3216 6048.252484
3217 6049.436809
3218 6050.429040
3219 6051.616734
3220 6052.801182
3221 6053.986723
3222 6055.172971
3223 6056.360412
3224 6057.548988
3225 6058.738494
3226 6059.930126
3227 6061.126186
3228 6062.323338
3229 6063.520778
3230 6064.721558
3231 6065.922324
3232 6067.125357
3233 6068.332430
3234 6069.539496
3235 6070.744727
3236 6071.952107
3237 6073.158768
3238 6074.361010
3239 6075.565706
3240 6076.769835
3241 6077.975814
3242 6079.180652
3243 6080.387469
3244 6081.593187
3245 6082.798855
3246 6084.004857
3247 6085.166896
3248 6086.375481
3249 6087.586427
3250 6088.798068
3251 6090.007421
3252 6091.215259
3253 6092.424927
3254 6093.631906
3255 6094.842380
3256 6096.056768
3257 6097.267670
3258 6098.483411
3259 6099.699736
3260 6100.915816
3261 6102.130726
3262 6103.346649
3263 6104.417783
3264 6105.641388
3265 6106.862669
3266 6108.085994
3267 6109.311302
3268 6110.534980
3269 6111.754235
3270 6112.973905
3271 6114.195349
3272 6115.417162
3273 6116.635747
3274 6117.788294
3275 6119.005200
3276 6120.222232
3277 6121.441458
3278 6122.662070
3279 6123.883517
3280 6125.107720
3281 6126.330992
3282 6127.553587
3283 6128.775819
3284 6129.996570
3285 6131.218784
3286 6132.442345
3287 6133.666689
3288 6134.896445
3289 6136.128256
3290 6137.362404
3291 6138.600596
3292 6139.840927
3293 6141.082008
3294 6142.322876
3295 6143.565980
3296 6144.717158
3297 6145.960109
3298 6147.202134
3299 6148.446725
3300 6149.692203
3301 6150.937258
3302 6152.186330
3303 6153.436564
3304 6154.684814
3305 6155.932938
3306 6157.183992
3307 6158.436577
3308 6159.689630
3309 6160.938050
3310 6162.193486
3311 6163.353879
3312 6164.611185
3313 6165.868178
3314 6167.127656
3315 6168.388059
3316 6169.644795
3317 6170.900284
3318 6172.156184
3319 6173.412440
3320 6174.669993
3321 6175.928271
3322 6177.187722
3323 6178.359239
3324 6179.623031
3325 6180.886201
3326 6182.150155
3327 6183.415480
3328 6184.514331
3329 6185.717412
3330 6186.983975
3331 6188.256329
3332 6189.525917
3333 6190.798313
3334 6192.072453
3335 6193.346580
3336 6194.618767
3337 6195.894096
3338 6197.168207
3339 6198.225522
3340 6199.502829
3341 6200.780943
3342 6202.061505
3343 6203.342726
3344 6204.622658
3345 6205.904527
3346 6207.186159
3347 6208.469146
3348 6209.751463
3349 6211.032719
3350 6212.314001
3351 6213.598977
3352 6214.883861
3353 6216.166264
3354 6217.450068
3355 6218.733190
3356 6220.015300
3357 6221.300572
3358 6222.585886
3359 6223.875752
3360 6225.165172
3361 6226.456994
3362 6227.750315
3363 6229.044868
3364 6230.340070
3365 6231.636857
3366 6232.933015
3367 6234.233581
3368 6235.533493
3369 6236.831661
3370 6238.130147
3371 6239.431647
3372 6240.736375
3373 6242.041565
3374 6243.291572
3375 6244.602217
3376 6245.913482
3377 6247.226217
3378 6248.537291
3379 6249.846697
3380 6251.156777
3381 6252.468028
3382 6253.779573
3383 6255.094862
3384 6256.408936
3385 6257.723545
3386 6259.043241
3387 6260.362900
3388 6261.682075
3389 6262.998575
3390 6264.316739
3391 6265.634696
3392 6266.951840
3393 6268.270008
3394 6269.587092
3395 6270.902794
3396 6272.166990
3397 6273.490086
3398 6274.813169
3399 6276.135974
3400 6277.459450
3401 6278.782337
3402 6280.104723
3403 6281.429236
3404 6282.592210
3405 6283.918396
3406 6285.246961
3407 6286.574240
3408 6287.901769
3409 6289.232501
3410 6290.561548
3411 6291.886288
3412 6293.209619
3413 6294.532423
3414 6295.862044
3415 6297.190189
3416 6298.521325
3417 6299.852386
3418 6301.183070
3419 6302.514503
3420 6303.845930
3421 6305.175319
3422 6306.503461
3423 6307.830840
3424 6309.158592
3425 6310.489129
3426 6311.813738
3427 6313.136128
3428 6314.456751
3429 6315.776822
3430 6317.101546
3431 6318.424368
3432 6319.749834
3433 6321.077720
3434 6322.406642
3435 6323.735805
3436 6325.067728
3437 6326.400247
3438 6327.731115
3439 6329.058229
3440 6330.381578
3441 6331.708272
3442 6333.035739
3443 6334.362440
3444 6335.690201
3445 6337.015752
3446 6338.340941
3447 6339.581794
3448 6340.911200
3449 6342.242420
3450 6343.572661
3451 6344.902661
3452 6346.233434
3453 6347.564654
3454 6348.892685
3455 6350.221790
3456 6351.547719
3457 6352.874000
3458 6354.201261
3459 6355.529457
3460 6356.856116
3461 6358.178917
3462 6359.500812
3463 6360.821530
3464 6362.141053
3465 6363.459642
3466 6364.782879
3467 6366.111116
3468 6367.347425
3469 6368.684196
3470 6370.021315
3471 6371.359931
3472 6372.701258
3473 6374.042652
3474 6375.388386
3475 6376.731924
3476 6378.076300
3477 6379.418519
3478 6380.762476
3479 6382.108837
3480 6383.456653
3481 6384.803937
3482 6386.151461
3483 6387.499038
3484 6388.846565
3485 6390.194419
3486 6391.541956
3487 6392.885041
3488 6394.227307
3489 6395.568837
3490 6396.909133
3491 6398.248657
3492 6399.365246
3493 6400.703313
3494 6402.042549
3495 6403.381045
3496 6404.718701
3497 6406.056585
3498 6407.399094
3499 6408.740985
3500 6410.083559
3501 6411.424853
3502 6412.765235
3503 6414.104328
3504 6415.442043
3505 6416.782923
3506 6418.122949
3507 6419.465739
3508 6420.806463
3509 6422.146360
3510 6423.482982
3511 6424.819494
3512 6426.156459
3513 6427.490896
3514 6428.825631
3515 6430.162127
3516 6431.497441
3517 6432.826358
3518 6434.095512
3519 6435.423654
3520 6436.751286
3521 6438.078859
3522 6439.404617
3523 6440.731863
3524 6442.060982
3525 6443.390143
3526 6444.718139
3527 6446.048115
3528 6447.376912
3529 6448.707283
3530 6450.037341
3531 6451.368997
3532 6452.701526
3533 6454.035294
3534 6455.370963
3535 6456.709018
3536 6458.047838
3537 6459.387222
3538 6460.729658
3539 6462.070719
3540 6463.191714
3541 6464.530869
3542 6465.868281
3543 6467.202209
3544 6468.538334
3545 6469.872175
3546 6471.205769
3547 6472.538069
3548 6473.871051
3549 6475.202806
3550 6476.536651
3551 6477.871000
3552 6479.204920
3553 6480.540124
3554 6481.872815
3555 6483.204116
3556 6484.533593
3557 6485.862604
3558 6487.192862
3559 6488.521137
3560 6489.848931
3561 6491.174422
3562 6492.497553
3563 6493.819538
3564 6495.140672
3565 6496.459564
3566 6497.778494
3567 6499.103603
3568 6500.429299
3569 6501.755743
3570 6503.083107
3571 6504.409474
3572 6505.734847
3573 6507.061148
3574 6508.386334
3575 6509.710060
3576 6511.036634
3577 6512.363714
3578 6513.692395
3579 6515.020499
3580 6516.346560
3581 6517.672032
3582 6518.997869
3583 6520.322609
3584 6521.647825
3585 6522.974597
3586 6524.298292
3587 6525.621578
3588 6526.943380
3589 6528.264793
3590 6529.584400
3591 6530.904186
3592 6532.224397
3593 6533.546210
3594 6534.870009
3595 6536.197151
3596 6537.527853
3597 6538.857257
3598 6540.188461
3599 6541.517539
3600 6542.843794
3601 6544.168596
3602 6545.493802
3603 6546.821441
3604 6548.150013
3605 6549.479533
3606 6550.810943
3607 6552.143431
3608 6553.472942
3609 6554.804029
3610 6556.134260
3611 6557.467100
3612 6558.797090
3613 6560.125710
3614 6561.454636
3615 6562.687538
3616 6564.015178
3617 6565.342575
3618 6566.672979
3619 6568.003911
3620 6569.339988
3621 6570.681212
3622 6572.022083
3623 6573.364505
3624 6574.708429
3625 6576.054090
3626 6577.396683
3627 6578.739729
3628 6580.077268
3629 6581.416197
3630 6582.756547
3631 6584.097738
3632 6585.440154
3633 6586.783771
3634 6588.126479
3635 6589.470048
3636 6590.720821
3637 6592.059006
3638 6593.397531
3639 6594.733204
3640 6596.066714
3641 6597.403162
3642 6598.738674
3643 6600.076782
3644 6601.414273
3645 6602.747825
3646 6604.080670
3647 6605.417226
3648 6606.755156
3649 6608.093277
3650 6609.430387
3651 6610.765771
3652 6612.101435
3653 6613.436376
3654 6614.771059
3655 6616.106004
3656 6617.440637
3657 6618.774101
3658 6620.112283
3659 6621.447269
3660 6622.782538
3661 6624.121068
3662 6625.462999
3663 6626.803016
3664 6628.144583
3665 6629.488693
3666 6630.832254
3667 6632.175224
3668 6633.519826
3669 6634.862810
3670 6636.203120
3671 6637.539307
3672 6638.873013
3673 6640.206411
3674 6641.540931
3675 6642.874259
3676 6644.209335
3677 6645.543703
3678 6646.707610
3679 6647.868447
3680 6649.027253
3681 6650.188588
3682 6651.348252
3683 6652.506411
3684 6653.662479
3685 6654.818271
3686 6655.978418
3687 6657.136666
3688 6658.294134
3689 6659.452248
3690 6660.612939
3691 6661.775399
3692 6662.936942
3693 6664.101511
3694 6665.265419
3695 6666.429717
3696 6667.594967
3697 6668.758743
3698 6669.925018
3699 6671.090752
3700 6672.257312
3701 6673.425282
3702 6674.592084
3703 6675.758869
3704 6676.928703
3705 6678.097784
3706 6679.270359
3707 6680.442040
3708 6681.615206
3709 6682.789186
3710 6683.960307
3711 6685.130491
3712 6686.300568
3713 6687.468490
3714 6688.639482
3715 6689.811773
3716 6690.986437
3717 6691.948490
3718 6693.121886
3719 6694.296776
3720 6695.469813
3721 6696.644260
3722 6697.817905
3723 6698.992121
3724 6700.163738
3725 6701.334289
3726 6702.506139
3727 6703.677753
3728 6704.850784
3729 6706.023031
3730 6707.196533
3731 6708.367908
3732 6709.541055
3733 6710.712837
3734 6711.881828
3735 6713.050990
3736 6714.218930
3737 6715.387960
3738 6716.549627
3739 6717.707221
3740 6718.865884
3741 6720.023160
3742 6721.178910
3743 6722.333250
3744 6723.486960
3745 6724.640451
3746 6725.792501
3747 6726.946523
3748 6728.100350
3749 6729.256720
3750 6730.414079
3751 6731.574655
3752 6732.734157
3753 6733.892987
3754 6735.051595
3755 6736.206026
3756 6737.363274
3757 6738.517311
3758 6739.672544
3759 6740.828230
3760 6741.987533
3761 6743.146739
3762 6744.304014
3763 6745.460905
3764 6746.621123
3765 6747.781498
3766 6748.940388
3767 6750.097253
3768 6751.256450
3769 6752.411559
3770 6753.565639
3771 6754.722537
3772 6755.880593
3773 6757.038793
3774 6758.118074
3775 6759.267901
3776 6760.417000
3777 6761.564695
3778 6762.714672
3779 6763.862901
3780 6765.007564
3781 6766.150315
3782 6767.291882
3783 6768.432980
3784 6769.577021
3785 6770.723182
3786 6771.867097
3787 6773.014900
3788 6774.162671
3789 6775.308535
3790 6776.455429
3791 6777.603210
3792 6778.752018
3793 6779.899811
3794 6781.044713
3795 6782.187917
3796 6783.330106
3797 6784.473113
3798 6785.617152
3799 6786.532747
3800 6787.672871
3801 6788.819171
3802 6789.966333
3803 6791.116476
3804 6792.267171
3805 6793.415705
3806 6794.565143
3807 6795.711843
3808 6796.860484
3809 6798.010943
3810 6799.157325
3811 6800.302428
3812 6801.448039
3813 6802.591369
3814 6803.736539
3815 6804.884358
3816 6806.033581
3817 6807.183032
3818 6808.326425
3819 6809.469314
3820 6810.613728
3821 6811.754275
3822 6812.895770
3823 6814.038456
3824 6815.183957
3825 6816.330407
3826 6817.476914
3827 6818.626272
3828 6819.775041
3829 6820.924078
3830 6822.072473
3831 6823.222267
3832 6824.373686
3833 6825.525060
3834 6826.675012
3835 6827.824983
3836 6828.971987
3837 6830.119422
3838 6831.267021
3839 6832.411873
3840 6833.559804
3841 6834.708213
3842 6835.857518
3843 6837.008173
3844 6838.161610
3845 6839.310648
3846 6840.460678
3847 6841.608996
3848 6842.757773
3849 6843.905360
3850 6845.052391
3851 6846.203582
3852 6847.353129
3853 6848.503714
3854 6849.653408
3855 6850.801986
3856 6851.949589
3857 6853.099094
3858 6854.245181
3859 6855.391697
3860 6856.539589
3861 6857.687170
3862 6858.833658
3863 6859.980773
3864 6861.131096
3865 6862.284533
3866 6863.437502
3867 6864.369163
3868 6865.520215
3869 6866.673933
3870 6867.828027
3871 6868.982801
3872 6870.142228
3873 6871.304439
3874 6872.464305
3875 6873.625989
3876 6874.786523
3877 6875.946719
3878 6877.106712
3879 6878.268118
3880 6879.430728
3881 6880.593386
3882 6881.761017
3883 6882.932185
3884 6884.106005
3885 6885.281895
3886 6886.458719
3887 6887.633979
3888 6888.817260
3889 6889.997125
3890 6891.176939
3891 6892.355602
3892 6893.538095
3893 6894.721111
3894 6895.677344
3895 6896.856980
3896 6898.037587
3897 6899.217817
3898 6900.399427
3899 6901.581312
3900 6902.764006
3901 6903.947188
3902 6905.131115
3903 6906.311175
3904 6907.492769
3905 6908.673909
3906 6909.854923
3907 6910.934638
3908 6912.113828
3909 6913.297754
3910 6914.483496
3911 6915.671397
3912 6916.859121
3913 6918.047885
3914 6919.237075
3915 6920.423780
3916 6921.609818
3917 6922.795269
3918 6923.978837
3919 6925.166456
3920 6926.356412
3921 6927.549271
3922 6928.741986
3923 6929.936580
3924 6931.130237
3925 6932.326063
3926 6933.521581
3927 6934.718034
3928 6935.916377
3929 6937.113158
3930 6938.311622
3931 6939.509973
3932 6940.709725
3933 6941.905943
3934 6943.102047
3935 6944.296857
3936 6945.497823
3937 6946.697673
3938 6947.690300
3939 6948.890023
3940 6950.088276
3941 6951.286121
3942 6952.478618
3943 6953.670865
3944 6954.861968
3945 6956.053999
3946 6957.249032
3947 6958.444309
3948 6959.640815
3949 6960.838622
3950 6962.038648
3951 6963.239754
3952 6964.441543
3953 6965.641364
3954 6966.840274
3955 6968.037618
3956 6969.235332
3957 6970.432428
3958 6971.633585
3959 6972.840009
3960 6974.044646
3961 6975.248773
3962 6976.448842
3963 6977.651274
3964 6978.852627
3965 6980.052580
3966 6981.255576
3967 6982.460082
3968 6983.666786
3969 6984.870753
3970 6986.077127
3971 6987.284100
3972 6988.488984
3973 6989.692984
3974 6990.896014
3975 6992.100868
3976 6993.303545
3977 6994.503664
3978 6995.701245
3979 6996.901910
3980 6998.100574
3981 6999.300417
3982 7000.499500
3983 7001.697361
3984 7002.896407
3985 7004.097464
3986 7005.298737
3987 7006.501868
3988 7007.706520
3989 7008.911095
3990 7010.117323
3991 7011.322354
3992 7012.528698
3993 7013.734146
3994 7014.937578
3995 7016.142214
3996 7017.343063
3997 7018.540234
3998 7019.634896
3999 7020.834791
4000 7022.034423
4001 7023.233332
4002 7024.432011
4003 7025.631738
4004 7026.832993
4005 7028.032108
4006 7029.231396
4007 7030.434710
4008 7031.635597
4009 7032.838460
4010 7034.040291
4011 7035.241469
4012 7036.443456
4013 7037.642194
4014 7038.841889
4015 7040.045031
4016 7041.246775
4017 7042.445961
4018 7043.643904
4019 7044.844338
4020 7045.979401
4021 7047.181118
4022 7048.383786
4023 7049.585281
4024 7050.785171
4025 7051.985613
4026 7053.186730
4027 7054.391922
4028 7055.597410
4029 7056.800808
4030 7058.001888
4031 7059.200720
4032 7060.303236
4033 7061.502230
4034 7062.702417
4035 7063.906291
4036 7065.112771
4037 7066.318170
4038 7067.522680
4039 7068.725925
4040 7069.929318
4041 7071.132589
4042 7072.338314
4043 7073.543995
4044 7074.751448
4045 7075.960132
4046 7077.167424
4047 7078.377915
4048 7079.587621
4049 7080.796677
4050 7082.006816
4051 7083.217550
4052 7084.429096
4053 7085.643222
4054 7086.857301
4055 7088.072978
4056 7089.288172
4057 7090.505936
4058 7091.722530
4059 7092.938798
4060 7094.156362
4061 7095.374089
4062 7096.593398
4063 7097.813143
4064 7098.967730
4065 7100.187156
4066 7101.409130
4067 7102.631648
4068 7103.853983
4069 7105.011094
4070 7106.232567
4071 7107.454571
4072 7108.676848
4073 7109.896985
4074 7111.117915
4075 7112.337370
4076 7113.555829
4077 7114.775633
4078 7115.995095
4079 7117.217157
4080 7118.437949
4081 7119.658925
4082 7120.879207
4083 7122.098861
4084 7123.317373
4085 7124.538588
4086 7125.763058
4087 7126.986775
4088 7128.210254
4089 7129.430565
4090 7130.647387
4091 7131.868109
4092 7133.089420
4093 7134.312345
4094 7135.535594
4095 7136.760385
4096 7137.986256
4097 7139.209813
4098 7140.437140
4099 7141.664649
4100 7142.892812
4101 7144.121035
4102 7145.347416
4103 7146.572671
4104 7147.801525
4105 7149.035442
4106 7150.274341
4107 7151.512299
4108 7152.752229
4109 7153.992964
4110 7155.231537
4111 7156.470231
4112 7157.709064
4113 7158.947260
4114 7160.183614
4115 7161.418598
4116 7162.650682
4117 7163.883460
4118 7165.114588
4119 7166.343941
4120 7167.577148
4121 7168.809961
4122 7170.042420
4123 7171.273895
4124 7172.505159
4125 7173.738985
4126 7174.863441
4127 7176.098189
4128 7177.331348
4129 7178.345925
4130 7179.575866
4131 7180.805129
4132 7182.034517
4133 7183.263979
4134 7184.491545
4135 7185.720043
4136 7186.948034
4137 7188.174870
4138 7189.292606
4139 7190.517339
4140 7191.743795
4141 7192.972312
4142 7194.200184
4143 7195.428119
4144 7196.655813
4145 7197.881294
4146 7199.034987
4147 7200.257540
4148 7201.479130
4149 7202.698516
4150 7203.916774
4151 7205.133287
4152 7206.351825
4153 7207.573053
4154 7208.795463
4155 7210.019837
4156 7211.244719
4157 7212.470318
4158 7213.696446
4159 7214.735317
4160 7215.960301
4161 7217.182846
4162 7218.405209
4163 7219.628524
4164 7220.851928
4165 7222.074540
4166 7223.297710
4167 7224.522726
4168 7225.747056
4169 7226.972541
4170 7228.198133
4171 7229.425772
4172 7230.653895
4173 7231.880775
4174 7233.003802
4175 7234.229271
4176 7235.453276
4177 7236.674987
4178 7237.899049
4179 7239.121312
4180 7240.342397
4181 7241.562481
4182 7242.782952
4183 7244.001025
4184 7245.220270
4185 7246.444247
4186 7247.668182
4187 7248.888296
4188 7250.107624
4189 7251.325716
4190 7252.544959
4191 7253.763041
4192 7254.981030
4193 7256.097721
4194 7257.320963
4195 7258.543280
4196 7259.764959
4197 7260.987504
4198 7262.209665
4199 7263.428171
4200 7264.651662
4201 7265.875400
4202 7267.100298
4203 7268.323861
4204 7269.547658
4205 7270.770770
4206 7271.994229
4207 7273.216517
4208 7274.394928
4209 7275.620378
4210 7276.846738
4211 7278.072168
4212 7279.295302
4213 7280.516113
4214 7281.731523
4215 7282.950733
4216 7284.169818
4217 7285.388963
4218 7286.609482
4219 7287.649972
4220 7288.873234
4221 7290.095819
4222 7291.315002
4223 7292.531304
4224 7293.744826
4225 7294.958609
4226 7296.171863
4227 7297.386607
4228 7298.602546
4229 7299.818422
4230 7301.034561
4231 7302.254530
4232 7303.472885
4233 7304.690784
4234 7305.907893
4235 7307.130977
4236 7308.354821
4237 7309.579434
4238 7310.802026
4239 7312.027066
4240 7313.249618
4241 7314.470734
4242 7315.647476
4243 7316.864834
4244 7318.080442
4245 7319.300891
4246 7320.520805
4247 7321.741533
4248 7322.963194
4249 7324.185472
4250 7325.404879
4251 7326.624069
4252 7327.844917
4253 7329.068067
4254 7330.290357
4255 7331.509744
4256 7332.730136
4257 7333.949485
4258 7335.161324
4259 7336.374409
4260 7337.584416
4261 7338.795905
4262 7340.004849
4263 7341.215147
4264 7342.422922
4265 7343.628852
4266 7344.834273
4267 7346.039851
4268 7347.244239
4269 7348.449416
4270 7349.654479
4271 7350.628446
4272 7351.833104
4273 7353.036678
4274 7354.239710
4275 7355.442418
4276 7356.645762
4277 7357.847856
4278 7359.048110
4279 7360.250472
4280 7361.453918
4281 7362.658169
4282 7363.862718
4283 7365.063584
4284 7366.265110
4285 7367.464455
4286 7368.663871
4287 7369.865111
4288 7371.067148
4289 7372.270241
4290 7373.473172
4291 7374.675087
4292 7375.877398
4293 7377.083313
4294 7378.287191
4295 7379.490939
4296 7380.693008
4297 7381.859854
4298 7383.064063
4299 7384.266870
4300 7385.468326
4301 7386.672350
4302 7387.875320
4303 7389.074389
4304 7390.271281
4305 7391.469114
4306 7392.666358
4307 7393.863577
4308 7395.023744
4309 7396.218160
4310 7397.411078
4311 7398.602862
4312 7399.795710
4313 7400.987722
4314 7402.179997
4315 7403.371504
4316 7404.562522
4317 7405.754243
4318 7406.945901
4319 7408.137081
4320 7409.325497
4321 7410.514982
4322 7411.704802
4323 7412.893546
4324 7414.083508
4325 7415.275545
4326 7416.468366
4327 7417.660714
4328 7418.853107
4329 7420.047384
4330 7421.240203
4331 7422.434089
4332 7423.627025
4333 7424.815982
4334 7425.929838
4335 7427.112387
4336 7428.295831
4337 7429.484369
4338 7430.670816
4339 7431.858923
4340 7433.049894
4341 7434.241833
4342 7435.432609
4343 7436.625833
4344 7437.817445
4345 7439.012121
4346 7440.207690
4347 7441.403610
4348 7442.599242
4349 7443.793718
4350 7444.992743
4351 7446.191194
4352 7447.390099
4353 7448.589204
4354 7449.788527
4355 7450.989280
4356 7452.189361
4357 7453.392219
4358 7454.594803
4359 7455.797683
4360 7456.999375
4361 7458.200447
4362 7459.401934
4363 7460.600837
4364 7461.712184
4365 7462.907517
4366 7464.103828
4367 7465.303336
4368 7466.503647
4369 7467.704934
4370 7468.905691
4371 7470.105380
4372 7471.303728
4373 7472.502505
4374 7473.700396
4375 7474.899565
4376 7476.098311
4377 7477.297445
4378 7478.495350
4379 7479.693145
4380 7480.890678
4381 7482.087263
4382 7483.286695
4383 7484.486228
4384 7485.684807
4385 7486.883686
4386 7487.994218
4387 7489.193045
4388 7490.390267
4389 7491.589639
4390 7492.789906
4391 7493.989935
4392 7495.191352
4393 7496.392218
4394 7497.593693
4395 7498.791651
4396 7499.988522
4397 7501.186494
4398 7502.383992
4399 7503.579408
4400 7504.775321
4401 7505.973496
4402 7507.171833
4403 7508.366406
4404 7509.562448
4405 7510.758061
4406 7511.951980
4407 7512.910388
4408 7514.105386
4409 7515.298624
4410 7516.491468
4411 7517.687014
4412 7518.881136
4413 7520.074003
4414 7521.079668
4415 7522.270924
4416 7523.463216
4417 7524.656853
4418 7525.852485
4419 7527.048964
4420 7528.242601
4421 7529.435302
4422 7530.627370
4423 7531.819561
4424 7533.014242
4425 7534.209208
4426 7535.405074
4427 7536.601419
4428 7537.793300
4429 7538.984791
4430 7540.176524
4431 7541.366014
4432 7542.498551
4433 7543.689449
4434 7544.881069
4435 7546.073331
4436 7547.266406
4437 7548.459080
4438 7549.650908
4439 7550.844005
4440 7552.038165
4441 7553.232202
4442 7554.426403
4443 7555.620634
4444 7556.814912
4445 7558.011714
4446 7559.208881
4447 7560.407899
4448 7561.608776
4449 7562.806808
4450 7564.001446
4451 7565.194846
4452 7566.385884
4453 7567.575773
4454 7568.766093
4455 7569.959539
4456 7571.146503
4457 7572.329951
4458 7573.514769
4459 7574.699791
4460 7575.883739
4461 7577.065768
4462 7578.247799
4463 7579.431116
4464 7580.614966
4465 7581.799641
4466 7582.984930
4467 7584.172025
4468 7585.354950
4469 7586.536810
4470 7587.715944
4471 7588.895524
4472 7589.840134
4473 7591.016294
4474 7592.188048
4475 7593.359180
4476 7594.527910
4477 7595.697105
4478 7596.869782
4479 7598.040695
4480 7599.209343
4481 7600.380108
4482 7601.550654
4483 7602.719907
4484 7603.889955
4485 7605.056107
4486 7606.223292
4487 7607.391693
4488 7608.560576
4489 7609.726757
4490 7610.892988
4491 7612.059440
4492 7613.225725
4493 7614.390955
4494 7615.556016
4495 7616.724303
4496 7617.892295
4497 7619.063903
4498 7620.236108
4499 7621.408441
4500 7622.580086
4501 7623.752127


Active cycles: 2000
k_mean: 6413.922545
k_stddev(cycle): 702.394775
k_stderr(mean): 15.706025
Reactivity(rho): 0.999844, Per Cent error compared to reference: -84.457424
Total Time: 14.051312seconds. Average: 0.003122 seconds per cycle.
