1 1.022810
2 1.040952
3 1.058272
4 1.075560
5 1.091924
6 1.106864
7 1.120778
8 1.132932
9 1.143064
10 1.152650
11 1.160870
12 1.169298
13 1.176066
14 1.181894
15 1.187790
16 1.192978
17 1.197704
18 1.203018
19 1.208010
20 1.212634
21 1.216396
22 1.220444
23 1.224632
24 1.228316
25 1.231750
26 1.235052
27 1.238490
28 1.241290
29 1.243864
30 1.246982
31 1.250168
32 1.253164
33 1.256064
34 1.258778
35 1.261546
36 1.263056
37 1.265738
38 1.267520
39 1.269146
40 1.270082
41 1.270894
42 1.272310
43 1.273300
44 1.274872
45 1.275974
46 1.276818
47 1.277566
48 1.278390
49 1.278736
50 1.279270
51 1.279746
52 1.280482
53 1.281636
54 1.282514
55 1.282752
56 1.282910
57 1.283154
58 1.282410
59 1.283290
60 1.283684
61 1.283802
62 1.283702
63 1.284292
64 1.284122
65 1.284116
66 1.284648
67 1.284188
68 1.284450
69 1.284050
70 1.283782
71 1.282788
72 1.283328
73 1.283176
74 1.283788
75 1.283562
76 1.283206
77 1.283726
78 1.283724
79 1.283344
80 1.283282
81 1.282884
82 1.282790
83 1.281832
84 1.281108
85 1.281200
86 1.280306
87 1.280036
88 1.279836
89 1.279884
90 1.278974
91 1.277760
92 1.277394
93 1.276602
94 1.275906
95 1.274994
96 1.274096
97 1.273896
98 1.272786
99 1.272592
100 1.271818
101 1.271090
102 1.270166
103 1.269494
104 1.269550
105 1.269364
106 1.268562
107 1.267982
108 1.267494
109 1.267102
110 1.266508
111 1.266106
112 1.266128
113 1.265838
114 1.265292
115 1.264074
116 1.263256
117 1.263200
118 1.262378
119 1.261958
120 1.261350
121 1.260662
122 1.260122
123 1.259110
124 1.258800
125 1.258712
126 1.257860
127 1.257500
128 1.256810
129 1.256226
130 1.255872
131 1.255898
132 1.254770
133 1.254558
134 1.253992
135 1.253058
136 1.253130
137 1.253076
138 1.253138
139 1.253220
140 1.252650
141 1.252068
142 1.252120
143 1.251262
144 1.250452
145 1.250342
146 1.249464
147 1.249424
148 1.248942
149 1.248154
150 1.247714
151 1.247078
152 1.247070
153 1.246552
154 1.245770
155 1.245502
156 1.244388
157 1.243572
158 1.243844
159 1.243386
160 1.242716
161 1.242332
162 1.241586
163 1.240924
164 1.240196
165 1.240144
166 1.240004
167 1.239308
168 1.239418
169 1.238548
170 1.238202
171 1.237706
172 1.236680
173 1.236246
174 1.235760
175 1.235142
176 1.234416
177 1.234100
178 1.233948
179 1.233408
180 1.232896
181 1.231664
182 1.230702
183 1.230242
184 1.230318
185 1.229746
186 1.229356
187 1.229182
188 1.228870
189 1.228628
190 1.228622
191 1.227946
192 1.227438
193 1.227952
194 1.227738
195 1.227886
196 1.227096
197 1.226872
198 1.226422
199 1.226326
200 1.226384
201 1.225590
202 1.225082
203 1.224182
204 1.223818
205 1.223306
206 1.222776
207 1.221066
208 1.220316
209 1.220296
210 1.220130
211 1.219562
212 1.220206
213 1.219958
214 1.219680
215 1.219346
216 1.218490
217 1.219096
218 1.218950
219 1.218560
220 1.218058
221 1.217622
222 1.217310
223 1.217868
224 1.217148
225 1.216958
226 1.215940
227 1.215608
228 1.215356
229 1.215142
230 1.215124
231 1.214294
232 1.214056
233 1.213248
234 1.213082
235 1.213250
236 1.213014
237 1.212684
238 1.212824
239 1.212278
240 1.212232
241 1.212012
242 1.211486
243 1.211502
244 1.211206
245 1.211116
246 1.211004
247 1.210504
248 1.210830
249 1.211606
250 1.212122
251 1.211716
252 1.211360
253 1.210982
254 1.210794
255 1.210724
256 1.210844
257 1.211230
258 1.211016
259 1.210632
260 1.210450
261 1.210178
262 1.209788
263 1.209244
264 1.208830
265 1.208350
266 1.207474
267 1.206994
268 1.207414
269 1.206568
270 1.206754
271 1.206758
272 1.206260
273 1.206046
274 1.206682
275 1.206070
276 1.205954
277 1.205910
278 1.206338
279 1.205884
280 1.205394
281 1.204898
282 1.204794
283 1.204208
284 1.204378
285 1.204456
286 1.203802
287 1.203548
288 1.202614
289 1.201794
290 1.201370
291 1.201504
292 1.200962
293 1.200346
294 1.200476
295 1.200168
296 1.199798
297 1.199812
298 1.200212
299 1.200356
300 1.200318
301 1.200238
302 1.199696
303 1.198872
304 1.198324
305 1.198440
306 1.197934
307 1.198038
308 1.198476
309 1.197910
310 1.198108
311 1.197554
312 1.197228
313 1.197540
314 1.196942
315 1.196822
316 1.197048
317 1.196738
318 1.196766
319 1.197244
320 1.197252
321 1.197102
322 1.196746
323 1.196574
324 1.196150
325 1.196800
326 1.196608
327 1.196442
328 1.196342
329 1.196618
330 1.196434
331 1.196272
332 1.196500
333 1.196690
334 1.196690
335 1.196580
336 1.196504
337 1.196392
338 1.196404
339 1.196218
340 1.196014
341 1.196084
342 1.196106
343 1.195894
344 1.196242
345 1.196498
346 1.196304
347 1.196368
348 1.196322
349 1.195610
350 1.195324
351 1.194536
352 1.194308
353 1.194218
354 1.194830
355 1.195430
356 1.195176
357 1.195278
358 1.195288
359 1.195214
360 1.195100
361 1.195228
362 1.194934
363 1.194580
364 1.194176
365 1.194266
366 1.194154
367 1.193482
368 1.193486
369 1.193224
370 1.193472
371 1.192660
372 1.191718
373 1.191080
374 1.191494
375 1.192058
376 1.192326
377 1.191790
378 1.191550
379 1.191260
380 1.190660
381 1.190930
382 1.190694
383 1.190044
384 1.190128
385 1.190240
386 1.190144
387 1.190278
388 1.190176
389 1.190540
390 1.190526
391 1.190638
392 1.190686
393 1.191292
394 1.190944
395 1.189940
396 1.189958
397 1.190028
398 1.189944
399 1.189250
400 1.190272
401 1.190390
402 1.190118
403 1.189492
404 1.189862
405 1.189768
406 1.190038
407 1.189598
408 1.188732
409 1.188072
410 1.188182
411 1.188562
412 1.188634
413 1.188938
414 1.189322
415 1.188696
416 1.188220
417 1.188274
418 1.188474
419 1.188314
420 1.188418
421 1.188124
422 1.188324
423 1.188088
424 1.188376
425 1.188302
426 1.188948
427 1.188780
428 1.188446
429 1.188096
430 1.188922
431 1.189344
432 1.189576
433 1.189376
434 1.189294
435 1.188718
436 1.188402
437 1.189092
438 1.189150
439 1.189470
440 1.190062
441 1.190112
442 1.190032
443 1.189942
444 1.190132
445 1.190214
446 1.189724
447 1.190116
448 1.189914
449 1.189910
450 1.188926
451 1.189182
452 1.189286
453 1.189216
454 1.188602
455 1.188476
456 1.187916
457 1.187490
458 1.187568
459 1.188370
460 1.188676
461 1.188546
462 1.188264
463 1.189042
464 1.188960
465 1.189060
466 1.188930
467 1.188702
468 1.189288
469 1.189282
470 1.189312
471 1.189316
472 1.188756
473 1.188802
474 1.189252
475 1.188966
476 1.189424
477 1.189726
478 1.188984
479 1.189108
480 1.188250
481 1.187722
482 1.188238
483 1.188204
484 1.188310
485 1.188252
486 1.188288
487 1.188622
488 1.188116
489 1.187472
490 1.187130
491 1.187324
492 1.187254
493 1.187428
494 1.187996
495 1.187802
496 1.187836
497 1.187728
498 1.187850
499 1.187782
500 1.187454
501 1.187398
502 1.187586
503 1.187610
504 1.187912
505 1.187504
506 1.187150
507 1.187186
508 1.187082
509 1.187028
510 1.186440
511 1.186368
512 1.186178
513 1.185926
514 1.185944
515 1.185738
516 1.185740
517 1.185096
518 1.185412
519 1.185806
520 1.185818
521 1.185482
522 1.185800
523 1.185472
524 1.185926
525 1.185712
526 1.185618
527 1.185744
528 1.185696
529 1.186276
530 1.186160
531 1.186260
532 1.185986
533 1.185738
534 1.185474
535 1.185544
536 1.186032
537 1.186186
538 1.186340
539 1.186770
540 1.186940
541 1.186644
542 1.186884
543 1.186890
544 1.186738
545 1.186754
546 1.186978
547 1.187020
548 1.187112
549 1.187356
550 1.186918
551 1.186838
552 1.186318
553 1.186286
554 1.186176
555 1.185986
556 1.186188
557 1.185870
558 1.185336
559 1.184660
560 1.184868
561 1.185358
562 1.185472
563 1.185288
564 1.185342
565 1.185934
566 1.185426
567 1.184838
568 1.184528
569 1.184550
570 1.184370
571 1.184456
572 1.184434
573 1.184856
574 1.184668
575 1.184730
576 1.185222
577 1.185076
578 1.185308
579 1.185702
580 1.186230
581 1.186378
582 1.186454
583 1.186858
584 1.186524
585 1.186646
586 1.185972
587 1.185606
588 1.184810
589 1.184870
590 1.184822
591 1.185200
592 1.185006
593 1.185012
594 1.184986
595 1.185374
596 1.184944
597 1.185000
598 1.185292
599 1.185378
600 1.185378
601 1.184546
602 1.184298
603 1.184424
604 1.184708
605 1.184728
606 1.184466
607 1.184282
608 1.184026
609 1.183928
610 1.183962
611 1.184572
612 1.184686
613 1.184124
614 1.184556
615 1.184510
616 1.184652
617 1.185712
618 1.186074
619 1.186298
620 1.187216
621 1.187616
622 1.188066
623 1.187624
624 1.188188
625 1.188526
626 1.188270
627 1.188208
628 1.188086
629 1.188540
630 1.188328
631 1.188696
632 1.188626
633 1.188328
634 1.187996
635 1.188364
636 1.187654
637 1.186996
638 1.187244
639 1.187178
640 1.187298
641 1.187422
642 1.187848
643 1.188304
644 1.187840
645 1.187988
646 1.187928
647 1.187572
648 1.187848
649 1.186848
650 1.186962
651 1.187376
652 1.187294
653 1.187486
654 1.187424
655 1.187916
656 1.188162
657 1.188078
658 1.188076
659 1.188206
660 1.188526
661 1.188360
662 1.188738
663 1.188364
664 1.188354
665 1.189088
666 1.189114
667 1.189494
668 1.189312
669 1.189532
670 1.189820
671 1.189264
672 1.189364
673 1.189160
674 1.189242
675 1.189360
676 1.188754
677 1.189194
678 1.189040
679 1.189482
680 1.189778
681 1.189742
682 1.189956
683 1.189856
684 1.188876
685 1.189366
686 1.188998
687 1.189122
688 1.188404
689 1.187700
690 1.187728
691 1.187874
692 1.187580
693 1.187498
694 1.187278
695 1.188232
696 1.187828
697 1.187208
698 1.187372
699 1.187430
700 1.187852
701 1.188130
702 1.187924
703 1.188038
704 1.188352
705 1.188052
706 1.187986
707 1.187956
708 1.187978
709 1.187974
710 1.188102
711 1.187854
712 1.188340
713 1.188526
714 1.187912
715 1.188006
716 1.187938
717 1.187674
718 1.188212
719 1.188240
720 1.188522
721 1.188428
722 1.187990
723 1.187806
724 1.187980
725 1.188310
726 1.188340
727 1.188520
728 1.188646
729 1.188880
730 1.189520
731 1.189600
732 1.189826
733 1.189348
734 1.189342
735 1.189536
736 1.189032
737 1.187944
738 1.187890
739 1.188034
740 1.187738
741 1.187842
742 1.189110
743 1.189266
744 1.189042
745 1.188258
746 1.187906
747 1.187416
748 1.187022
749 1.187254
750 1.187296
751 1.186910
752 1.186718
753 1.186510
754 1.186126
755 1.185726
756 1.185798
757 1.185706
758 1.185692
759 1.186394
760 1.186122
761 1.186542
762 1.186658
763 1.186412
764 1.186668
765 1.186716
766 1.186670
767 1.186352
768 1.186806
769 1.187236
770 1.187172
771 1.186836
772 1.186362
773 1.186604
774 1.186744
775 1.186286
776 1.185424
777 1.185804
778 1.186138
779 1.186178
780 1.185958
781 1.185766
782 1.185964
783 1.185746
784 1.185574
785 1.185876
786 1.186198
787 1.186166
788 1.185866
789 1.185864
790 1.185772
791 1.185094
792 1.184534
793 1.184926
794 1.184952
795 1.184966
796 1.185182
797 1.185038
798 1.184994
799 1.184320
800 1.184582
801 1.184514
802 1.184524
803 1.184924
804 1.184900
805 1.185196
806 1.184912
807 1.184732
808 1.184966
809 1.185102
810 1.184720
811 1.184874
812 1.184900
813 1.184912
814 1.185146
815 1.185132
816 1.184890
817 1.185588
818 1.184912
819 1.184856
820 1.185052
821 1.185058
822 1.184372
823 1.184596
824 1.184890
825 1.185148
826 1.185366
827 1.184922
828 1.185504
829 1.185340
830 1.185156
831 1.185224
832 1.185458
833 1.185248
834 1.185408
835 1.185626
836 1.185528
837 1.185790
838 1.185906
839 1.185900
840 1.186246
841 1.185852
842 1.186006
843 1.186084
844 1.186448
845 1.186810
846 1.187694
847 1.187240
848 1.187292
849 1.187038
850 1.187698
851 1.187368
852 1.187280
853 1.187394
854 1.188122
855 1.188222
856 1.188356
857 1.188446
858 1.187950
859 1.188290
860 1.188468
861 1.188336
862 1.188180
863 1.188496
864 1.188250
865 1.187808
866 1.187254
867 1.187020
868 1.186332
869 1.185686
870 1.185576
871 1.185894
872 1.185664
873 1.184748
874 1.184670
875 1.185912
876 1.185420
877 1.185974
878 1.185924
879 1.186324
880 1.186616
881 1.187110
882 1.187088
883 1.187394
884 1.187230
885 1.187594
886 1.187614
887 1.187854
888 1.187606
889 1.188548
890 1.187814
891 1.187560
892 1.187758
893 1.186826
894 1.186924
895 1.187292
896 1.187186
897 1.186662
898 1.186710
899 1.187104
900 1.186796
901 1.186388
902 1.186292
903 1.186486
904 1.186862
905 1.187400
906 1.187354
907 1.186722
908 1.186678
909 1.186344
910 1.186292
911 1.186476
912 1.186598
913 1.186722
914 1.186374
915 1.186240
916 1.186086
917 1.186024
918 1.186556
919 1.186386
920 1.186064
921 1.185978
922 1.186066
923 1.186234
924 1.185958
925 1.186214
926 1.185598
927 1.185418
928 1.185502
929 1.185450
930 1.186018
931 1.186420
932 1.186894
933 1.186514
934 1.185918
935 1.185922
936 1.185864
937 1.186174
938 1.185928
939 1.186314
940 1.185888
941 1.185306
942 1.185462
943 1.184658
944 1.185080
945 1.185314
946 1.185310
947 1.185148
948 1.185132
949 1.185840
950 1.186064
951 1.186224
952 1.186204
953 1.185434
954 1.185686
955 1.186500
956 1.186264
957 1.186646
958 1.186368
959 1.186882
960 1.186882
961 1.186090
962 1.185832
963 1.186160
964 1.186176
965 1.186696
966 1.186512
967 1.185694
968 1.185718
969 1.185442
970 1.185528
971 1.185872
972 1.185266
973 1.185368
974 1.185508
975 1.185674
976 1.186148
977 1.186248
978 1.187014
979 1.186552
980 1.186222
981 1.186942
982 1.187128
983 1.186956
984 1.186976
985 1.186488
986 1.185518
987 1.185658
988 1.185464
989 1.185570
990 1.185696
991 1.185624
992 1.185648
993 1.185528
994 1.185296
995 1.184722
996 1.184202
997 1.184614
998 1.184906
999 1.184790
1000 1.184652
1001 1.184360
1002 1.184526
1003 1.184262
1004 1.184964
1005 1.184936
1006 1.184692
1007 1.184218
1008 1.184506
1009 1.184682
1010 1.184832
1011 1.184840
1012 1.185104
1013 1.184954
1014 1.185000
1015 1.184548
1016 1.184142
1017 1.183502
1018 1.183738
1019 1.183168
1020 1.183780
1021 1.184368
1022 1.184416
1023 1.184650
1024 1.184324
1025 1.184898
1026 1.185280
1027 1.185270
1028 1.185646
1029 1.185956
1030 1.186578
1031 1.186616
1032 1.186384
1033 1.186062
1034 1.186390
1035 1.186490
1036 1.186612
1037 1.186356
1038 1.186036
1039 1.185792
1040 1.185780
1041 1.186252
1042 1.185960
1043 1.185350
1044 1.184912
1045 1.184338
1046 1.184088
1047 1.184210
1048 1.184886
1049 1.185240
1050 1.185716
1051 1.185904
1052 1.185674
1053 1.185460
1054 1.185154
1055 1.185500
1056 1.185042
1057 1.184710
1058 1.183946
1059 1.183848
1060 1.183294
1061 1.183576
1062 1.182836
1063 1.182446
1064 1.182256
1065 1.182144
1066 1.182458
1067 1.182340
1068 1.182716
1069 1.182626
1070 1.183444
1071 1.184198
1072 1.183980
1073 1.184114
1074 1.184196
1075 1.183592
1076 1.183262
1077 1.183770
1078 1.183830
1079 1.183700
1080 1.183774
1081 1.183552
1082 1.183184
1083 1.182774
1084 1.182082
1085 1.182084
1086 1.182112
1087 1.182410
1088 1.182952
1089 1.183328
1090 1.183180
1091 1.183040
1092 1.183498
1093 1.184210
1094 1.184842
1095 1.185340
1096 1.185886
1097 1.185388
1098 1.185874
1099 1.186096
1100 1.186088
1101 1.185698
1102 1.185352
1103 1.185160
1104 1.184514
1105 1.184192
1106 1.184488
1107 1.184598
1108 1.185154
1109 1.184592
1110 1.185394
1111 1.185380
1112 1.185506
1113 1.185726
1114 1.186116
1115 1.186400
1116 1.185778
1117 1.186092
1118 1.186418
1119 1.186136
1120 1.185636
1121 1.185896
1122 1.185950
1123 1.185752
1124 1.185554
1125 1.185330
1126 1.185512
1127 1.185704
1128 1.185690
1129 1.185518
1130 1.185208
1131 1.185540
1132 1.185506
1133 1.185570
1134 1.186326
1135 1.186310
1136 1.186578
1137 1.186140
1138 1.185428
1139 1.185484
1140 1.184852
1141 1.184924
1142 1.184850
1143 1.183974
1144 1.183694
1145 1.184818
1146 1.184578
1147 1.184852
1148 1.185268
1149 1.185544
1150 1.186126
1151 1.185804
1152 1.185428
1153 1.185308
1154 1.185296
1155 1.185390
1156 1.185160
1157 1.185216
1158 1.185332
1159 1.185508
1160 1.185106
1161 1.185030
1162 1.185246
1163 1.185286
1164 1.185814
1165 1.186472
1166 1.186614
1167 1.186496
1168 1.186540
1169 1.185700
1170 1.186012
1171 1.186108
1172 1.186258
1173 1.186928
1174 1.187136
1175 1.186866
1176 1.186998
1177 1.186704
1178 1.186958
1179 1.187336
1180 1.187344
1181 1.187166
1182 1.187120
1183 1.186562
1184 1.186132
1185 1.186046
1186 1.185516
1187 1.185406
1188 1.185546
1189 1.185252
1190 1.185792
1191 1.186096
1192 1.186408
1193 1.186220
1194 1.186734
1195 1.186624
1196 1.186278
1197 1.185494
1198 1.185512
1199 1.185296
1200 1.185250
1201 1.184722
1202 1.184638
1203 1.185294
1204 1.185534
1205 1.185616
1206 1.185220
1207 1.185488
1208 1.185634
1209 1.185776
1210 1.186076
1211 1.186074
1212 1.185744
1213 1.185334
1214 1.185282
1215 1.185564
1216 1.185852
1217 1.186260
1218 1.185596
1219 1.185446
1220 1.185306
1221 1.185154
1222 1.184814
1223 1.184600
1224 1.184346
1225 1.184086
1226 1.183722
1227 1.183860
1228 1.184008
1229 1.184124
1230 1.183992
1231 1.184178
1232 1.184030
1233 1.183742
1234 1.183442
1235 1.183330
1236 1.183420
1237 1.183828
1238 1.183266
1239 1.183422
1240 1.183924
1241 1.184070
1242 1.183404
1243 1.183774
1244 1.184204
1245 1.184638
1246 1.184822
1247 1.184564
1248 1.184980
1249 1.184378
1250 1.185046
1251 1.184854
1252 1.185056
1253 1.185242
1254 1.185146
1255 1.185092
1256 1.184916
1257 1.184756
1258 1.184470
1259 1.184370
1260 1.183616
1261 1.184210
1262 1.184552
1263 1.185098
1264 1.184300
1265 1.185560
1266 1.185280
1267 1.185058
1268 1.184926
1269 1.185034
1270 1.184678
1271 1.184420
1272 1.184230
1273 1.184852
1274 1.184340
1275 1.184524
1276 1.185122
1277 1.185008
1278 1.185462
1279 1.185078
1280 1.185576
1281 1.186074
1282 1.186174
1283 1.185890
1284 1.185748
1285 1.185934
1286 1.185516
1287 1.185134
1288 1.185018
1289 1.185416
1290 1.185328
1291 1.185310
1292 1.184822
1293 1.185200
1294 1.185158
1295 1.185560
1296 1.185658
1297 1.185360
1298 1.186162
1299 1.186230
1300 1.186450
1301 1.187002
1302 1.186696
1303 1.186364
1304 1.186758
1305 1.186786
1306 1.186544
1307 1.185912
1308 1.186128
1309 1.185930
1310 1.185572
1311 1.185476
1312 1.185750
1313 1.185138
1314 1.185670
1315 1.185644
1316 1.185524
1317 1.185528
1318 1.185296
1319 1.185380
1320 1.185518
1321 1.185734
1322 1.185266
1323 1.185454
1324 1.185342
1325 1.185666
1326 1.185696
1327 1.186088
1328 1.186138
1329 1.186074
1330 1.185928
1331 1.186386
1332 1.186404
1333 1.185892
1334 1.185196
1335 1.185308
1336 1.185424
1337 1.184906
1338 1.184234
1339 1.184354
1340 1.184782
1341 1.184444
1342 1.183932
1343 1.183628
1344 1.183860
1345 1.184182
1346 1.184568
1347 1.184468
1348 1.185252
1349 1.185482
1350 1.185378
1351 1.184766
1352 1.184860
1353 1.185864
1354 1.185802
1355 1.185292
1356 1.185490
1357 1.185670
1358 1.185664
1359 1.185856
1360 1.185536
1361 1.186198
1362 1.186068
1363 1.185982
1364 1.186196
1365 1.186376
1366 1.186532
1367 1.186738
1368 1.186652
1369 1.186402
1370 1.186076
1371 1.186086
1372 1.186056
1373 1.185634
1374 1.185024
1375 1.185306
1376 1.185318
1377 1.185770
1378 1.185844
1379 1.185966
1380 1.185384
1381 1.185460
1382 1.185394
1383 1.185586
1384 1.185552
1385 1.185682
1386 1.185768
1387 1.185068
1388 1.184996
1389 1.184524
1390 1.183968
1391 1.184116
1392 1.184372
1393 1.184348
1394 1.185328
1395 1.185134
1396 1.184894
1397 1.184808
1398 1.185104
1399 1.185128
1400 1.185086
1401 1.184760
1402 1.184544
1403 1.184712
1404 1.185142
1405 1.185556
1406 1.185788
1407 1.186044
1408 1.185746
1409 1.185702
1410 1.185110
1411 1.185506
1412 1.185616
1413 1.186174
1414 1.186080
1415 1.186864
1416 1.186378
1417 1.186038
1418 1.186340
1419 1.186034
1420 1.186370
1421 1.186828
1422 1.186634
1423 1.186790
1424 1.187080
1425 1.187542
1426 1.187702
1427 1.188554
1428 1.188322
1429 1.188530
1430 1.188372
1431 1.188324
1432 1.188678
1433 1.188548
1434 1.188570
1435 1.188018
1436 1.187960
1437 1.187524
1438 1.187692
1439 1.187404
1440 1.187284
1441 1.187292
1442 1.186960
1443 1.187080
1444 1.187604
1445 1.187220
1446 1.186982
1447 1.186186
1448 1.186428
1449 1.186150
1450 1.186050
1451 1.186294
1452 1.186428
1453 1.186524
1454 1.186716
1455 1.187562
1456 1.187988
1457 1.188258
1458 1.187894
1459 1.187052
1460 1.187140
1461 1.187040
1462 1.186586
1463 1.186832
1464 1.186526
1465 1.186228
1466 1.186250
1467 1.185928
1468 1.186608
1469 1.186464
1470 1.186728
1471 1.186772
1472 1.186754
1473 1.187072
1474 1.187284
1475 1.187532
1476 1.187794
1477 1.188092
1478 1.187956
1479 1.187470
1480 1.187584
1481 1.187754
1482 1.187326
1483 1.187894
1484 1.187618
1485 1.187260
1486 1.186346
1487 1.186094
1488 1.186180
1489 1.186338
1490 1.186456
1491 1.185934
1492 1.185586
1493 1.186278
1494 1.185638
1495 1.185318
1496 1.185132
1497 1.185582
1498 1.185852
1499 1.185312
1500 1.185448
1501 1.185336
1502 1.185286
1503 1.185204
1504 1.184784
1505 1.185114
1506 1.185070
1507 1.185328
1508 1.185480
1509 1.185184
1510 1.185478
1511 1.185388
1512 1.185048
1513 1.184672
1514 1.184310
1515 1.183872
1516 1.183784
1517 1.183462
1518 1.183464
1519 1.183490
1520 1.183260
1521 1.182984
1522 1.182542
1523 1.183094
1524 1.183676
1525 1.183704
1526 1.183280
1527 1.183460
1528 1.183580
1529 1.183632
1530 1.183938
1531 1.183910
1532 1.183840
1533 1.184288
1534 1.184462
1535 1.184570
1536 1.185086
1537 1.184832
1538 1.185458
1539 1.185578
1540 1.185582
1541 1.186150
1542 1.185852
1543 1.186124
1544 1.185822
1545 1.185394
1546 1.185108
1547 1.184036
1548 1.183356
1549 1.183512
1550 1.184234
1551 1.185018
1552 1.185170
1553 1.185944
1554 1.186084
1555 1.186320
1556 1.186366
1557 1.186346
1558 1.186344
1559 1.186982
1560 1.186898
1561 1.186880
1562 1.186654
1563 1.186692
1564 1.186582
1565 1.186154
1566 1.186040
1567 1.185306
1568 1.185978
1569 1.185740
1570 1.185434
1571 1.185540
1572 1.185200
1573 1.185326
1574 1.184946
1575 1.184722
1576 1.184176
1577 1.184658
1578 1.185136
1579 1.186292
1580 1.186064
1581 1.186196
1582 1.186620
1583 1.186194
1584 1.186590
1585 1.186798
1586 1.186988
1587 1.187694
1588 1.188186
1589 1.188382
1590 1.187862
1591 1.187902
1592 1.187958
1593 1.187884
1594 1.187194
1595 1.186942
1596 1.186664
1597 1.187310
1598 1.186974
1599 1.186498
1600 1.185866
1601 1.185158
1602 1.185428
1603 1.185236
1604 1.184796
1605 1.184716
1606 1.184434
1607 1.184296
1608 1.184432
1609 1.184856
1610 1.184528
1611 1.185280
1612 1.185388
1613 1.185092
1614 1.185222
1615 1.185840
1616 1.185736
1617 1.185990
1618 1.186518
1619 1.186122
1620 1.185378
1621 1.185558
1622 1.185188
1623 1.185022
1624 1.184626
1625 1.184784
1626 1.184614
1627 1.185330
1628 1.185824
1629 1.185730
1630 1.185752
1631 1.185836
1632 1.185674
1633 1.185110
1634 1.185138
1635 1.185770
1636 1.186252
1637 1.186120
1638 1.186406
1639 1.186250
1640 1.186166
1641 1.186614
1642 1.187042
1643 1.186820
1644 1.186802
1645 1.186998
1646 1.186948
1647 1.186538
1648 1.186174
1649 1.185942
1650 1.185742
1651 1.185392
1652 1.184928
1653 1.184380
1654 1.184484
1655 1.185238
1656 1.185016
1657 1.185028
1658 1.185428
1659 1.185542
1660 1.185530
1661 1.184944
1662 1.184802
1663 1.185150
1664 1.185404
1665 1.185118
1666 1.185114
1667 1.184732
1668 1.185312
1669 1.185366
1670 1.185708
1671 1.185736
1672 1.185146
1673 1.185040
1674 1.184192
1675 1.183954
1676 1.184040
1677 1.184500
1678 1.185016
1679 1.185316
1680 1.185074
1681 1.184876
1682 1.184644
1683 1.185364
1684 1.185880
1685 1.185434
1686 1.185106
1687 1.185098
1688 1.185644
1689 1.185494
1690 1.185422
1691 1.186032
1692 1.185618
1693 1.185222
1694 1.185376
1695 1.184820
1696 1.185424
1697 1.184790
1698 1.184854
1699 1.184874
1700 1.185256
1701 1.185850
1702 1.186150
1703 1.186474
1704 1.186250
1705 1.187034
1706 1.186988
1707 1.186828
1708 1.187236
1709 1.186902
1710 1.187166
1711 1.187298
1712 1.187234
1713 1.187148
1714 1.187818
1715 1.187750
1716 1.187902
1717 1.188316
1718 1.188644
1719 1.187644
1720 1.187162
1721 1.187668
1722 1.187936
1723 1.187748
1724 1.187320
1725 1.187686
1726 1.187516
1727 1.187514
1728 1.187096
1729 1.187038
1730 1.187506
1731 1.188062
1732 1.187784
1733 1.187200
1734 1.187302
1735 1.187180
1736 1.186820
1737 1.187046
1738 1.187384
1739 1.187020
1740 1.186796
1741 1.186542
1742 1.186948
1743 1.186824
1744 1.186666
1745 1.186914
1746 1.187174
1747 1.187162
1748 1.187212
1749 1.187214
1750 1.187972
1751 1.188228
1752 1.187766
1753 1.187390
1754 1.187004
1755 1.187054
1756 1.186924
1757 1.186722
1758 1.186496
1759 1.186470
1760 1.186582
1761 1.186336
1762 1.186770
1763 1.186680
1764 1.186360
1765 1.186444
1766 1.185636
1767 1.185384
1768 1.185034
1769 1.184976
1770 1.184532
1771 1.183996
1772 1.183698
1773 1.183354
1774 1.184068
1775 1.183768
1776 1.183434
1777 1.183220
1778 1.182634
1779 1.182092
1780 1.181626
1781 1.181966
1782 1.182480
1783 1.182890
1784 1.182894
1785 1.183304
1786 1.182882
1787 1.183160
1788 1.183374
1789 1.183800
1790 1.184198
1791 1.183672
1792 1.183968
1793 1.184006
1794 1.184414
1795 1.184512
1796 1.185200
1797 1.185256
1798 1.185526
1799 1.185946
1800 1.185502
1801 1.185728
1802 1.185386
1803 1.185672
1804 1.185536
1805 1.184938
1806 1.185436
1807 1.186010
1808 1.185708
1809 1.185996
1810 1.186238
1811 1.186344
1812 1.186562
1813 1.186824
1814 1.186350
1815 1.185948
1816 1.185452
1817 1.185618
1818 1.185000
1819 1.185288
1820 1.185262
1821 1.184996
1822 1.184844
1823 1.184726
1824 1.184290
1825 1.184522
1826 1.183878
1827 1.183904
1828 1.184226
1829 1.184476
1830 1.183948
1831 1.183658
1832 1.183646
1833 1.183994
1834 1.184392
1835 1.184186
1836 1.184404
1837 1.184610
1838 1.185130
1839 1.184814
1840 1.184736
1841 1.185348
1842 1.185202
1843 1.184308
1844 1.183480
1845 1.183588
1846 1.184334
1847 1.184588
1848 1.184568
1849 1.184562
1850 1.184602
1851 1.184182
1852 1.184404
1853 1.184064
1854 1.184528
1855 1.184300
1856 1.184392
1857 1.184980
1858 1.185364
1859 1.185836
1860 1.185616
1861 1.185744
1862 1.186228
1863 1.185764
1864 1.186074
1865 1.186152
1866 1.185712
1867 1.185908
1868 1.186078
1869 1.186164
1870 1.186140
1871 1.186218
1872 1.185332
1873 1.185116
1874 1.184586
1875 1.184528
1876 1.183930
1877 1.184498
1878 1.184462
1879 1.184784
1880 1.184944
1881 1.184850
1882 1.184914
1883 1.185162
1884 1.184608
1885 1.184216
1886 1.183878
1887 1.183130
1888 1.183550
1889 1.183590
1890 1.183278
1891 1.182960
1892 1.183288
1893 1.183476
1894 1.183612
1895 1.183350
1896 1.183730
1897 1.184116
1898 1.183910
1899 1.183754
1900 1.184164
1901 1.184238
1902 1.184674
1903 1.184376
1904 1.184084
1905 1.183920
1906 1.182958
1907 1.183284
1908 1.183250
1909 1.182962
1910 1.182838
1911 1.183054
1912 1.182300
1913 1.182228
1914 1.182388
1915 1.182592
1916 1.182670
1917 1.183046
1918 1.183542
1919 1.183476
1920 1.183854
1921 1.183732
1922 1.184330
1923 1.184130
1924 1.183868
1925 1.183712
1926 1.183072
1927 1.183008
1928 1.183562
1929 1.183674
1930 1.183818
1931 1.183976
1932 1.184636
1933 1.184334
1934 1.184692
1935 1.184886
1936 1.185186
1937 1.185042
1938 1.185238
1939 1.185106
1940 1.184640
1941 1.184544
1942 1.184284
1943 1.184180
1944 1.184276
1945 1.184176
1946 1.184950
1947 1.185260
1948 1.185862
1949 1.186074
1950 1.185934
1951 1.185974
1952 1.185282
1953 1.185326
1954 1.184850
1955 1.184778
1956 1.184782
1957 1.184896
1958 1.184774
1959 1.185246
1960 1.185334
1961 1.185126
1962 1.184564
1963 1.184272
1964 1.183924
1965 1.183964
1966 1.183650
1967 1.183668
1968 1.183698
1969 1.183652
1970 1.184124
1971 1.184416
1972 1.184452
1973 1.184800
1974 1.184850
1975 1.184408
1976 1.184180
1977 1.183972
1978 1.183674
1979 1.183322
1980 1.183544
1981 1.184118
1982 1.183518
1983 1.183602
1984 1.183674
1985 1.183178
1986 1.183142
1987 1.183474
1988 1.183214
1989 1.183072
1990 1.183458
1991 1.183140
1992 1.182874
1993 1.183114
1994 1.183706
1995 1.183778
1996 1.183348
1997 1.182492
1998 1.181966
1999 1.182072
2000 1.182082
2001 1.181350
2002 1.181370
2003 1.181594
2004 1.181552
2005 1.182184
2006 1.182692
2007 1.183044
2008 1.182824
2009 1.183494
2010 1.183670
2011 1.182802
2012 1.182854
2013 1.182170
2014 1.182942
2015 1.182434
2016 1.183158
2017 1.182890
2018 1.183352
2019 1.183806
2020 1.183790
2021 1.184172
2022 1.184020
2023 1.183734
2024 1.183674
2025 1.183906
2026 1.183922
2027 1.183672
2028 1.183046
2029 1.183332
2030 1.183570
2031 1.183354
2032 1.183370
2033 1.183646
2034 1.183886
2035 1.183630
2036 1.183926
2037 1.184776
2038 1.185196
2039 1.184806
2040 1.185148
2041 1.185840
2042 1.186156
2043 1.186458
2044 1.186486
2045 1.186648
2046 1.186480
2047 1.186342
2048 1.186214
2049 1.186056
2050 1.185704
2051 1.185452
2052 1.186012
2053 1.186064
2054 1.185936
2055 1.185878
2056 1.186014
2057 1.185786
2058 1.186150
2059 1.186352
2060 1.186444
2061 1.186350
2062 1.186554
2063 1.186516
2064 1.185942
2065 1.185576
2066 1.185302
2067 1.185652
2068 1.185052
2069 1.185258
2070 1.184334
2071 1.184502
2072 1.183930
2073 1.184038
2074 1.184014
2075 1.184532
2076 1.184734
2077 1.184660
2078 1.184462
2079 1.184356
2080 1.184354
2081 1.184342
2082 1.184578
2083 1.183788
2084 1.184066
2085 1.183542
2086 1.184002
2087 1.183512
2088 1.183306
2089 1.183104
2090 1.182450
2091 1.182490
2092 1.183268
2093 1.184022
2094 1.183558
2095 1.183382
2096 1.183854
2097 1.184092
2098 1.183908
2099 1.183322
2100 1.183298
2101 1.182958
2102 1.183738
2103 1.182894
2104 1.183002
2105 1.183814
2106 1.183900
2107 1.183512
2108 1.183700
2109 1.183784
2110 1.183886
2111 1.183990
2112 1.183774
2113 1.184274
2114 1.184218
2115 1.183556
2116 1.183444
2117 1.183520
2118 1.183630
2119 1.184010
2120 1.183990
2121 1.184566
2122 1.184710
2123 1.185230
2124 1.184798
2125 1.185364
2126 1.184914
2127 1.183966
2128 1.183712
2129 1.183882
2130 1.183756
2131 1.184380
2132 1.184982
2133 1.184826
2134 1.185156
2135 1.185156
2136 1.185448
2137 1.185082
2138 1.184810
2139 1.184416
2140 1.185020
2141 1.184656
2142 1.184108
2143 1.184682
2144 1.185334
2145 1.185458
2146 1.185360
2147 1.185548
2148 1.185320
2149 1.185700
2150 1.185414
2151 1.185144
2152 1.184816
2153 1.186014
2154 1.185918
2155 1.185708
2156 1.185826
2157 1.186000
2158 1.185038
2159 1.184912
2160 1.185000
2161 1.184442
2162 1.184506
2163 1.184140
2164 1.183358
2165 1.183104
2166 1.182910
2167 1.182638
2168 1.182474
2169 1.182760
2170 1.183034
2171 1.182748
2172 1.182244
2173 1.182440
2174 1.182736
2175 1.182690
2176 1.182624
2177 1.182776
2178 1.182846
2179 1.183322
2180 1.183278
2181 1.182932
2182 1.183448
2183 1.183586
2184 1.183896
2185 1.183880
2186 1.183462
2187 1.182692
2188 1.182042
2189 1.182100
2190 1.181388
2191 1.181710
2192 1.182078
2193 1.182226
2194 1.182552
2195 1.182046
2196 1.182538
2197 1.182434
2198 1.181876
2199 1.182372
2200 1.182622
2201 1.183226
2202 1.183092
2203 1.182602
2204 1.182726
2205 1.183008
2206 1.183276
2207 1.183262
2208 1.183684
2209 1.183406
2210 1.183914
2211 1.184308
2212 1.184344
2213 1.184594
2214 1.184616
2215 1.184270
2216 1.184208
2217 1.184330
2218 1.183790
2219 1.183482
2220 1.183484
2221 1.183770
2222 1.184032
2223 1.183996
2224 1.183802
2225 1.183506
2226 1.182900
2227 1.182796
2228 1.182258
2229 1.181592
2230 1.181298
2231 1.181076
2232 1.180894
2233 1.180516
2234 1.180844
2235 1.181368
2236 1.181184
2237 1.181348
2238 1.181552
2239 1.181722
2240 1.181774
2241 1.181760
2242 1.180878
2243 1.181254
2244 1.181568
2245 1.181748
2246 1.181596
2247 1.181222
2248 1.180856
2249 1.181344
2250 1.182056
2251 1.181906
2252 1.182044
2253 1.182050
2254 1.182372
2255 1.182572
2256 1.183184
2257 1.184060
2258 1.184236
2259 1.183716
2260 1.183812
2261 1.183920
2262 1.184292
2263 1.184678
2264 1.184418
2265 1.185004
2266 1.184636
2267 1.184554
2268 1.184524
2269 1.184656
2270 1.184504
2271 1.184196
2272 1.184070
2273 1.183928
2274 1.184092
2275 1.183526
2276 1.184000
2277 1.184058
2278 1.183352
2279 1.183262
2280 1.183146
2281 1.183196
2282 1.183338
2283 1.182704
2284 1.182576
2285 1.182720
2286 1.182178
2287 1.182970
2288 1.182858
2289 1.182822
2290 1.182246
2291 1.182298
2292 1.181638
2293 1.181212
2294 1.181086
2295 1.181392
2296 1.181966
2297 1.181524
2298 1.181906
2299 1.181472
2300 1.181428
2301 1.181876
2302 1.182230
2303 1.181618
2304 1.181710
2305 1.182160
2306 1.182308
2307 1.182668
2308 1.182642
2309 1.182772
2310 1.182922
2311 1.183204
2312 1.183226
2313 1.183042
2314 1.182822
2315 1.182830
2316 1.182380
2317 1.182342
2318 1.182298
2319 1.182754
2320 1.182932
2321 1.182728
2322 1.182320
2323 1.182350
2324 1.182784
2325 1.183142
2326 1.183368
2327 1.182772
2328 1.183342
2329 1.183322
2330 1.183070
2331 1.182782
2332 1.182366
2333 1.182082
2334 1.181990
2335 1.181894
2336 1.180864
2337 1.181232
2338 1.181122
2339 1.181574
2340 1.181326
2341 1.181402
2342 1.181192
2343 1.181954
2344 1.182024
2345 1.182758
2346 1.183302
2347 1.183920
2348 1.183600
2349 1.183682
2350 1.183896
2351 1.184136
2352 1.184466
2353 1.183770
2354 1.183640
2355 1.183126
2356 1.182742
2357 1.182506
2358 1.182486
2359 1.182710
2360 1.182528
2361 1.182500
2362 1.182176
2363 1.182282
2364 1.182154
2365 1.182022
2366 1.182348
2367 1.182426
2368 1.182760
2369 1.182960
2370 1.183540
2371 1.183434
2372 1.183454
2373 1.183472
2374 1.183368
2375 1.183452
2376 1.183102
2377 1.182590
2378 1.183194
2379 1.183132
2380 1.183198
2381 1.183430
2382 1.183906
2383 1.184212
2384 1.184638
2385 1.184260
2386 1.184300
2387 1.184284
2388 1.184340
2389 1.184332
2390 1.184340
2391 1.183822
2392 1.184240
2393 1.184128
2394 1.184104
2395 1.183960
2396 1.184568
2397 1.183766
2398 1.183360
2399 1.183386
2400 1.183670
2401 1.183254
2402 1.183344
2403 1.184460
2404 1.184698
2405 1.184030
2406 1.184082
2407 1.183898
2408 1.184030
2409 1.183938
2410 1.184074
2411 1.184866
2412 1.184440
2413 1.184344
2414 1.184000
2415 1.183898
2416 1.183516
2417 1.183404
2418 1.184030
2419 1.184756
2420 1.185658
2421 1.185758
2422 1.185598
2423 1.185582
2424 1.185168
2425 1.184964
2426 1.185206
2427 1.184774
2428 1.184702
2429 1.184792
2430 1.185844
2431 1.185898
2432 1.185250
2433 1.184930
2434 1.184358
2435 1.184672
2436 1.184670
2437 1.184444
2438 1.184394
2439 1.184266
2440 1.183990
2441 1.184650
2442 1.184508
2443 1.184874
2444 1.184926
2445 1.184866
2446 1.184152
2447 1.184446
2448 1.183762
2449 1.183410
2450 1.183130
2451 1.183400
2452 1.184186
2453 1.184372
2454 1.184294
2455 1.183920
2456 1.183814
2457 1.184102
2458 1.184652
2459 1.184578
2460 1.184476
2461 1.184678
2462 1.184580
2463 1.184586
2464 1.184300
2465 1.184262
2466 1.184712
2467 1.185160
2468 1.185130
2469 1.185222
2470 1.185650
2471 1.185846
2472 1.185582
2473 1.185050
2474 1.185038
2475 1.185198
2476 1.184984
2477 1.184542
2478 1.184974
2479 1.184898
2480 1.184360
2481 1.184566
2482 1.184458
2483 1.184452
2484 1.184782
2485 1.183840
2486 1.184010
2487 1.184386
2488 1.184484
2489 1.184188
2490 1.184148
2491 1.184060
2492 1.184010
2493 1.184838
2494 1.185186
2495 1.184884
2496 1.184574
2497 1.185004
2498 1.185288
2499 1.184714
2500 1.184446
2501 1.184584
2502 1.184538
2503 1.184360
2504 1.184772
2505 1.184244
2506 1.184484
2507 1.183872
2508 1.183446
2509 1.183686
2510 1.184096
2511 1.183964
2512 1.184322
2513 1.184136
2514 1.183744
2515 1.183218
2516 1.182932
2517 1.182876
2518 1.182342
2519 1.182410
2520 1.182894
2521 1.182812
2522 1.183328
2523 1.182998
2524 1.182426
2525 1.182572
2526 1.182998
2527 1.182164
2528 1.181862
2529 1.182072
2530 1.182326
2531 1.182582
2532 1.182992
2533 1.183076
2534 1.183330
2535 1.182752
2536 1.183212
2537 1.183686
2538 1.183380
2539 1.182888
2540 1.182076
2541 1.182670
2542 1.183236
2543 1.182658
2544 1.182040
2545 1.182840
2546 1.183476
2547 1.183668
2548 1.183644
2549 1.183834
2550 1.183260
2551 1.183450
2552 1.183788
2553 1.183106
2554 1.183706
2555 1.184350
2556 1.184414
2557 1.183796
2558 1.183118
2559 1.183646
2560 1.183524
2561 1.183340
2562 1.183136
2563 1.183152
2564 1.183230
2565 1.183456
2566 1.183252
2567 1.182632
2568 1.182204
2569 1.182292
2570 1.182726
2571 1.182734
2572 1.182928
2573 1.183242
2574 1.183394
2575 1.183724
2576 1.184442
2577 1.184698
2578 1.183966
2579 1.184080
2580 1.184396
2581 1.183922
2582 1.183456
2583 1.183556
2584 1.184202
2585 1.184046
2586 1.183790
2587 1.183696
2588 1.183806
2589 1.183632
2590 1.183676
2591 1.183380
2592 1.183098
2593 1.182588
2594 1.182970
2595 1.182762
2596 1.182824
2597 1.182506
2598 1.182770
2599 1.182644
2600 1.182702
2601 1.183094
2602 1.183010
2603 1.183412
2604 1.183618
2605 1.183806
2606 1.184172
2607 1.183426
2608 1.183356
2609 1.183380
2610 1.183992
2611 1.183748
2612 1.183388
2613 1.183340
2614 1.183242
2615 1.183450
2616 1.183716
2617 1.183702
2618 1.182738
2619 1.182902
2620 1.183096
2621 1.183448
2622 1.183128
2623 1.182826
2624 1.182164
2625 1.182748
2626 1.183240
2627 1.183008
2628 1.183180
2629 1.183050
2630 1.182844
2631 1.182576
2632 1.183168
2633 1.183420
2634 1.183274
2635 1.182816
2636 1.183072
2637 1.183712
2638 1.183256
2639 1.182668
2640 1.182888
2641 1.183014
2642 1.182606
2643 1.182690
2644 1.183162
2645 1.182980
2646 1.182722
2647 1.182524
2648 1.182438
2649 1.182370
2650 1.182014
2651 1.182438
2652 1.182540
2653 1.183192
2654 1.182650
2655 1.183104
2656 1.183226
2657 1.183094
2658 1.182648
2659 1.182862
2660 1.183140
2661 1.183216
2662 1.183418
2663 1.182758
2664 1.183120
2665 1.183172
2666 1.182470
2667 1.182076
2668 1.182568
2669 1.182760
2670 1.182798
2671 1.182562
2672 1.182316
2673 1.181808
2674 1.182276
2675 1.181738
2676 1.181862
2677 1.182058
2678 1.182878
2679 1.182938
2680 1.182770
2681 1.183050
2682 1.183048
2683 1.183204
2684 1.183238
2685 1.183068
2686 1.183988
2687 1.184318
2688 1.184488
2689 1.184284
2690 1.184078
2691 1.183242
2692 1.183506
2693 1.183410
2694 1.183170
2695 1.183512
2696 1.183766
2697 1.183470
2698 1.183492
2699 1.182950
2700 1.182584
2701 1.182502
2702 1.182676
2703 1.182916
2704 1.183322
2705 1.183400
2706 1.183642
2707 1.184250
2708 1.184624
2709 1.184692
2710 1.184932
2711 1.184822
2712 1.185472
2713 1.185006
2714 1.185672
2715 1.185880
2716 1.185552
2717 1.185578
2718 1.185484
2719 1.185508
2720 1.184800
2721 1.185014
2722 1.184734
2723 1.184764
2724 1.185054
2725 1.184770
2726 1.184696
2727 1.184998
2728 1.184750
2729 1.184594
2730 1.184466
2731 1.184192
2732 1.184020
2733 1.184280
2734 1.184154
2735 1.184046
2736 1.183716
2737 1.184306
2738 1.184580
2739 1.184464
2740 1.184920
2741 1.184620
2742 1.183552
2743 1.183330
2744 1.183562
2745 1.183728
2746 1.183954
2747 1.183770
2748 1.184274
2749 1.184038
2750 1.184162
2751 1.184370
2752 1.184344
2753 1.184776
2754 1.185080
2755 1.185074
2756 1.185432
2757 1.185118
2758 1.185352
2759 1.185972
2760 1.185468
2761 1.185024
2762 1.184534
2763 1.183826
2764 1.183472
2765 1.183782
2766 1.184174
2767 1.184278
2768 1.185324
2769 1.185152
2770 1.185068
2771 1.185304
2772 1.185756
2773 1.185888
2774 1.185524
2775 1.185398
2776 1.185816
2777 1.185890
2778 1.185858
2779 1.185980
2780 1.186024
2781 1.186066
2782 1.185962
2783 1.185186
2784 1.185282
2785 1.185176
2786 1.185414
2787 1.185234
2788 1.185394
2789 1.185344
2790 1.184922
2791 1.184932
2792 1.184798
2793 1.184518
2794 1.184324
2795 1.184614
2796 1.184758
2797 1.184390
2798 1.183886
2799 1.183760
2800 1.184044
2801 1.183848
2802 1.184702
2803 1.184468
2804 1.184476
2805 1.184120
2806 1.184334
2807 1.184550
2808 1.184764
2809 1.185018
2810 1.184794
2811 1.184874
2812 1.184898
2813 1.183692
2814 1.184054
2815 1.183140
2816 1.183210
2817 1.183374
2818 1.183986
2819 1.183500
2820 1.183810
2821 1.183670
2822 1.183516
2823 1.184258
2824 1.183872
2825 1.184502
2826 1.184854
2827 1.184636
2828 1.184328
2829 1.184432
2830 1.184354
2831 1.184068
2832 1.183960
2833 1.184214
2834 1.184520
2835 1.184928
2836 1.184668
2837 1.184702
2838 1.183982
2839 1.183316
2840 1.182974
2841 1.183466
2842 1.182802
2843 1.182462
2844 1.181996
2845 1.182308
2846 1.182686
2847 1.182134
2848 1.181520
2849 1.181318
2850 1.180808
2851 1.180868
2852 1.180892
2853 1.181542
2854 1.181724
2855 1.182172
2856 1.182438
2857 1.182324
2858 1.182064
2859 1.182096
2860 1.182116
2861 1.182722
2862 1.183196
2863 1.183392
2864 1.183544
2865 1.183612
2866 1.183606
2867 1.183962
2868 1.183648
2869 1.183094
2870 1.182798
2871 1.182048
2872 1.182550
2873 1.182654
2874 1.182460
2875 1.182724
2876 1.182544
2877 1.182592
2878 1.182454
2879 1.182878
2880 1.183124
2881 1.183384
2882 1.183496
2883 1.183520
2884 1.183484
2885 1.183924
2886 1.184096
2887 1.183930
2888 1.183986
2889 1.184562
2890 1.184292
2891 1.184482
2892 1.183838
2893 1.183884
2894 1.184078
2895 1.184420
2896 1.184474
2897 1.185222
2898 1.184748
2899 1.184542
2900 1.184860
2901 1.185262
2902 1.185098
2903 1.184280
2904 1.184512
2905 1.184230
2906 1.184564
2907 1.184574
2908 1.185296
2909 1.185098
2910 1.184658
2911 1.184404
2912 1.184590
2913 1.185060
2914 1.185458
2915 1.185402
2916 1.185496
2917 1.185782
2918 1.185340
2919 1.185928
2920 1.185986
2921 1.185570
2922 1.185242
2923 1.184344
2924 1.184498
2925 1.184670
2926 1.184218
2927 1.183904
2928 1.183610
2929 1.183688
2930 1.183164
2931 1.183230
2932 1.182900
2933 1.183176
2934 1.183622
2935 1.184038
2936 1.183640
2937 1.183600
2938 1.183250
2939 1.183234
2940 1.182710
2941 1.182684
2942 1.182650
2943 1.182810
2944 1.182404
2945 1.182800
2946 1.183054
2947 1.183004
2948 1.183816
2949 1.183278
2950 1.184008
2951 1.184452
2952 1.184228
2953 1.183960
2954 1.184516
2955 1.184416
2956 1.184434
2957 1.184618
2958 1.184782
2959 1.184640
2960 1.184156
2961 1.184386
2962 1.184272
2963 1.185106
2964 1.185180
2965 1.185250
2966 1.185032
2967 1.185252
2968 1.185330
2969 1.184942
2970 1.185504
2971 1.185078
2972 1.184968
2973 1.184932
2974 1.184738
2975 1.185036
2976 1.185674
2977 1.185666
2978 1.185906
2979 1.185776
2980 1.186008
2981 1.185430
2982 1.186302
2983 1.186250
2984 1.186200
2985 1.185926
2986 1.185260
2987 1.185138
2988 1.184630
2989 1.184468
2990 1.184182
2991 1.184536
2992 1.184224
2993 1.184886
2994 1.184710
2995 1.183878
2996 1.183634
2997 1.183634
2998 1.183968
2999 1.183982
3000 1.183020
3001 1.182656
3002 1.181794
3003 1.182094
3004 1.182112
3005 1.181538
3006 1.181376
3007 1.181826
3008 1.181418
3009 1.181800
3010 1.181724
3011 1.181900
3012 1.181942
3013 1.182100
3014 1.181554
3015 1.181856
3016 1.181644
3017 1.181600
3018 1.181264
3019 1.181876
3020 1.181528
3021 1.181366
3022 1.181304
3023 1.181694
3024 1.181904
3025 1.182236
3026 1.182282
3027 1.182932
3028 1.183134
3029 1.183450
3030 1.183264
3031 1.183608
3032 1.184240
3033 1.183838
3034 1.183560
3035 1.182522
3036 1.182626
3037 1.182080
3038 1.181962
3039 1.182316
3040 1.182828
3041 1.182756
3042 1.183116
3043 1.182704
3044 1.183244
3045 1.183468
3046 1.183394
3047 1.183458
3048 1.183036
3049 1.183614
3050 1.184190
3051 1.184644
3052 1.184680
3053 1.184212
3054 1.184576
3055 1.184902
3056 1.184528
3057 1.184940
3058 1.184438
3059 1.183612
3060 1.183306
3061 1.183746
3062 1.183246
3063 1.182844
3064 1.183356
3065 1.183464
3066 1.183538
3067 1.183230
3068 1.183336
3069 1.183694
3070 1.183264
3071 1.183452
3072 1.183978
3073 1.182792
3074 1.182602
3075 1.182380
3076 1.182500
3077 1.182006
3078 1.182054
3079 1.182318
3080 1.182022
3081 1.182224
3082 1.182838
3083 1.183062
3084 1.183126
3085 1.184256
3086 1.184818
3087 1.184708
3088 1.184140
3089 1.184282
3090 1.184368
3091 1.183988
3092 1.184572
3093 1.184310
3094 1.184194
3095 1.184150
3096 1.184798
3097 1.184964
3098 1.184656
3099 1.184522
3100 1.184340
3101 1.184196
3102 1.183954
3103 1.183588
3104 1.183342
3105 1.183132
3106 1.183682
3107 1.184010
3108 1.183870
3109 1.184864
3110 1.184344
3111 1.184554
3112 1.184638
3113 1.184758
3114 1.184946
3115 1.184354
3116 1.184136
3117 1.184724
3118 1.184332
3119 1.183686
3120 1.183130
3121 1.183330
3122 1.182822
3123 1.182676
3124 1.182272
3125 1.182258
3126 1.182158
3127 1.182598
3128 1.182496
3129 1.182144
3130 1.182068
3131 1.182036
3132 1.182424
3133 1.182978
3134 1.182924
3135 1.182858
3136 1.183420
3137 1.183884
3138 1.183896
3139 1.183588
3140 1.183460
3141 1.183616
3142 1.183916
3143 1.183630
3144 1.183204
3145 1.183354
3146 1.183260
3147 1.183538
3148 1.183620
3149 1.183616
3150 1.184816
3151 1.184026
3152 1.184008
3153 1.183360
3154 1.182768
3155 1.182680
3156 1.182782
3157 1.182580
3158 1.182376
3159 1.181834
3160 1.181766
3161 1.181776
3162 1.182662
3163 1.182006
3164 1.181744
3165 1.182514
3166 1.182342
3167 1.181992
3168 1.182250
3169 1.181808
3170 1.182332
3171 1.182546
3172 1.182746
3173 1.182996
3174 1.183408
3175 1.183634
3176 1.182868
3177 1.182012
3178 1.182380
3179 1.182600
3180 1.182524
3181 1.183002
3182 1.183328
3183 1.183016
3184 1.183074
3185 1.183080
3186 1.183344
3187 1.183678
3188 1.183942
3189 1.183480
3190 1.183648
3191 1.183936
3192 1.183782
3193 1.183596
3194 1.183238
3195 1.182354
3196 1.182188
3197 1.181924
3198 1.182618
3199 1.182194
3200 1.181830
3201 1.181512
3202 1.181710
3203 1.182106
3204 1.182136
3205 1.182436
3206 1.182680
3207 1.183148
3208 1.183406
3209 1.183218
3210 1.182960
3211 1.183082
3212 1.183044
3213 1.183312
3214 1.183432
3215 1.183844
3216 1.183972
3217 1.183666
3218 1.183500
3219 1.184010
3220 1.183840
3221 1.184032
3222 1.183690
3223 1.183400
3224 1.183334
3225 1.182656
3226 1.182394
3227 1.182406
3228 1.182092
3229 1.182392
3230 1.182144
3231 1.182478
3232 1.182310
3233 1.181978
3234 1.182540
3235 1.182198
3236 1.181974
3237 1.181766
3238 1.182390
3239 1.182880
3240 1.182442
3241 1.182834
3242 1.182572
3243 1.183124
3244 1.182854
3245 1.183028
3246 1.182928
3247 1.182426
3248 1.182102
3249 1.182372
3250 1.182886
3251 1.182878
3252 1.182796
3253 1.182346
3254 1.182556
3255 1.182732
3256 1.183202
3257 1.182722
3258 1.182868
3259 1.182822
3260 1.182914
3261 1.182844
3262 1.182948
3263 1.183040
3264 1.182770
3265 1.182590
3266 1.182660
3267 1.182408
3268 1.181766
3269 1.182266
3270 1.182956
3271 1.182606
3272 1.183048
3273 1.182898
3274 1.183156
3275 1.183440
3276 1.183726
3277 1.184096
3278 1.183856
3279 1.183576
3280 1.183416
3281 1.182894
3282 1.182538
3283 1.182858
3284 1.182898
3285 1.183230
3286 1.183326
3287 1.183150
3288 1.183316
3289 1.183550
3290 1.183266
3291 1.183272
3292 1.183190
3293 1.183616
3294 1.183772
3295 1.183718
3296 1.183262
3297 1.183068
3298 1.182902
3299 1.183054
3300 1.183454
3301 1.183914
3302 1.184238
3303 1.184140
3304 1.183874
3305 1.184570
3306 1.184428
3307 1.184174
3308 1.184288
3309 1.184338
3310 1.183690
3311 1.183828
3312 1.184306
3313 1.184484
3314 1.184366
3315 1.184754
3316 1.184476
3317 1.184906
3318 1.184808
3319 1.184908
3320 1.185114
3321 1.184958
3322 1.185078
3323 1.184826
3324 1.185138
3325 1.185040
3326 1.184956
3327 1.184802
3328 1.184580
3329 1.185022
3330 1.185096
3331 1.184780
3332 1.185206
3333 1.184900
3334 1.184560
3335 1.184060
3336 1.183920
3337 1.183948
3338 1.183768
3339 1.183892
3340 1.183814
3341 1.184248
3342 1.184202
3343 1.183780
3344 1.183624
3345 1.183410
3346 1.182620
3347 1.182140
3348 1.182254
3349 1.181972
3350 1.182754
3351 1.182764
3352 1.182470
3353 1.182488
3354 1.182448
3355 1.182256
3356 1.182036
3357 1.181808
3358 1.181802
3359 1.181792
3360 1.181666
3361 1.181842
3362 1.182794
3363 1.183074
3364 1.183578
3365 1.184388
3366 1.184116
3367 1.184604
3368 1.184746
3369 1.183912
3370 1.184196
3371 1.183446
3372 1.182832
3373 1.181950
3374 1.182242
3375 1.182098
3376 1.181746
3377 1.181348
3378 1.180810
3379 1.181184
3380 1.181478
3381 1.181050
3382 1.180720
3383 1.181038
3384 1.180848
3385 1.180380
3386 1.180620
3387 1.180996
3388 1.181320
3389 1.181338
3390 1.181746
3391 1.181662
3392 1.181288
3393 1.181148
3394 1.181536
3395 1.181664
3396 1.181958
3397 1.182276
3398 1.182704
3399 1.182670
3400 1.182398
3401 1.182648
3402 1.182054
3403 1.182346
3404 1.182204
3405 1.181586
3406 1.181410
3407 1.181790
3408 1.181858
3409 1.181754
3410 1.181176
3411 1.180846
3412 1.180256
3413 1.180796
3414 1.180832
3415 1.181276
3416 1.181424
3417 1.182118
3418 1.182538
3419 1.182276
3420 1.182336
3421 1.182626
3422 1.182238
3423 1.180568
3424 1.180340
3425 1.180728
3426 1.180500
3427 1.180468
3428 1.180920
3429 1.181114
3430 1.181752
3431 1.181546
3432 1.181282
3433 1.180736
3434 1.180854
3435 1.181052
3436 1.180776
3437 1.181038
3438 1.181268
3439 1.181946
3440 1.182638
3441 1.182270
3442 1.182094
3443 1.182868
3444 1.182878
3445 1.182772
3446 1.182482
3447 1.182576
3448 1.182704
3449 1.182002
3450 1.182172
3451 1.181506
3452 1.181718
3453 1.181986
3454 1.182232
3455 1.182280
3456 1.182298
3457 1.181712
3458 1.181814
3459 1.182434
3460 1.182844
3461 1.182590
3462 1.182386
3463 1.182094
3464 1.181992
3465 1.182302
3466 1.182376
3467 1.181926
3468 1.182120
3469 1.181798
3470 1.181570
3471 1.182094
3472 1.181532
3473 1.181818
3474 1.181802
3475 1.182164
3476 1.182500
3477 1.182372
3478 1.181664
3479 1.181826
3480 1.182358
3481 1.182502
3482 1.182304
3483 1.181962
3484 1.182332
3485 1.182310
3486 1.181934
3487 1.181694
3488 1.182042
3489 1.181612
3490 1.181900
3491 1.181344
3492 1.180824
3493 1.181044
3494 1.180900
3495 1.181252
3496 1.181314
3497 1.180684
3498 1.180664
3499 1.181584
3500 1.181616
3501 1.181652


Active cycles: 2000
k_mean: 1.183861
k_stddev(cycle): 0.001454
k_stderr(mean): 0.000033
