1 0.589336
2 1.078013
3 1.109347
4 1.130381
5 1.142745
6 1.149586
7 1.156451
8 1.162384
9 1.165719
10 1.170505
11 1.171052
12 1.173548
13 1.173779
14 1.176036
15 1.178554
16 1.176650
17 1.178586
18 1.178051
19 1.180699
20 1.178249
21 1.180736
22 1.179106
23 1.179846
24 1.180445
25 1.179169
26 1.179805
27 1.180591
28 1.180806
29 1.179625
30 1.180620
31 1.179626
32 1.180614
33 1.180882
34 1.182252
35 1.181064
36 1.182979
37 1.180489
38 1.180855
39 1.181652
40 1.182390
41 1.181380
42 1.180962
43 1.183419
44 1.180838
45 1.182881
46 1.182000
47 1.182527
48 1.182770
49 1.183030
50 1.182777
51 1.182059
52 1.180915
53 1.182639
54 1.182976
55 1.181655
56 1.182466
57 1.182684
58 1.182249
59 1.181899
60 1.181451
61 1.182121
62 1.182242
63 1.182600
64 1.181246
65 1.182403
66 1.183126
67 1.184042
68 1.183289
69 1.181103
70 1.181075
71 1.180573
72 1.182189
73 1.182950
74 1.181725
75 1.181372
76 1.183669
77 1.182148
78 1.182192
79 1.183694
80 1.182437
81 1.182257
82 1.182913
83 1.182323
84 1.184900
85 1.182027
86 1.182481
87 1.180527
88 1.182023
89 1.182554
90 1.182170
91 1.182203
92 1.183717
93 1.183239
94 1.181736
95 1.184683
96 1.183147
97 1.182456
98 1.183180
99 1.182067
100 1.181712
101 1.182551
102 1.183726
103 1.184615
104 1.183803
105 1.182587
106 1.181495
107 1.183167
108 1.183214
109 1.183815
110 1.183392
111 1.182291
112 1.180673
113 1.183635
114 1.184161
115 1.183527
116 1.182388
117 1.183317
118 1.183457
119 1.183496
120 1.183762
121 1.182730
122 1.183203
123 1.182684
124 1.182594
125 1.183361
126 1.184422
127 1.182846
128 1.182788
129 1.183426
130 1.182723
131 1.183024
132 1.184660
133 1.182317
134 1.182115
135 1.183675
136 1.183092
137 1.184263
138 1.183880
139 1.183573
140 1.184961
141 1.183397
142 1.183115
143 1.182156
144 1.181383
145 1.184008
146 1.182676
147 1.183689
148 1.184541
149 1.182241
150 1.183506
151 1.182160
152 1.182303
153 1.182917
154 1.182695
155 1.183089
156 1.183053
157 1.181517
158 1.182870
159 1.184888
160 1.182544
161 1.183761
162 1.183903
163 1.184572
164 1.182850
165 1.184108
166 1.184358
167 1.184156
168 1.183285
169 1.183381
170 1.184067
171 1.183619
172 1.184226
173 1.183884
174 1.181753
175 1.184026
176 1.182205
177 1.182173
178 1.184032
179 1.183207
180 1.183478
181 1.183325
182 1.182956
183 1.182176
184 1.182392
185 1.182983
186 1.183472
187 1.183763
188 1.181516
189 1.181658
190 1.182723
191 1.183917
192 1.182656
193 1.182734
194 1.182624
195 1.182571
196 1.182484
197 1.183760
198 1.181981
199 1.182769
200 1.184287
201 1.183008
202 1.182705
203 1.183460
204 1.182473
205 1.182510
206 1.183402
207 1.183839
208 1.184227
209 1.182929
210 1.182613
211 1.183765
212 1.182226
213 1.183342
214 1.181830
215 1.182738
216 1.181420
217 1.181960
218 1.183397
219 1.182959
220 1.184696
221 1.183336
222 1.182950
223 1.182987
224 1.181998
225 1.182779
226 1.181576
227 1.183596
228 1.183871
229 1.182618
230 1.183513
231 1.181536
232 1.183366
233 1.181332
234 1.181883
235 1.181779
236 1.183049
237 1.182914
238 1.182882
239 1.181368
240 1.182222
241 1.183374
242 1.183153
243 1.182358
244 1.183650
245 1.184354
246 1.181930
247 1.182450
248 1.183451
249 1.184647
250 1.184138
251 1.182723
252 1.183688
253 1.183847
254 1.183106
255 1.182244
256 1.181896
257 1.181450
258 1.183042
259 1.182883
260 1.183262
261 1.183065
262 1.183805
263 1.182771
264 1.183586
265 1.182721
266 1.183534
267 1.183276
268 1.184478
269 1.184368
270 1.182598
271 1.184859
272 1.185035
273 1.183006
274 1.181714
275 1.184726
276 1.181243
277 1.182258
278 1.184082
279 1.183966
280 1.182348
281 1.184743
282 1.183622
283 1.183041
284 1.184147
285 1.182388
286 1.182850
287 1.183358
288 1.181862
289 1.183780
290 1.182603
291 1.183833
292 1.182287
293 1.182624
294 1.182744
295 1.184131
296 1.183155
297 1.182417
298 1.184126
299 1.184136
300 1.183150
301 1.183603
302 1.183416
303 1.182431
304 1.183383
305 1.183009
306 1.183980
307 1.184226
308 1.181861
309 1.184548
310 1.183740
311 1.185419
312 1.182590
313 1.182961
314 1.183765
315 1.181904
316 1.182552
317 1.182409
318 1.182919
319 1.183481
320 1.182071
321 1.183883
322 1.182077
323 1.182117
324 1.183638
325 1.181895
326 1.183031
327 1.182962
328 1.181482
329 1.182384
330 1.184737
331 1.184700
332 1.182619
333 1.183349
334 1.182989
335 1.182156
336 1.181858
337 1.183464
338 1.182525
339 1.181230
340 1.182601
341 1.183114
342 1.181820
343 1.183146
344 1.183595
345 1.182652
346 1.183024
347 1.181891
348 1.184160
349 1.183887
350 1.182284
351 1.183948
352 1.183391
353 1.181357
354 1.183339
355 1.183263
356 1.181838
357 1.181632
358 1.182652
359 1.182533
360 1.183913
361 1.183229
362 1.183271
363 1.183395
364 1.183370
365 1.182983
366 1.184213
367 1.184298
368 1.183439
369 1.181970
370 1.182163
371 1.183227
372 1.183459
373 1.183172
374 1.183929
375 1.183135
376 1.182461
377 1.182432
378 1.183105
379 1.182705
380 1.183248
381 1.183725
382 1.183015
383 1.182570
384 1.183753
385 1.181827
386 1.184519
387 1.182292
388 1.180929
389 1.180789
390 1.181794
391 1.183013
392 1.183836
393 1.183328
394 1.182278
395 1.182575
396 1.181573
397 1.183115
398 1.182804
399 1.181823
400 1.182738
401 1.182184


Active cycles: 300
k_mean: 1.183045
k_stddev(cycle): 0.000882
k_stderr(mean): 0.000051
Difference with the reference K: -0.000765, Per cent error: -0.064587
Reactivity(rho): 0.154724, pcm difference: -5.459398
Total Time: 1798.454669seconds. Average: 4.484924 seconds per cycle.
