1 0.989512
2 0.984368
3 0.982762
4 0.983028
5 0.983696
6 0.983444
7 0.982980
8 0.982242
9 0.981392
10 0.980308
11 0.979406
12 0.978044
13 0.976770
14 0.975704
15 0.974912
16 0.974060
17 0.973048
18 0.973072
19 0.972820
20 0.972808
21 0.972992
22 0.973304
23 0.974340
24 0.975172
25 0.975966
26 0.976352
27 0.976830
28 0.977774
29 0.978842
30 0.979312
31 0.979802
32 0.981172
33 0.982628
34 0.983612
35 0.985044
36 0.986292
37 0.987570
38 0.989246
39 0.990674
40 0.991896
41 0.993348
42 0.994820
43 0.997090
44 0.998556
45 1.000444
46 1.002098
47 1.003510
48 1.005166
49 1.006928
50 1.008700
51 1.010594
52 1.012388
53 1.014504
54 1.016158
55 1.018466
56 1.020384
57 1.022110
58 1.024188
59 1.026434
60 1.028140
61 1.030110
62 1.032354
63 1.034236
64 1.036310
65 1.038010
66 1.039720
67 1.041786
68 1.042956
69 1.044570
70 1.046400
71 1.048204
72 1.049580
73 1.051820
74 1.053962
75 1.055364
76 1.057012
77 1.058518
78 1.060052
79 1.061214
80 1.062674
81 1.064134
82 1.066016
83 1.067804
84 1.069362
85 1.070458
86 1.071498
87 1.073518
88 1.075006
89 1.077154
90 1.078304
91 1.079844
92 1.081458
93 1.083176
94 1.084864
95 1.086580
96 1.088656
97 1.089692
98 1.090698
99 1.091956
100 1.093606
101 1.094528
102 1.095396
103 1.096528
104 1.098416
105 1.099846
106 1.100410
107 1.100516
108 1.101220
109 1.101774
110 1.103032
111 1.104158
112 1.105048
113 1.106416
114 1.107136
115 1.107842
116 1.109174
117 1.110590
118 1.111466
119 1.112448
120 1.113294
121 1.114378
122 1.115342
123 1.115974
124 1.116714
125 1.117238
126 1.118420
127 1.119072
128 1.119808
129 1.120816
130 1.122064
131 1.122846
132 1.124290
133 1.125280
134 1.125892
135 1.127248
136 1.128068
137 1.129068
138 1.129338
139 1.129780
140 1.130490
141 1.130608
142 1.130982
143 1.131542
144 1.132186
145 1.132932
146 1.133524
147 1.134690
148 1.134948
149 1.135008
150 1.136082
151 1.137098
152 1.137256
153 1.137980
154 1.139690
155 1.140052
156 1.140828
157 1.141692
158 1.141892
159 1.142072
160 1.142616
161 1.142412
162 1.142772
163 1.143150
164 1.143614
165 1.143882
166 1.144076
167 1.144578
168 1.144868
169 1.144968
170 1.145596
171 1.146386
172 1.146664
173 1.147110
174 1.147440
175 1.147948
176 1.148698
177 1.149086
178 1.149572
179 1.149828
180 1.150324
181 1.150896
182 1.151072
183 1.151676
184 1.152300
185 1.152956
186 1.153654
187 1.153156
188 1.153956
189 1.154032
190 1.154406
191 1.154532
192 1.154470
193 1.154632
194 1.154544
195 1.154666
196 1.155654
197 1.155588
198 1.155974
199 1.155828
200 1.155646
201 1.155440
202 1.155688
203 1.156380
204 1.156808
205 1.157218
206 1.157416
207 1.157746
208 1.157694
209 1.159278
210 1.159144
211 1.159032
212 1.159130
213 1.159302
214 1.158644
215 1.158490
216 1.158948
217 1.159584
218 1.160244
219 1.160358
220 1.160672
221 1.161518
222 1.161908
223 1.161948
224 1.161900
225 1.161896
226 1.162400
227 1.162626
228 1.162790
229 1.163982
230 1.164200
231 1.163824
232 1.164650
233 1.165256
234 1.164882
235 1.164430
236 1.164310
237 1.164264
238 1.164018
239 1.164202
240 1.164728
241 1.164856
242 1.164790
243 1.164832
244 1.164908
245 1.165662
246 1.166504
247 1.166876
248 1.167082
249 1.167144
250 1.167832
251 1.168744
252 1.168662
253 1.168814
254 1.169360
255 1.169836
256 1.169964
257 1.169286
258 1.169342
259 1.169458
260 1.170132
261 1.170374
262 1.169960
263 1.170226
264 1.170764
265 1.171116
266 1.170888
267 1.171286
268 1.170958
269 1.170388
270 1.170354
271 1.169916
272 1.170252
273 1.170392
274 1.170504
275 1.170730
276 1.170916
277 1.170950
278 1.171332
279 1.171312
280 1.171986
281 1.171600
282 1.171156
283 1.171452
284 1.171396
285 1.171130
286 1.170416
287 1.170628
288 1.170900
289 1.170784
290 1.170810
291 1.171270
292 1.171620
293 1.171708
294 1.171596
295 1.171442
296 1.171820
297 1.172124
298 1.172144
299 1.172448
300 1.172736
301 1.172166
302 1.172236
303 1.172230
304 1.172330
305 1.172874
306 1.173016
307 1.172940
308 1.172308
309 1.172864
310 1.172550
311 1.173278
312 1.173662
313 1.173850
314 1.174726
315 1.175620
316 1.175384
317 1.174926
318 1.175080
319 1.175176
320 1.175740
321 1.175552
322 1.175346
323 1.175282
324 1.174746
325 1.174904
326 1.175522
327 1.175176
328 1.175002
329 1.175038
330 1.174912
331 1.174756
332 1.174918
333 1.174230
334 1.173550
335 1.174226
336 1.174850
337 1.174690
338 1.174848
339 1.174552
340 1.175006
341 1.175434
342 1.175996
343 1.176320
344 1.176596
345 1.176142
346 1.175614
347 1.175932
348 1.175466
349 1.176014
350 1.176176
351 1.176092
352 1.175960
353 1.175622
354 1.175108
355 1.175676
356 1.175836
357 1.176188
358 1.175696
359 1.175572
360 1.176136
361 1.176158
362 1.176514
363 1.176672
364 1.176658
365 1.176934
366 1.176508
367 1.176626
368 1.176564
369 1.176696
370 1.177968
371 1.178814
372 1.178940
373 1.178220
374 1.176942
375 1.176442
376 1.176454
377 1.176550
378 1.176774
379 1.176484
380 1.176424
381 1.176668
382 1.176276
383 1.176914
384 1.176732
385 1.176524
386 1.176608
387 1.176848
388 1.177262
389 1.177910
390 1.178644
391 1.178388
392 1.178634
393 1.178516
394 1.177996
395 1.177610
396 1.177286
397 1.177418
398 1.176778
399 1.176354
400 1.175808
401 1.175426
402 1.175604
403 1.175026
404 1.174896
405 1.174698
406 1.174972
407 1.174958
408 1.175004
409 1.175202
410 1.175472
411 1.175238
412 1.175480
413 1.175434
414 1.175542
415 1.175764
416 1.176144
417 1.176626
418 1.176640
419 1.176280
420 1.175904
421 1.176200
422 1.176424
423 1.176460
424 1.176870
425 1.177060
426 1.177326
427 1.176868
428 1.177008
429 1.176650
430 1.176978
431 1.177070
432 1.177078
433 1.177564
434 1.177778
435 1.178322
436 1.178294
437 1.178912
438 1.179424
439 1.179028
440 1.179594
441 1.179052
442 1.180042
443 1.179998
444 1.179684
445 1.179274
446 1.179484
447 1.179894
448 1.180350
449 1.180394
450 1.180440
451 1.180938
452 1.180430
453 1.180124
454 1.179838
455 1.179658
456 1.179898
457 1.179596
458 1.179630
459 1.179676
460 1.179410
461 1.179682
462 1.179964
463 1.180226
464 1.179532
465 1.179998
466 1.180544
467 1.180682
468 1.180832
469 1.180802
470 1.180680
471 1.180706
472 1.180556
473 1.180784
474 1.181178
475 1.180914
476 1.180802
477 1.179848
478 1.179726
479 1.179964
480 1.179812
481 1.179516
482 1.179730
483 1.179696
484 1.179758
485 1.179802
486 1.180360
487 1.180244
488 1.180086
489 1.180374
490 1.179526
491 1.178720
492 1.178894
493 1.178780
494 1.178542
495 1.178868
496 1.178772
497 1.179220
498 1.179048
499 1.178860
500 1.179002
501 1.178348
502 1.177980
503 1.177812
504 1.177984
505 1.177788
506 1.177486
507 1.177202
508 1.177966
509 1.177692
510 1.177234
511 1.177502
512 1.177154
513 1.177534
514 1.177740
515 1.177528
516 1.177472
517 1.178094
518 1.178358
519 1.178046
520 1.178324
521 1.177936
522 1.177446
523 1.177420
524 1.177004
525 1.177104
526 1.177622
527 1.177268
528 1.177240
529 1.177248
530 1.177168
531 1.177562
532 1.177574
533 1.178200
534 1.178618
535 1.178958
536 1.178992
537 1.179034
538 1.179280
539 1.179594
540 1.179718
541 1.179462
542 1.180100
543 1.180302
544 1.180114
545 1.180366
546 1.180866
547 1.181362
548 1.181560
549 1.181274
550 1.181460
551 1.181188
552 1.181100
553 1.181100
554 1.181106
555 1.180978
556 1.180460
557 1.180898
558 1.181168
559 1.180722
560 1.180224
561 1.179732
562 1.178916
563 1.178854
564 1.179302
565 1.179250
566 1.179656
567 1.179844
568 1.179876
569 1.180028
570 1.180312
571 1.180136
572 1.179888
573 1.180246
574 1.180208
575 1.179702
576 1.179212
577 1.178842
578 1.178576
579 1.178002
580 1.178740
581 1.178690
582 1.178466
583 1.178288
584 1.178232
585 1.177846
586 1.177748
587 1.177484
588 1.177550
589 1.177584
590 1.177878
591 1.178566
592 1.178424
593 1.178472
594 1.178362
595 1.178428
596 1.178954
597 1.178982
598 1.179678
599 1.180446
600 1.180234
601 1.180468
602 1.180064
603 1.180238
604 1.179994
605 1.180270
606 1.180436
607 1.180110
608 1.180068
609 1.179766
610 1.180002
611 1.180230
612 1.180180
613 1.180622
614 1.180590
615 1.180010
616 1.179818
617 1.179414
618 1.179960
619 1.179582
620 1.179150
621 1.178950
622 1.178926
623 1.178498
624 1.177848
625 1.177590
626 1.178172
627 1.178160
628 1.178978
629 1.179424
630 1.179816
631 1.179750
632 1.179250
633 1.179632
634 1.179444
635 1.180308
636 1.180620
637 1.180830
638 1.181076
639 1.181576
640 1.181722
641 1.181356
642 1.181532
643 1.182322
644 1.181688
645 1.182136
646 1.182398
647 1.182368
648 1.181916
649 1.181984
650 1.182128
651 1.181206
652 1.181208
653 1.181012
654 1.181002
655 1.181210
656 1.181408
657 1.181820
658 1.181792
659 1.182028
660 1.181732
661 1.181858
662 1.182166
663 1.182362
664 1.182234
665 1.182090
666 1.181554
667 1.181208
668 1.181098
669 1.181178
670 1.181660
671 1.182298
672 1.182908
673 1.182788
674 1.182462
675 1.181760
676 1.181548
677 1.181488
678 1.181694
679 1.181698
680 1.182102
681 1.182450
682 1.182554
683 1.182744
684 1.182504
685 1.182226
686 1.181934
687 1.182000
688 1.182542
689 1.181986
690 1.181144
691 1.180738
692 1.181180
693 1.181318
694 1.180632
695 1.180332
696 1.180316
697 1.180586
698 1.180948
699 1.180906
700 1.180514
701 1.180460
702 1.180420
703 1.181218
704 1.181724
705 1.181826
706 1.181658
707 1.181770
708 1.181486
709 1.181218
710 1.181462
711 1.181320
712 1.181072
713 1.181046
714 1.181408
715 1.182192
716 1.182376
717 1.182712
718 1.182400
719 1.182072
720 1.182552
721 1.182108
722 1.181454
723 1.181644
724 1.181574
725 1.181340
726 1.180792
727 1.181006
728 1.181282
729 1.181002
730 1.181098
731 1.181448
732 1.181204
733 1.181116
734 1.180724
735 1.181282
736 1.181356
737 1.181358
738 1.181974
739 1.182102
740 1.182658
741 1.182644
742 1.182518
743 1.182802
744 1.183320
745 1.183488
746 1.183198
747 1.183434
748 1.183244
749 1.183346
750 1.182992
751 1.183886
752 1.183564
753 1.183582
754 1.183468
755 1.183952
756 1.183830
757 1.183276
758 1.183068
759 1.183574
760 1.183388
761 1.183348
762 1.183318
763 1.182598
764 1.182654
765 1.182610
766 1.182638
767 1.182986
768 1.183544
769 1.182972
770 1.182570
771 1.182694
772 1.182388
773 1.181804
774 1.181694
775 1.181486
776 1.181636
777 1.181466
778 1.180464
779 1.180064
780 1.179708
781 1.180150
782 1.180178
783 1.180128
784 1.180426
785 1.179692
786 1.179610
787 1.180070
788 1.180928
789 1.181550
790 1.181474
791 1.181330
792 1.181842
793 1.182482
794 1.182972
795 1.182840
796 1.182592
797 1.182520
798 1.181782
799 1.181680
800 1.181166
801 1.181468
802 1.181202
803 1.180276
804 1.180486
805 1.180276
806 1.180664
807 1.181120
808 1.181466
809 1.180922
810 1.180890
811 1.181120
812 1.181922
813 1.182296
814 1.182482
815 1.182274
816 1.182036
817 1.181772
818 1.181514
819 1.181088
820 1.180744
821 1.180432
822 1.180394
823 1.180176
824 1.180574
825 1.180376
826 1.181012
827 1.180856
828 1.180766
829 1.180940
830 1.181238
831 1.181166
832 1.181330
833 1.181134
834 1.181024
835 1.181328
836 1.180976
837 1.180282
838 1.180276
839 1.181166
840 1.181920
841 1.182188
842 1.182148
843 1.181994
844 1.181974
845 1.182154
846 1.182516
847 1.182518
848 1.182648
849 1.182274
850 1.182474
851 1.182356
852 1.182282
853 1.181984
854 1.181768
855 1.181682
856 1.181210
857 1.181030
858 1.180962
859 1.180906
860 1.180614
861 1.181074
862 1.180336
863 1.180152
864 1.180336
865 1.180016
866 1.179822
867 1.179584
868 1.179604
869 1.179858
870 1.179846
871 1.179610
872 1.179990
873 1.179826
874 1.179766
875 1.179748
876 1.179288
877 1.179098
878 1.178556
879 1.179590
880 1.180248
881 1.180130
882 1.179976
883 1.180362
884 1.180592
885 1.181112
886 1.181388
887 1.182446
888 1.182426
889 1.182486
890 1.182722
891 1.183320
892 1.183270
893 1.182928
894 1.182570
895 1.182570
896 1.182886
897 1.182218
898 1.181984
899 1.181360
900 1.181652
901 1.182308
902 1.182708
903 1.182060
904 1.182312
905 1.182396
906 1.182708
907 1.183082
908 1.182802
909 1.182678
910 1.182472
911 1.182460
912 1.182382
913 1.182930
914 1.182476
915 1.182160
916 1.182240
917 1.181800
918 1.181900
919 1.181348
920 1.181548
921 1.180826
922 1.181022
923 1.181684
924 1.181700
925 1.181772
926 1.181750
927 1.181570
928 1.181368
929 1.181700
930 1.181252
931 1.181222
932 1.181358
933 1.181026
934 1.180994
935 1.180950
936 1.180930
937 1.180484
938 1.180946
939 1.181168
940 1.180908
941 1.181390
942 1.181512
943 1.181498
944 1.181642
945 1.182052
946 1.181282
947 1.180938
948 1.180468
949 1.180300
950 1.180280
951 1.180492
952 1.180070
953 1.180196
954 1.179216
955 1.178968
956 1.178740
957 1.179096
958 1.179206
959 1.179572
960 1.179442
961 1.179284
962 1.179540
963 1.180198
964 1.180846
965 1.180816
966 1.180888
967 1.180230
968 1.179618
969 1.180034
970 1.180076
971 1.180040
972 1.179462
973 1.179858
974 1.180380
975 1.179926
976 1.179694
977 1.180084
978 1.180532
979 1.180566
980 1.180344
981 1.180358
982 1.180142
983 1.180266
984 1.181310
985 1.181658
986 1.181912
987 1.181976
988 1.182356
989 1.182644
990 1.182922
991 1.182992
992 1.183012
993 1.182852
994 1.182722
995 1.182844
996 1.183046
997 1.182978
998 1.183548
999 1.182954
1000 1.183474
1001 1.183394
1002 1.183420
1003 1.182936
1004 1.183288
1005 1.183168
1006 1.183682
1007 1.183298
1008 1.183214
1009 1.183326
1010 1.183354
1011 1.183662
1012 1.184192
1013 1.184688
1014 1.184608
1015 1.184456
1016 1.184650
1017 1.185292
1018 1.185096
1019 1.185010
1020 1.185238
1021 1.185348
1022 1.184984
1023 1.184702
1024 1.184278
1025 1.184146
1026 1.184168
1027 1.184318
1028 1.184042
1029 1.183720
1030 1.183166
1031 1.183372
1032 1.183504
1033 1.182894
1034 1.183538
1035 1.183040
1036 1.182760
1037 1.182782
1038 1.183338
1039 1.183188
1040 1.183234
1041 1.183358
1042 1.183372
1043 1.183092
1044 1.183328
1045 1.183046
1046 1.183110
1047 1.182522
1048 1.182366
1049 1.182550
1050 1.181790
1051 1.181826
1052 1.182058
1053 1.181678
1054 1.181474
1055 1.181314
1056 1.180952
1057 1.180852
1058 1.180344
1059 1.180694
1060 1.180948
1061 1.180790
1062 1.180752
1063 1.180238
1064 1.180558
1065 1.180576
1066 1.179788
1067 1.179378
1068 1.179048
1069 1.178880
1070 1.179076
1071 1.179546
1072 1.179070
1073 1.179466
1074 1.180058
1075 1.180488
1076 1.180184
1077 1.180342
1078 1.180078
1079 1.180378
1080 1.180626
1081 1.180150
1082 1.180328
1083 1.179922
1084 1.179480
1085 1.179416
1086 1.180078
1087 1.180582
1088 1.180500
1089 1.181280
1090 1.181982
1091 1.182046
1092 1.182444
1093 1.182872
1094 1.183432
1095 1.183200
1096 1.182586
1097 1.182050
1098 1.182352
1099 1.182332
1100 1.182248
1101 1.182760
1102 1.182320
1103 1.181482
1104 1.181418
1105 1.180838
1106 1.181166
1107 1.180834
1108 1.180554
1109 1.181014
1110 1.181196
1111 1.180988
1112 1.181332
1113 1.181534
1114 1.181784
1115 1.181560
1116 1.181354
1117 1.182010
1118 1.181636
1119 1.181640
1120 1.181814
1121 1.182112
1122 1.182042
1123 1.182276
1124 1.182382
1125 1.182292
1126 1.182384
1127 1.182382
1128 1.182696
1129 1.182886
1130 1.182590
1131 1.182832
1132 1.183470
1133 1.183128
1134 1.183762
1135 1.183378
1136 1.183084
1137 1.182684
1138 1.182532
1139 1.182744
1140 1.183010
1141 1.182736
1142 1.183496
1143 1.183538
1144 1.183484
1145 1.183342
1146 1.183058
1147 1.183030
1148 1.182790
1149 1.183130
1150 1.182360
1151 1.182378
1152 1.182394
1153 1.182666
1154 1.182788
1155 1.182320
1156 1.182630
1157 1.182550
1158 1.182802
1159 1.183424
1160 1.184076
1161 1.184228
1162 1.184322
1163 1.184202
1164 1.183996
1165 1.184308
1166 1.183994
1167 1.184354
1168 1.184388
1169 1.183940
1170 1.183860
1171 1.183528
1172 1.183558
1173 1.184228
1174 1.184242
1175 1.184690
1176 1.184216
1177 1.183760
1178 1.183938
1179 1.183972
1180 1.184142
1181 1.184018
1182 1.183656
1183 1.184000
1184 1.184194
1185 1.183874
1186 1.183508
1187 1.183526
1188 1.183240
1189 1.184160
1190 1.184250
1191 1.184526
1192 1.184890
1193 1.184746
1194 1.184264
1195 1.184656
1196 1.185014
1197 1.185754
1198 1.186172
1199 1.185908
1200 1.185572
1201 1.184802
1202 1.184638
1203 1.184512
1204 1.184228
1205 1.184184
1206 1.184292
1207 1.184186
1208 1.183984
1209 1.184242
1210 1.183784
1211 1.183736
1212 1.183588
1213 1.183262
1214 1.183076
1215 1.182554
1216 1.182350
1217 1.182404
1218 1.182414
1219 1.182498
1220 1.182950
1221 1.182382
1222 1.181774
1223 1.181788
1224 1.181744
1225 1.181554
1226 1.182044
1227 1.182144
1228 1.181882
1229 1.182140
1230 1.182518
1231 1.182560
1232 1.182632
1233 1.182486
1234 1.182404
1235 1.181926
1236 1.181840
1237 1.181910
1238 1.182092
1239 1.182612
1240 1.182198
1241 1.182152
1242 1.182450
1243 1.182004
1244 1.181746
1245 1.181920
1246 1.182564
1247 1.181876
1248 1.182424
1249 1.182684
1250 1.182774
1251 1.183028
1252 1.182902
1253 1.182834
1254 1.182938
1255 1.182234
1256 1.182536
1257 1.183106
1258 1.183232
1259 1.182944
1260 1.183218
1261 1.183026
1262 1.183900
1263 1.183956
1264 1.184020
1265 1.184052
1266 1.183310
1267 1.183226
1268 1.183130
1269 1.183720
1270 1.182788
1271 1.182802
1272 1.182426
1273 1.183228
1274 1.183344
1275 1.183542
1276 1.183266
1277 1.183378
1278 1.183190
1279 1.183080
1280 1.182848
1281 1.182602
1282 1.182668
1283 1.182502
1284 1.182760
1285 1.182820
1286 1.182804
1287 1.182522
1288 1.182810
1289 1.182416
1290 1.182128
1291 1.182274
1292 1.182162
1293 1.182414
1294 1.182472
1295 1.182126
1296 1.182032
1297 1.181990
1298 1.181548
1299 1.181622
1300 1.181602
1301 1.180992
1302 1.180948
1303 1.181296
1304 1.181724
1305 1.181740
1306 1.181976
1307 1.181410
1308 1.181202
1309 1.181328
1310 1.181594
1311 1.181840
1312 1.181880
1313 1.182382
1314 1.182390
1315 1.182546
1316 1.182714
1317 1.183124
1318 1.183460
1319 1.183256
1320 1.183558
1321 1.183710
1322 1.183674
1323 1.183632
1324 1.182908
1325 1.183060
1326 1.182700
1327 1.182686
1328 1.183018
1329 1.183792
1330 1.183828
1331 1.184060
1332 1.184092
1333 1.184110
1334 1.183828
1335 1.183980
1336 1.184234
1337 1.183230
1338 1.183178
1339 1.183202
1340 1.183218
1341 1.183472
1342 1.183866
1343 1.183824
1344 1.184444
1345 1.183612
1346 1.183656
1347 1.182854
1348 1.182396
1349 1.181506
1350 1.181110
1351 1.182226
1352 1.181964
1353 1.182354
1354 1.182504
1355 1.182836
1356 1.182582
1357 1.182966
1358 1.182942
1359 1.182926
1360 1.182402
1361 1.182058
1362 1.182536
1363 1.182892
1364 1.182752
1365 1.182140
1366 1.181786
1367 1.181518
1368 1.181212
1369 1.181402
1370 1.182118
1371 1.182772
1372 1.182426
1373 1.182560
1374 1.182512
1375 1.182350
1376 1.182246
1377 1.182578
1378 1.181962
1379 1.181448
1380 1.181012
1381 1.180816
1382 1.180478
1383 1.180930
1384 1.181118
1385 1.181154
1386 1.181652
1387 1.181530
1388 1.181750
1389 1.182430
1390 1.181988
1391 1.181848
1392 1.181716
1393 1.181928
1394 1.182268
1395 1.182120
1396 1.181570
1397 1.181644
1398 1.182004
1399 1.182520
1400 1.182090
1401 1.182288
1402 1.181540
1403 1.181512
1404 1.181704
1405 1.181336
1406 1.181248
1407 1.181392
1408 1.181252
1409 1.182088
1410 1.182162
1411 1.182878
1412 1.182668
1413 1.182802
1414 1.182790
1415 1.183186
1416 1.183508
1417 1.183804
1418 1.183528
1419 1.183170
1420 1.182748
1421 1.181946
1422 1.181710
1423 1.181920
1424 1.181646
1425 1.181414
1426 1.181038
1427 1.180626
1428 1.181014
1429 1.180856
1430 1.180620
1431 1.180900
1432 1.181222
1433 1.180898
1434 1.180462
1435 1.180238
1436 1.180140
1437 1.180482
1438 1.180662
1439 1.180624
1440 1.180410
1441 1.180460
1442 1.181034
1443 1.180778
1444 1.180374
1445 1.180102
1446 1.180150
1447 1.180390
1448 1.180204
1449 1.180006
1450 1.180516
1451 1.180554
1452 1.179800
1453 1.179618
1454 1.179600
1455 1.179662
1456 1.179550
1457 1.179568
1458 1.179590
1459 1.178958
1460 1.179312
1461 1.180024
1462 1.179632
1463 1.179470
1464 1.179104
1465 1.179110
1466 1.179344
1467 1.179410
1468 1.179492
1469 1.179570
1470 1.179528
1471 1.179768
1472 1.180096
1473 1.179758
1474 1.179282
1475 1.179400
1476 1.179892
1477 1.180474
1478 1.180896
1479 1.180952
1480 1.181060
1481 1.181360
1482 1.181894
1483 1.181378
1484 1.181736
1485 1.181602
1486 1.181558
1487 1.181710
1488 1.182026
1489 1.181786
1490 1.182072
1491 1.182226
1492 1.182344
1493 1.182872
1494 1.182914
1495 1.182702
1496 1.182290
1497 1.182364
1498 1.182392
1499 1.182502
1500 1.182092
1501 1.182210
1502 1.181978
1503 1.182286
1504 1.182082
1505 1.182344
1506 1.182252
1507 1.181914
1508 1.181774
1509 1.181780
1510 1.181796
1511 1.181954
1512 1.181910
1513 1.181736
1514 1.181934
1515 1.182110
1516 1.182640
1517 1.182554
1518 1.182408
1519 1.183006
1520 1.183408
1521 1.183438
1522 1.183048
1523 1.182396
1524 1.182942
1525 1.182232
1526 1.182178
1527 1.182236
1528 1.182670
1529 1.182412
1530 1.182692
1531 1.182382
1532 1.182938
1533 1.183232
1534 1.183242
1535 1.183292
1536 1.183210
1537 1.183150
1538 1.183392
1539 1.182814
1540 1.182614
1541 1.182536
1542 1.182482
1543 1.182334
1544 1.182522
1545 1.182846
1546 1.183244
1547 1.183216
1548 1.182618
1549 1.182438
1550 1.183286
1551 1.183912
1552 1.183796
1553 1.183636
1554 1.183574
1555 1.183202
1556 1.183668
1557 1.183392
1558 1.183158
1559 1.183846
1560 1.183990
1561 1.183846
1562 1.183500
1563 1.182934
1564 1.182700
1565 1.182836
1566 1.183286
1567 1.182820
1568 1.182904
1569 1.183052
1570 1.183358
1571 1.182932
1572 1.182804
1573 1.182856
1574 1.182602
1575 1.182980
1576 1.183036
1577 1.183196
1578 1.183230
1579 1.183284
1580 1.183984
1581 1.183668
1582 1.183522
1583 1.183532
1584 1.183766
1585 1.184196
1586 1.184030
1587 1.183638
1588 1.183088
1589 1.183504
1590 1.183044
1591 1.182596
1592 1.182394
1593 1.182154
1594 1.182054
1595 1.182006
1596 1.182518
1597 1.182840
1598 1.183340
1599 1.182660
1600 1.182392
1601 1.182718
1602 1.182658
1603 1.182354
1604 1.182204
1605 1.182808
1606 1.182538
1607 1.182186
1608 1.182070
1609 1.182122
1610 1.182440
1611 1.182044
1612 1.182056
1613 1.181620
1614 1.181380
1615 1.181604
1616 1.181692
1617 1.182114
1618 1.181660
1619 1.181440
1620 1.181802
1621 1.181494
1622 1.181242
1623 1.181120
1624 1.181700
1625 1.181780
1626 1.181466
1627 1.181902
1628 1.181600
1629 1.181342
1630 1.181396
1631 1.181166
1632 1.180686
1633 1.180670
1634 1.180546
1635 1.181166
1636 1.181422
1637 1.181788
1638 1.181588
1639 1.181932
1640 1.182022
1641 1.182366
1642 1.183160
1643 1.183614
1644 1.183622
1645 1.183348
1646 1.182490
1647 1.182680
1648 1.181810
1649 1.182084
1650 1.181920
1651 1.182152
1652 1.181968
1653 1.182208
1654 1.182034
1655 1.182750
1656 1.182654
1657 1.182920
1658 1.182906
1659 1.183074
1660 1.183398
1661 1.182564
1662 1.182752
1663 1.183444
1664 1.183038
1665 1.183044
1666 1.182676
1667 1.182374
1668 1.182220
1669 1.181900
1670 1.182028
1671 1.182538
1672 1.183134
1673 1.182864
1674 1.182666
1675 1.183110
1676 1.183338
1677 1.183354
1678 1.183452
1679 1.183382
1680 1.183392
1681 1.183426
1682 1.183730
1683 1.183994
1684 1.183898
1685 1.183876
1686 1.183750
1687 1.184200
1688 1.184380
1689 1.184052
1690 1.184634
1691 1.183876
1692 1.183020
1693 1.183622
1694 1.183182
1695 1.183112
1696 1.183314
1697 1.183076
1698 1.183200
1699 1.183404
1700 1.183842
1701 1.183288
1702 1.183092
1703 1.183444
1704 1.183624
1705 1.182880
1706 1.182870
1707 1.183798
1708 1.183874
1709 1.184042
1710 1.184276
1711 1.184356
1712 1.184662
1713 1.184868
1714 1.184720
1715 1.184798
1716 1.184682
1717 1.184446
1718 1.184176
1719 1.184542
1720 1.184692
1721 1.184092
1722 1.184388
1723 1.183694
1724 1.183168
1725 1.184150
1726 1.183558
1727 1.182898
1728 1.182640
1729 1.182182
1730 1.182322
1731 1.180972
1732 1.181016
1733 1.181192
1734 1.180896
1735 1.181302
1736 1.181400
1737 1.181350
1738 1.181652
1739 1.181796
1740 1.181528
1741 1.181246
1742 1.180890
1743 1.181150
1744 1.181516
1745 1.181200
1746 1.181444
1747 1.181306
1748 1.181988
1749 1.181970
1750 1.181422
1751 1.181546
1752 1.181760
1753 1.181636
1754 1.181534
1755 1.181902
1756 1.182124
1757 1.182042
1758 1.182144
1759 1.182690
1760 1.183136
1761 1.182750
1762 1.183322
1763 1.183330
1764 1.183418
1765 1.183520
1766 1.183972
1767 1.184360
1768 1.184466
1769 1.184710
1770 1.184048
1771 1.183636
1772 1.183130
1773 1.182658
1774 1.182744
1775 1.182464
1776 1.182320
1777 1.182300
1778 1.182152
1779 1.182766
1780 1.182392
1781 1.182514
1782 1.182602
1783 1.182810
1784 1.182212
1785 1.182826
1786 1.182352
1787 1.181660
1788 1.181796
1789 1.181284
1790 1.181534
1791 1.181468
1792 1.182166
1793 1.181424
1794 1.182016
1795 1.181512
1796 1.182154
1797 1.181392
1798 1.181714
1799 1.182200
1800 1.182228
1801 1.181678
1802 1.181224
1803 1.181104
1804 1.181212
1805 1.180996
1806 1.180426
1807 1.180396
1808 1.180516
1809 1.180820
1810 1.180848
1811 1.180796
1812 1.180980
1813 1.180918
1814 1.182276
1815 1.182788
1816 1.181740
1817 1.181900
1818 1.182132
1819 1.182072
1820 1.182770
1821 1.181840
1822 1.182132
1823 1.182862
1824 1.182672
1825 1.182222
1826 1.182142
1827 1.181670
1828 1.181902
1829 1.181456
1830 1.181020
1831 1.181136
1832 1.181186
1833 1.181954
1834 1.182172
1835 1.182426
1836 1.182838
1837 1.182390
1838 1.182492
1839 1.182362
1840 1.182932
1841 1.183318
1842 1.183122
1843 1.183684
1844 1.183254
1845 1.183432
1846 1.183348
1847 1.183148
1848 1.183212
1849 1.183290
1850 1.184036
1851 1.183584
1852 1.183582
1853 1.182992
1854 1.183426
1855 1.184208
1856 1.184092
1857 1.183728
1858 1.183860
1859 1.183926
1860 1.182868
1861 1.183064
1862 1.182542
1863 1.182472
1864 1.182408
1865 1.182618
1866 1.182302
1867 1.182086
1868 1.181998
1869 1.181836
1870 1.181942
1871 1.182046
1872 1.182460
1873 1.182236
1874 1.182132
1875 1.182182
1876 1.182436
1877 1.182104
1878 1.182786
1879 1.182772
1880 1.182554
1881 1.182260
1882 1.182666
1883 1.182262
1884 1.181524
1885 1.182088
1886 1.182268
1887 1.182004
1888 1.182234
1889 1.181938
1890 1.182292
1891 1.182512
1892 1.182856
1893 1.183154
1894 1.182748
1895 1.183116
1896 1.182610
1897 1.182774
1898 1.183158
1899 1.182916
1900 1.183028
1901 1.183476
1902 1.183558
1903 1.183416
1904 1.183878
1905 1.184336
1906 1.184334
1907 1.184124
1908 1.183956
1909 1.183964
1910 1.183986
1911 1.183906
1912 1.184020
1913 1.184954
1914 1.184690
1915 1.184616
1916 1.184608
1917 1.184384
1918 1.184478
1919 1.184900
1920 1.184310
1921 1.184256
1922 1.183628
1923 1.183462
1924 1.183754
1925 1.183320
1926 1.183438
1927 1.183876
1928 1.184462
1929 1.184434
1930 1.184160
1931 1.184010
1932 1.184066
1933 1.183784
1934 1.183438
1935 1.183502
1936 1.183924
1937 1.184336
1938 1.184010
1939 1.184300
1940 1.184562
1941 1.184558
1942 1.184504
1943 1.184280
1944 1.184436
1945 1.184352
1946 1.184496
1947 1.184284
1948 1.183970
1949 1.183156
1950 1.183206
1951 1.183092
1952 1.182592
1953 1.182034
1954 1.181784
1955 1.182174
1956 1.182718
1957 1.182658
1958 1.182504
1959 1.182470
1960 1.183792
1961 1.183290
1962 1.183154
1963 1.183122
1964 1.183006
1965 1.182826
1966 1.182052
1967 1.181952
1968 1.182020
1969 1.181578
1970 1.181446
1971 1.181608
1972 1.181626
1973 1.181508
1974 1.181358
1975 1.181354
1976 1.181480
1977 1.181704
1978 1.181426
1979 1.181460
1980 1.182194
1981 1.182220
1982 1.182012
1983 1.182184
1984 1.182696
1985 1.182342
1986 1.182636
1987 1.182842
1988 1.183096
1989 1.183438
1990 1.183666
1991 1.182836
1992 1.182732
1993 1.182408
1994 1.182540
1995 1.182540
1996 1.181936
1997 1.182724
1998 1.182798
1999 1.182576
2000 1.182568
2001 1.182746
2002 1.182470
2003 1.182460
2004 1.182408
2005 1.182376
2006 1.182588
2007 1.182672
2008 1.183106
2009 1.183164
2010 1.183424
2011 1.183472
2012 1.183598
2013 1.183508
2014 1.183150
2015 1.182966
2016 1.183486
2017 1.183254
2018 1.183682
2019 1.183530
2020 1.183906
2021 1.183592
2022 1.182742
2023 1.183046
2024 1.183046
2025 1.183430
2026 1.183372
2027 1.183318
2028 1.183036
2029 1.183398
2030 1.182646
2031 1.183112
2032 1.183116
2033 1.183398
2034 1.183374
2035 1.183216
2036 1.183666
2037 1.183150
2038 1.183150
2039 1.182972
2040 1.183048
2041 1.183272
2042 1.183222
2043 1.183488
2044 1.183708
2045 1.183662
2046 1.183534
2047 1.183590
2048 1.182988
2049 1.183026
2050 1.183248
2051 1.183340
2052 1.183186
2053 1.183014
2054 1.182458
2055 1.181728
2056 1.181784
2057 1.182138
2058 1.181798
2059 1.181846
2060 1.182080
2061 1.182580
2062 1.182410
2063 1.182404
2064 1.181730
2065 1.182438
2066 1.182060
2067 1.182824
2068 1.183354
2069 1.182778
2070 1.183228
2071 1.183202
2072 1.182734
2073 1.183092
2074 1.183428
2075 1.183374
2076 1.183348
2077 1.184156
2078 1.184176
2079 1.184232
2080 1.183868
2081 1.183666
2082 1.183516
2083 1.183406
2084 1.182776
2085 1.182754
2086 1.182738
2087 1.182582
2088 1.182476
2089 1.182242
2090 1.182152
2091 1.182272
2092 1.181982
2093 1.182476
2094 1.182682
2095 1.182400
2096 1.182504
2097 1.182094
2098 1.182266
2099 1.181888
2100 1.181362
2101 1.182170
2102 1.182360
2103 1.182534
2104 1.182660
2105 1.182852
2106 1.183424
2107 1.183040
2108 1.182774
2109 1.182956
2110 1.183138
2111 1.183072
2112 1.182654
2113 1.181906
2114 1.182178
2115 1.182834
2116 1.183094
2117 1.183188
2118 1.183412
2119 1.183166
2120 1.183200
2121 1.183682
2122 1.183930
2123 1.183288
2124 1.183072
2125 1.183090
2126 1.183024
2127 1.183414
2128 1.183584
2129 1.183176
2130 1.183466
2131 1.183426
2132 1.183340
2133 1.182792
2134 1.183076
2135 1.182600
2136 1.182474
2137 1.182752
2138 1.182856
2139 1.182440
2140 1.182052
2141 1.181630
2142 1.182520
2143 1.182704
2144 1.182608
2145 1.183086
2146 1.182830
2147 1.182770
2148 1.182934
2149 1.183010
2150 1.183098
2151 1.183688
2152 1.183508
2153 1.183796
2154 1.184170
2155 1.184374
2156 1.184526
2157 1.184168
2158 1.184330
2159 1.184736
2160 1.184500
2161 1.184274
2162 1.183992
2163 1.183822
2164 1.183670
2165 1.183350
2166 1.182996
2167 1.183092
2168 1.183410
2169 1.183376
2170 1.183690
2171 1.183568
2172 1.183658
2173 1.183490
2174 1.183108
2175 1.183428
2176 1.183398
2177 1.183288
2178 1.183662
2179 1.183350
2180 1.183564
2181 1.183642
2182 1.183416
2183 1.182970
2184 1.182416
2185 1.183080
2186 1.182680
2187 1.182400
2188 1.182722
2189 1.182772
2190 1.182594
2191 1.182774
2192 1.182580
2193 1.183208
2194 1.182902
2195 1.183144
2196 1.182644
2197 1.183010
2198 1.182670
2199 1.182996
2200 1.183014
2201 1.183094
2202 1.183554
2203 1.182788
2204 1.182638
2205 1.182384
2206 1.182072
2207 1.181424
2208 1.181128
2209 1.180810
2210 1.180414
2211 1.180414
2212 1.180242
2213 1.180170
2214 1.180280
2215 1.180022
2216 1.180104
2217 1.180510
2218 1.180578
2219 1.180276
2220 1.181006
2221 1.181360
2222 1.181036
2223 1.181360
2224 1.181532
2225 1.182246
2226 1.182558
2227 1.183376
2228 1.182986
2229 1.183572
2230 1.183544
2231 1.184216
2232 1.184444
2233 1.184306
2234 1.183640
2235 1.183874
2236 1.184184
2237 1.184344
2238 1.184728
2239 1.184514
2240 1.184480
2241 1.184290
2242 1.184140
2243 1.183938
2244 1.183678
2245 1.183624
2246 1.183272
2247 1.183106
2248 1.183332
2249 1.183496
2250 1.183172
2251 1.183556
2252 1.183568
2253 1.183318
2254 1.183162
2255 1.183522
2256 1.183050
2257 1.183530
2258 1.184338
2259 1.184310
2260 1.184278
2261 1.183516
2262 1.183488
2263 1.182854
2264 1.182550
2265 1.182314
2266 1.182596
2267 1.182342
2268 1.182002
2269 1.182418
2270 1.182284
2271 1.182662
2272 1.182592
2273 1.182212
2274 1.181902
2275 1.182166
2276 1.181820
2277 1.181812
2278 1.182226
2279 1.182324
2280 1.181930
2281 1.182368
2282 1.182992
2283 1.183384
2284 1.183908
2285 1.183534
2286 1.183392
2287 1.183360
2288 1.183676
2289 1.183040
2290 1.183342
2291 1.182918
2292 1.182716
2293 1.183186
2294 1.183696
2295 1.183466
2296 1.183246
2297 1.183640
2298 1.183260
2299 1.183372
2300 1.183474
2301 1.183442
2302 1.184216
2303 1.183390
2304 1.182878
2305 1.182518
2306 1.181830
2307 1.181422
2308 1.181624
2309 1.181154
2310 1.181120
2311 1.180690
2312 1.180730
2313 1.180646
2314 1.181142
2315 1.181412
2316 1.181936
2317 1.181938
2318 1.182208
2319 1.182600
2320 1.182106
2321 1.181624
2322 1.181954
2323 1.181832
2324 1.181934
2325 1.182226
2326 1.182788
2327 1.182862
2328 1.183346
2329 1.182950
2330 1.183508
2331 1.183240
2332 1.183668
2333 1.184064
2334 1.184306
2335 1.184144
2336 1.184176
2337 1.184156
2338 1.184006
2339 1.183948
2340 1.183984
2341 1.183798
2342 1.183838
2343 1.184002
2344 1.183390
2345 1.183388
2346 1.183056
2347 1.183078
2348 1.183264
2349 1.183146
2350 1.183600
2351 1.184076
2352 1.184190
2353 1.183892
2354 1.184014
2355 1.183652
2356 1.183490
2357 1.184190
2358 1.184158
2359 1.184324
2360 1.184202
2361 1.183826
2362 1.184010
2363 1.184138
2364 1.184036
2365 1.183842
2366 1.184058
2367 1.184498
2368 1.184104
2369 1.184200
2370 1.183804
2371 1.183692
2372 1.183718
2373 1.184110
2374 1.184522
2375 1.184338
2376 1.184810
2377 1.184672
2378 1.184294
2379 1.184530
2380 1.184330
2381 1.184034
2382 1.184206
2383 1.183774
2384 1.183388
2385 1.183642
2386 1.183586
2387 1.184088
2388 1.183698
2389 1.183568
2390 1.183754
2391 1.184158
2392 1.184244
2393 1.184150
2394 1.183846
2395 1.184050
2396 1.183906
2397 1.184246
2398 1.184648
2399 1.185006
2400 1.184984
2401 1.185378
2402 1.185066
2403 1.185324
2404 1.185394
2405 1.185018
2406 1.184768
2407 1.184724
2408 1.184962
2409 1.184952
2410 1.184744
2411 1.184234
2412 1.182904
2413 1.182606
2414 1.182298
2415 1.182154
2416 1.182594
2417 1.182892
2418 1.182548
2419 1.183236
2420 1.183112
2421 1.183140
2422 1.183152
2423 1.182602
2424 1.182730
2425 1.182434
2426 1.182530
2427 1.182820
2428 1.183328
2429 1.183330
2430 1.183696
2431 1.183150
2432 1.183380
2433 1.183326
2434 1.183168
2435 1.182636
2436 1.182158
2437 1.181718
2438 1.180920
2439 1.181096
2440 1.181082
2441 1.180770
2442 1.180654
2443 1.180768
2444 1.180666
2445 1.180066
2446 1.180596
2447 1.180926
2448 1.180836
2449 1.180994
2450 1.180682
2451 1.181456
2452 1.181740
2453 1.181994
2454 1.181880
2455 1.182180
2456 1.181976
2457 1.182526
2458 1.181440
2459 1.181794
2460 1.182160
2461 1.181684
2462 1.181128
2463 1.181154
2464 1.180806
2465 1.180514
2466 1.180978
2467 1.181210
2468 1.182086
2469 1.182168
2470 1.181434
2471 1.181346
2472 1.181788
2473 1.182172
2474 1.182410
2475 1.182466
2476 1.182358
2477 1.182086
2478 1.181636
2479 1.182656
2480 1.182140
2481 1.181688
2482 1.181662
2483 1.182130
2484 1.182460
2485 1.182156
2486 1.182030
2487 1.181988
2488 1.181986
2489 1.182600
2490 1.182978
2491 1.183708
2492 1.183706
2493 1.183728
2494 1.183738
2495 1.183434
2496 1.183312
2497 1.183062
2498 1.183254
2499 1.183496
2500 1.183220
2501 1.183306


Active cycles: 1000
k_mean: 1.182845
k_stddev(cycle): 0.001001
k_stderr(mean): 0.000032
