1 0.989512
2 0.984434
3 0.982784
4 0.982998
5 0.983850
6 0.983698
7 0.983026
8 0.982454
9 0.981364
10 0.979910
11 0.979032
12 0.977758
13 0.976832
14 0.975664
15 0.975318
16 0.974802
17 0.974054
18 0.973372
19 0.973392
20 0.973260
21 0.973456
22 0.973642
23 0.973720
24 0.974460
25 0.975356
26 0.975684
27 0.976314
28 0.977192
29 0.977456
30 0.977220
31 0.978104
32 0.978570
33 0.979982
34 0.980944
35 0.981862
36 0.983036
37 0.984726
38 0.986274
39 0.987310
40 0.988372
41 0.989206
42 0.991236
43 0.993238
44 0.995018
45 0.996920
46 0.998978
47 1.000890
48 1.001948
49 1.003656
50 1.005676
51 1.008230
52 1.010342
53 1.012712
54 1.014448
55 1.016098
56 1.018164
57 1.019952
58 1.021416
59 1.023270
60 1.025158
61 1.026782
62 1.028686
63 1.030748
64 1.032878
65 1.034380
66 1.036414
67 1.037646
68 1.039418
69 1.041716
70 1.043336
71 1.045122
72 1.047572
73 1.049960
74 1.052034
75 1.053440
76 1.054890
77 1.056574
78 1.058628
79 1.060026
80 1.061224
81 1.062866
82 1.064704
83 1.066272
84 1.067782
85 1.069462
86 1.071260
87 1.071868
88 1.073358
89 1.075332
90 1.077520
91 1.079034
92 1.080314
93 1.081232
94 1.082268
95 1.084042
96 1.086118
97 1.087620
98 1.088868
99 1.089940
100 1.091386
101 1.092876
102 1.094498
103 1.095792
104 1.096326
105 1.097284
106 1.098348
107 1.099802
108 1.101716
109 1.102670
110 1.103476
111 1.105390
112 1.106158
113 1.107330
114 1.108374
115 1.109848
116 1.110762
117 1.111526
118 1.112304
119 1.113770
120 1.114248
121 1.115544
122 1.116520
123 1.117192
124 1.118246
125 1.118426
126 1.118558
127 1.119362
128 1.119874
129 1.121080
130 1.122014
131 1.122756
132 1.123818
133 1.124926
134 1.126754
135 1.127632
136 1.128846
137 1.129872
138 1.130228
139 1.130498
140 1.131140
141 1.131712
142 1.132384
143 1.133302
144 1.133990
145 1.134946
146 1.135640
147 1.135898
148 1.136440
149 1.136712
150 1.136984
151 1.137262
152 1.137668
153 1.138016
154 1.138304
155 1.138264
156 1.140056
157 1.140166
158 1.140490
159 1.141618
160 1.141554
161 1.141850
162 1.142560
163 1.142914
164 1.143206
165 1.143434
166 1.144040
167 1.144612
168 1.145404
169 1.146298
170 1.146668
171 1.147394
172 1.147692
173 1.147758
174 1.148482
175 1.148722
176 1.149180
177 1.149762
178 1.150152
179 1.151148
180 1.151782
181 1.151438
182 1.151922
183 1.152366
184 1.152992
185 1.153738
186 1.153812
187 1.154370
188 1.154826
189 1.155026
190 1.155658
191 1.155730
192 1.156244
193 1.156408
194 1.156920
195 1.157166
196 1.157368
197 1.158020
198 1.158792
199 1.158750
200 1.159030
201 1.159848
202 1.160398
203 1.160834
204 1.161096
205 1.161004
206 1.161504
207 1.162010
208 1.162104
209 1.161892
210 1.162534
211 1.162960
212 1.162868
213 1.163498
214 1.163486
215 1.163246
216 1.163574
217 1.164266
218 1.164356
219 1.165104
220 1.165408
221 1.165562
222 1.165232
223 1.165512
224 1.165480
225 1.165546
226 1.165426
227 1.165662
228 1.165592
229 1.165186
230 1.164742
231 1.165184
232 1.164938
233 1.165488
234 1.165550
235 1.165348
236 1.165808
237 1.165994
238 1.165928
239 1.165852
240 1.166276
241 1.166580
242 1.166430
243 1.165986
244 1.165862
245 1.166010
246 1.165570
247 1.165762
248 1.165826
249 1.165718
250 1.165370
251 1.165540
252 1.165752
253 1.165918
254 1.166386
255 1.166678
256 1.166810
257 1.167084
258 1.167120
259 1.167496
260 1.167594
261 1.167502
262 1.167462
263 1.168632
264 1.168734
265 1.168744
266 1.168816
267 1.168854
268 1.169452
269 1.169934
270 1.170052
271 1.170306
272 1.170552
273 1.170718
274 1.170154
275 1.169856
276 1.170052
277 1.170774
278 1.170494
279 1.170422
280 1.170232
281 1.170938
282 1.170620
283 1.170716
284 1.170774
285 1.171794
286 1.171900
287 1.171788
288 1.171578
289 1.170782
290 1.170602
291 1.170276
292 1.170568
293 1.170300
294 1.170148
295 1.170452
296 1.170946
297 1.171156
298 1.171372
299 1.171026
300 1.171580
301 1.172006
302 1.171792
303 1.171506
304 1.171530
305 1.171762
306 1.172546
307 1.172116
308 1.172794
309 1.173026
310 1.173132
311 1.173134
312 1.172654
313 1.172582
314 1.172798
315 1.173534
316 1.173646
317 1.172798
318 1.172664
319 1.173092
320 1.172894
321 1.172956
322 1.173222
323 1.173426
324 1.173282
325 1.173650
326 1.173930
327 1.173560
328 1.173834
329 1.173628
330 1.173430
331 1.173058
332 1.173828
333 1.174948
334 1.175056
335 1.175250
336 1.175336
337 1.175236
338 1.175282
339 1.175446
340 1.175744
341 1.175320
342 1.175488
343 1.174936
344 1.174130
345 1.173940
346 1.173806
347 1.173930
348 1.174242
349 1.174626
350 1.175166
351 1.175852
352 1.176044
353 1.176254
354 1.175942
355 1.176290
356 1.176334
357 1.176376
358 1.175964
359 1.175660
360 1.175624
361 1.175272
362 1.175820
363 1.176048
364 1.176254
365 1.176494
366 1.176588
367 1.176568
368 1.176690
369 1.176780
370 1.177312
371 1.176970
372 1.177484
373 1.176978
374 1.177360
375 1.177748
376 1.177740
377 1.177836
378 1.177158
379 1.176868
380 1.176846
381 1.177128
382 1.177632
383 1.177980
384 1.178346
385 1.178510
386 1.178212
387 1.178100
388 1.178122
389 1.178742
390 1.178512
391 1.177880
392 1.178562
393 1.179082
394 1.178970
395 1.178534
396 1.178558
397 1.178668
398 1.178606
399 1.179080
400 1.179200
401 1.179452
402 1.179772
403 1.180264
404 1.180086
405 1.179426
406 1.179434
407 1.179072
408 1.178778
409 1.178212
410 1.178148
411 1.177770
412 1.178104
413 1.178686
414 1.179068
415 1.178680
416 1.178514
417 1.179182
418 1.179466
419 1.179064
420 1.179272
421 1.178680
422 1.178802
423 1.179368
424 1.179676
425 1.179456
426 1.179262
427 1.179730
428 1.179644
429 1.179440
430 1.179592
431 1.179248
432 1.178724
433 1.178902
434 1.179610
435 1.179482
436 1.178850
437 1.179216
438 1.178934
439 1.179220
440 1.178738
441 1.179128
442 1.179686
443 1.180288
444 1.179850
445 1.179770
446 1.179602
447 1.179568
448 1.179652
449 1.179372
450 1.178688
451 1.178126
452 1.178258
453 1.178180
454 1.177854
455 1.178048
456 1.177358
457 1.176802
458 1.177258
459 1.177482
460 1.177600
461 1.177748
462 1.178112
463 1.178780
464 1.179096
465 1.179296
466 1.179780
467 1.179882
468 1.179778
469 1.180130
470 1.180818
471 1.181536
472 1.181504
473 1.181134
474 1.181148
475 1.181156
476 1.180250
477 1.179958
478 1.179818
479 1.179660
480 1.179760
481 1.179742
482 1.180066
483 1.179884
484 1.179998
485 1.180434
486 1.179390
487 1.178854
488 1.178670
489 1.178612
490 1.178116
491 1.178074
492 1.178740
493 1.178886
494 1.178910
495 1.179552
496 1.179846
497 1.179640
498 1.179606
499 1.179840
500 1.179630
501 1.179992
502 1.180408
503 1.180226
504 1.180470
505 1.180436
506 1.180196
507 1.180076
508 1.179680
509 1.178880
510 1.178868
511 1.178914
512 1.179622
513 1.179090
514 1.178930
515 1.179214
516 1.179850
517 1.180610
518 1.181062
519 1.181330
520 1.181946
521 1.182592
522 1.182590
523 1.182580
524 1.182662
525 1.182846
526 1.182600
527 1.181830
528 1.181848
529 1.181988
530 1.181598
531 1.181344
532 1.181576
533 1.181488
534 1.181094
535 1.181042
536 1.180772
537 1.180486
538 1.179998
539 1.179582
540 1.179608
541 1.179246
542 1.178922
543 1.179200
544 1.178558
545 1.178550
546 1.179410
547 1.179694
548 1.179312
549 1.179884
550 1.179808
551 1.180510
552 1.180146
553 1.179886
554 1.179494
555 1.179300
556 1.179264
557 1.179512
558 1.178572
559 1.178292
560 1.177980
561 1.177238
562 1.177078
563 1.177298
564 1.177044
565 1.177498
566 1.177940
567 1.177740
568 1.177980
569 1.178124
570 1.178314
571 1.177760
572 1.177356
573 1.177596
574 1.177822
575 1.177582
576 1.177232
577 1.177284
578 1.177376
579 1.177876
580 1.178016
581 1.178626
582 1.178784
583 1.178356
584 1.178598
585 1.178826
586 1.179328
587 1.179790
588 1.180168
589 1.179922
590 1.179744
591 1.180004
592 1.180218
593 1.179580
594 1.179080
595 1.179090
596 1.178788
597 1.178906
598 1.179432
599 1.179368
600 1.179102
601 1.179284
602 1.180000
603 1.180184
604 1.179918
605 1.180064
606 1.180190
607 1.180326
608 1.179906
609 1.179888
610 1.180756
611 1.180588
612 1.180820
613 1.181190
614 1.181062
615 1.181484
616 1.180990
617 1.181162
618 1.181292
619 1.180740
620 1.180964
621 1.181140
622 1.180318
623 1.180504
624 1.179974
625 1.180042
626 1.179754
627 1.179994
628 1.180384
629 1.180576
630 1.180510
631 1.180400
632 1.180972
633 1.180728
634 1.180942
635 1.181222
636 1.181014
637 1.181020
638 1.180918
639 1.181040
640 1.180678
641 1.180670
642 1.180446
643 1.180290
644 1.180436
645 1.180270
646 1.179938
647 1.179852
648 1.179600
649 1.179352
650 1.179586
651 1.179466
652 1.179322
653 1.178802
654 1.178954
655 1.179864
656 1.178956
657 1.179534
658 1.180042
659 1.180372
660 1.180100
661 1.179766
662 1.179296
663 1.179252
664 1.179068
665 1.179594
666 1.180108
667 1.180826
668 1.181048
669 1.181586
670 1.181934
671 1.181352
672 1.181014
673 1.180802
674 1.180850
675 1.180938
676 1.180976
677 1.181028
678 1.181324
679 1.181368
680 1.181452
681 1.181752
682 1.181500
683 1.181540
684 1.181874
685 1.182080
686 1.181968
687 1.181330
688 1.180910
689 1.181102
690 1.181312
691 1.181272
692 1.180698
693 1.180440
694 1.180622
695 1.180602
696 1.180902
697 1.180890
698 1.181248
699 1.181134
700 1.180572
701 1.180052
702 1.179472
703 1.179330
704 1.179870
705 1.179860
706 1.179300
707 1.179494
708 1.179966
709 1.180154
710 1.179828
711 1.179970
712 1.180078
713 1.180366
714 1.179778
715 1.179984
716 1.180158
717 1.180132
718 1.179882
719 1.179358
720 1.179298
721 1.179498
722 1.179570
723 1.180156
724 1.180256
725 1.179782
726 1.180282
727 1.179786
728 1.180398
729 1.180390
730 1.180258
731 1.179820
732 1.179980
733 1.179810
734 1.179448
735 1.179156
736 1.179402
737 1.178768
738 1.178142
739 1.177996
740 1.178300
741 1.178816
742 1.179282
743 1.180188
744 1.180836
745 1.181452
746 1.181814
747 1.182128
748 1.181970
749 1.181934
750 1.182086
751 1.182230
752 1.182410
753 1.182232
754 1.182246
755 1.181942
756 1.181672
757 1.182102
758 1.182102
759 1.182040
760 1.181724
761 1.181300
762 1.181512
763 1.180902
764 1.181624
765 1.181830
766 1.181588
767 1.181754
768 1.181732
769 1.181666
770 1.181640
771 1.181480
772 1.181848
773 1.181616
774 1.181584
775 1.181568
776 1.181880
777 1.181636
778 1.181204
779 1.181112
780 1.180862
781 1.181582
782 1.181570
783 1.181484
784 1.181926
785 1.181960
786 1.182148
787 1.181766
788 1.181874
789 1.182066
790 1.182410
791 1.182332
792 1.181924
793 1.182146
794 1.182238
795 1.182196
796 1.181942
797 1.181410
798 1.180986
799 1.180356
800 1.180332
801 1.180480
802 1.180144
803 1.180596
804 1.180610
805 1.180094
806 1.179442
807 1.179382
808 1.179692
809 1.180104
810 1.180396
811 1.181198
812 1.181330
813 1.180878
814 1.180772
815 1.181120
816 1.181648
817 1.181134
818 1.181254
819 1.180442
820 1.180964
821 1.181110
822 1.181050
823 1.181282
824 1.182164
825 1.182348
826 1.181848
827 1.181314
828 1.180946
829 1.180696
830 1.180396
831 1.180860
832 1.181098
833 1.181752
834 1.181950
835 1.182066
836 1.182190
837 1.181674
838 1.181636
839 1.181374
840 1.181184
841 1.181060
842 1.180900
843 1.180916
844 1.180992
845 1.180584
846 1.180878
847 1.181016
848 1.180606
849 1.181122
850 1.181400
851 1.181210
852 1.180856
853 1.180734
854 1.181024
855 1.181404
856 1.181448
857 1.181726
858 1.181458
859 1.181158
860 1.181344
861 1.181104
862 1.180820
863 1.181156
864 1.181442
865 1.181582
866 1.181424
867 1.181592
868 1.181916
869 1.182160
870 1.181968
871 1.182384
872 1.182036
873 1.182744
874 1.182984
875 1.183438
876 1.182974
877 1.182944
878 1.182790
879 1.182550
880 1.182552
881 1.182690
882 1.182828
883 1.183084
884 1.183126
885 1.182720
886 1.182484
887 1.182758
888 1.182510
889 1.182120
890 1.182108
891 1.181652
892 1.182098
893 1.182294
894 1.182474
895 1.182190
896 1.182464
897 1.182938
898 1.182978
899 1.183036
900 1.183178
901 1.182698
902 1.182838
903 1.182728
904 1.183068
905 1.183292
906 1.183236
907 1.182864
908 1.182786
909 1.183278
910 1.183254
911 1.183672
912 1.183488
913 1.183584
914 1.184056
915 1.184372
916 1.184384
917 1.184326
918 1.184348
919 1.184840
920 1.184738
921 1.184640
922 1.184410
923 1.184022
924 1.183362
925 1.182580
926 1.182124
927 1.181708
928 1.181352
929 1.181542
930 1.181854
931 1.182070
932 1.182364
933 1.182348
934 1.182296
935 1.182052
936 1.182062
937 1.182284
938 1.182668
939 1.183152
940 1.183694
941 1.183270
942 1.183574
943 1.184130
944 1.184344
945 1.183982
946 1.183782
947 1.183568
948 1.183120
949 1.183046
950 1.182998
951 1.182744
952 1.182400
953 1.182398
954 1.182186
955 1.182710
956 1.182298
957 1.182336
958 1.181854
959 1.181376
960 1.181406
961 1.181392
962 1.180624
963 1.181212
964 1.181908
965 1.182354
966 1.182618
967 1.182686
968 1.182908
969 1.183618
970 1.183730
971 1.183338
972 1.183226
973 1.183018
974 1.183320
975 1.183576
976 1.183542
977 1.183888
978 1.184486
979 1.184198
980 1.183726
981 1.183826
982 1.183438
983 1.183720
984 1.183400
985 1.183482
986 1.183354
987 1.183284
988 1.183698
989 1.183832
990 1.183594
991 1.183352
992 1.183764
993 1.183868
994 1.184000
995 1.183690
996 1.184104
997 1.184186
998 1.183928
999 1.183412
1000 1.183982
1001 1.183676
1002 1.183860
1003 1.183782
1004 1.184212
1005 1.183358
1006 1.183136
1007 1.183456
1008 1.183360
1009 1.183166
1010 1.183428
1011 1.183314
1012 1.183314
1013 1.182786
1014 1.183440
1015 1.183482
1016 1.183506
1017 1.183050
1018 1.183082
1019 1.182842
1020 1.182904
1021 1.183206
1022 1.182858
1023 1.182610
1024 1.182690
1025 1.182784
1026 1.182710
1027 1.182740
1028 1.183186
1029 1.182538
1030 1.182510
1031 1.181964
1032 1.182232
1033 1.181872
1034 1.182140
1035 1.182452
1036 1.182900
1037 1.183150
1038 1.183204
1039 1.183138
1040 1.182786
1041 1.182842
1042 1.182226
1043 1.181896
1044 1.181930
1045 1.182002
1046 1.182668
1047 1.182700
1048 1.182708
1049 1.182972
1050 1.183462
1051 1.183618
1052 1.183778
1053 1.183336
1054 1.183482
1055 1.183216
1056 1.182660
1057 1.182694
1058 1.182552
1059 1.183286
1060 1.182896
1061 1.183190
1062 1.182966
1063 1.182694
1064 1.183306
1065 1.182754
1066 1.182456
1067 1.181856
1068 1.181422
1069 1.181606
1070 1.181552
1071 1.182072
1072 1.181944
1073 1.182348
1074 1.182614
1075 1.182960
1076 1.183272
1077 1.182844
1078 1.182798
1079 1.183160
1080 1.182562
1081 1.181950
1082 1.182254
1083 1.181664
1084 1.181360
1085 1.181166
1086 1.181128
1087 1.181494
1088 1.181758
1089 1.181516
1090 1.181848
1091 1.181712
1092 1.181762
1093 1.182240
1094 1.182220
1095 1.182330
1096 1.182442
1097 1.181926
1098 1.182410
1099 1.182782
1100 1.183300
1101 1.183092
1102 1.182806
1103 1.182782
1104 1.181966
1105 1.182128
1106 1.182364
1107 1.181954
1108 1.182462
1109 1.182302
1110 1.182354
1111 1.181536
1112 1.181660
1113 1.182714
1114 1.182130
1115 1.182266
1116 1.182718
1117 1.182606
1118 1.182616
1119 1.182608
1120 1.182136
1121 1.182392
1122 1.182312
1123 1.182714
1124 1.182872
1125 1.182216
1126 1.181654
1127 1.181032
1128 1.181392
1129 1.181998
1130 1.182306
1131 1.182118
1132 1.182652
1133 1.182876
1134 1.182602
1135 1.182380
1136 1.182900
1137 1.182806
1138 1.183144
1139 1.182836
1140 1.182356
1141 1.182048
1142 1.182170
1143 1.182376
1144 1.183108
1145 1.183730
1146 1.183328
1147 1.183358
1148 1.183628
1149 1.184048
1150 1.184000
1151 1.184344
1152 1.184342
1153 1.184398
1154 1.184448
1155 1.184628
1156 1.184800
1157 1.184542
1158 1.184224
1159 1.184200
1160 1.184218
1161 1.184050
1162 1.183912
1163 1.183958
1164 1.183802
1165 1.183962
1166 1.183946
1167 1.183892
1168 1.183736
1169 1.183572
1170 1.182838
1171 1.182622
1172 1.182728
1173 1.183216
1174 1.183720
1175 1.184122
1176 1.183566
1177 1.183358
1178 1.183092
1179 1.183162
1180 1.183100
1181 1.183120
1182 1.182724
1183 1.182504
1184 1.182182
1185 1.182624
1186 1.183078
1187 1.182938
1188 1.183392
1189 1.182664
1190 1.182792
1191 1.182394
1192 1.182608
1193 1.182380
1194 1.182498
1195 1.182516
1196 1.182272
1197 1.182502
1198 1.182026
1199 1.182036
1200 1.182152
1201 1.182612
1202 1.182618
1203 1.183204
1204 1.183596
1205 1.183528
1206 1.183572
1207 1.183910
1208 1.184124
1209 1.183500
1210 1.183978
1211 1.184118
1212 1.183926
1213 1.183792
1214 1.183466
1215 1.183688
1216 1.183590
1217 1.183810
1218 1.183068
1219 1.182714
1220 1.182604
1221 1.182178
1222 1.182448
1223 1.182546
1224 1.182290
1225 1.182336
1226 1.182150
1227 1.182656
1228 1.182628
1229 1.182854
1230 1.182278
1231 1.182106
1232 1.181700
1233 1.182004
1234 1.182454
1235 1.182816
1236 1.183052
1237 1.183520
1238 1.183384
1239 1.183036
1240 1.182916
1241 1.183406
1242 1.183666
1243 1.183120
1244 1.183614
1245 1.183534
1246 1.183598
1247 1.183318
1248 1.183760
1249 1.183978
1250 1.184110
1251 1.184798
1252 1.184260
1253 1.184638
1254 1.184702
1255 1.184612
1256 1.184518
1257 1.184412
1258 1.184764
1259 1.184950
1260 1.184574
1261 1.184780
1262 1.184594
1263 1.184374
1264 1.184210
1265 1.184026
1266 1.183476
1267 1.183572
1268 1.183560
1269 1.183396
1270 1.184050
1271 1.183106
1272 1.182928
1273 1.182926
1274 1.182508
1275 1.183044
1276 1.182530
1277 1.182854
1278 1.182754
1279 1.182458
1280 1.182620
1281 1.181912
1282 1.181414
1283 1.181650
1284 1.181838
1285 1.181794
1286 1.181990
1287 1.181784
1288 1.182006
1289 1.182214
1290 1.182028
1291 1.182162
1292 1.182120
1293 1.182206
1294 1.182466
1295 1.183442
1296 1.183432
1297 1.184026
1298 1.183922
1299 1.183706
1300 1.183650
1301 1.183906
1302 1.183878
1303 1.183532
1304 1.183354
1305 1.183112
1306 1.183198
1307 1.182632
1308 1.183084
1309 1.183148
1310 1.182486
1311 1.182096
1312 1.181982
1313 1.182250
1314 1.181840
1315 1.181420
1316 1.181424
1317 1.181200
1318 1.181650
1319 1.181906
1320 1.181832
1321 1.181908
1322 1.182652
1323 1.183168
1324 1.182542
1325 1.182026
1326 1.182280
1327 1.182466
1328 1.182202
1329 1.183076
1330 1.182898
1331 1.182772
1332 1.182354
1333 1.182566
1334 1.183090
1335 1.183256
1336 1.183482
1337 1.183006
1338 1.182820
1339 1.182854
1340 1.183734
1341 1.183786
1342 1.183714
1343 1.183714
1344 1.183434
1345 1.182994
1346 1.183502
1347 1.183438
1348 1.183430
1349 1.183554
1350 1.183544
1351 1.183324
1352 1.183560
1353 1.183130
1354 1.183728
1355 1.184008
1356 1.183860
1357 1.183902
1358 1.183044
1359 1.182552
1360 1.182148
1361 1.182426
1362 1.181948
1363 1.182396
1364 1.183074
1365 1.182912
1366 1.183118
1367 1.183402
1368 1.183326
1369 1.183084
1370 1.183268
1371 1.182120
1372 1.182070
1373 1.181820
1374 1.181832
1375 1.182600
1376 1.183204
1377 1.182792
1378 1.183258
1379 1.183356
1380 1.183132
1381 1.182924
1382 1.182706
1383 1.182678
1384 1.182676
1385 1.182574
1386 1.182724
1387 1.183020
1388 1.182926
1389 1.181920
1390 1.182106
1391 1.182244
1392 1.182594
1393 1.182554
1394 1.182228
1395 1.182088
1396 1.182204
1397 1.182410
1398 1.181790
1399 1.181906
1400 1.181624
1401 1.181646
1402 1.181534
1403 1.181326
1404 1.181404
1405 1.181394
1406 1.181742
1407 1.182054
1408 1.181818
1409 1.181818
1410 1.181840
1411 1.182782
1412 1.182904
1413 1.183164
1414 1.183026
1415 1.182432
1416 1.181582
1417 1.181498
1418 1.181630
1419 1.182200
1420 1.182114
1421 1.182362
1422 1.182762
1423 1.182746
1424 1.183596
1425 1.183354
1426 1.183568
1427 1.183312
1428 1.183506
1429 1.182928
1430 1.183166
1431 1.183256
1432 1.183386
1433 1.183502
1434 1.183288
1435 1.183190
1436 1.183302
1437 1.183792
1438 1.183768
1439 1.184010
1440 1.183326
1441 1.183168
1442 1.183288
1443 1.183570
1444 1.183832
1445 1.184264
1446 1.183942
1447 1.184010
1448 1.183692
1449 1.183540
1450 1.183390
1451 1.183124
1452 1.182608
1453 1.182468
1454 1.181832
1455 1.181782
1456 1.182212
1457 1.182674
1458 1.182272
1459 1.182036
1460 1.181832
1461 1.181972
1462 1.182382
1463 1.181800
1464 1.180912
1465 1.181168
1466 1.180572
1467 1.180600
1468 1.180322
1469 1.180962
1470 1.181006
1471 1.181392
1472 1.181666
1473 1.181610
1474 1.181952
1475 1.181756
1476 1.181892
1477 1.181368
1478 1.181542
1479 1.181296
1480 1.181066
1481 1.180232
1482 1.180022
1483 1.180066
1484 1.180364
1485 1.180636
1486 1.180830
1487 1.181436
1488 1.181104
1489 1.181504
1490 1.182108
1491 1.182520
1492 1.182032
1493 1.182272
1494 1.182180
1495 1.181718
1496 1.182272
1497 1.183084
1498 1.183192
1499 1.183222
1500 1.183420
1501 1.183628
1502 1.183328
1503 1.183036
1504 1.183086
1505 1.183078
1506 1.183212
1507 1.183114
1508 1.183398
1509 1.182990
1510 1.182732
1511 1.182916
1512 1.182576
1513 1.182836
1514 1.183026
1515 1.182856
1516 1.183332
1517 1.183612
1518 1.183338
1519 1.183498
1520 1.182544
1521 1.182704
1522 1.182170
1523 1.182978
1524 1.182876
1525 1.182846
1526 1.182148
1527 1.182272
1528 1.182208
1529 1.181982
1530 1.181844
1531 1.182070
1532 1.182028
1533 1.181078
1534 1.181134
1535 1.181524
1536 1.180968
1537 1.181150
1538 1.181112
1539 1.181294
1540 1.181080
1541 1.181012
1542 1.181354
1543 1.180858
1544 1.180868
1545 1.181158
1546 1.180798
1547 1.180872
1548 1.181278
1549 1.181586
1550 1.182064
1551 1.182218
1552 1.181978
1553 1.181788
1554 1.180878
1555 1.181116
1556 1.181656
1557 1.181610
1558 1.181960
1559 1.181970
1560 1.182294
1561 1.181584
1562 1.181242
1563 1.180884
1564 1.180720
1565 1.181182
1566 1.181342
1567 1.181888
1568 1.182462
1569 1.182372
1570 1.183088
1571 1.183126
1572 1.183406
1573 1.183624
1574 1.183424
1575 1.182982
1576 1.182886
1577 1.183088
1578 1.183462
1579 1.183300
1580 1.183140
1581 1.181982
1582 1.181718
1583 1.181962
1584 1.182046
1585 1.182664
1586 1.182608
1587 1.182630
1588 1.182722
1589 1.183252
1590 1.183612
1591 1.183412
1592 1.183386
1593 1.183488
1594 1.183486
1595 1.183210
1596 1.183700
1597 1.183448
1598 1.183102
1599 1.183636
1600 1.183412
1601 1.183230
1602 1.183652
1603 1.183600
1604 1.183490
1605 1.183466
1606 1.182954
1607 1.183000
1608 1.183140
1609 1.182342
1610 1.181874
1611 1.181942
1612 1.182082
1613 1.182866
1614 1.182308
1615 1.182002
1616 1.182530
1617 1.183126
1618 1.182682
1619 1.182522
1620 1.182620
1621 1.183308
1622 1.183180
1623 1.182912
1624 1.183526
1625 1.183412
1626 1.183864
1627 1.183818
1628 1.184120
1629 1.184142
1630 1.184254
1631 1.183674
1632 1.184004
1633 1.183682
1634 1.184204
1635 1.184386
1636 1.184190
1637 1.183928
1638 1.183944
1639 1.183974
1640 1.184550
1641 1.184170
1642 1.184558
1643 1.183860
1644 1.183298
1645 1.183450
1646 1.183142
1647 1.183616
1648 1.182622
1649 1.182640
1650 1.182468
1651 1.182368
1652 1.182874
1653 1.182928
1654 1.183318
1655 1.183688
1656 1.183898
1657 1.183428
1658 1.183490
1659 1.183374
1660 1.182924
1661 1.182994
1662 1.183238
1663 1.183494
1664 1.183638
1665 1.183756
1666 1.183966
1667 1.183820
1668 1.184284
1669 1.183878
1670 1.183690
1671 1.183116
1672 1.183340
1673 1.182842
1674 1.183028
1675 1.183004
1676 1.183018
1677 1.182842
1678 1.182866
1679 1.182352
1680 1.182758
1681 1.183388
1682 1.183576
1683 1.183302
1684 1.183082
1685 1.182862
1686 1.183510
1687 1.183410
1688 1.183814
1689 1.183580
1690 1.183248
1691 1.183966
1692 1.183640
1693 1.183680
1694 1.183642
1695 1.183910
1696 1.183684
1697 1.182960
1698 1.182990
1699 1.183074
1700 1.183276
1701 1.183180
1702 1.182824
1703 1.183512
1704 1.183930
1705 1.183826
1706 1.183524
1707 1.183332
1708 1.183364
1709 1.183268
1710 1.183362
1711 1.183602
1712 1.183752
1713 1.183070
1714 1.183288
1715 1.183684
1716 1.184142
1717 1.183462
1718 1.183196
1719 1.183162
1720 1.182266
1721 1.181982
1722 1.182652
1723 1.181898
1724 1.181776
1725 1.182546
1726 1.182152
1727 1.182572
1728 1.182990
1729 1.182862
1730 1.183210
1731 1.183210
1732 1.182848
1733 1.183070
1734 1.183138
1735 1.183540
1736 1.183162
1737 1.182794
1738 1.183458
1739 1.183768
1740 1.183860
1741 1.183666
1742 1.183510
1743 1.183058
1744 1.182782
1745 1.182380
1746 1.182056
1747 1.182268
1748 1.181836
1749 1.181496
1750 1.181128
1751 1.181270
1752 1.181484
1753 1.181474
1754 1.181724
1755 1.182176
1756 1.182240
1757 1.182390
1758 1.181900
1759 1.181544
1760 1.181208
1761 1.181424
1762 1.182006
1763 1.182524
1764 1.182960
1765 1.182582
1766 1.182332
1767 1.182260
1768 1.182564
1769 1.182344
1770 1.182052
1771 1.181636
1772 1.181538
1773 1.181810
1774 1.182080
1775 1.181412
1776 1.181908
1777 1.181722
1778 1.181718
1779 1.182332
1780 1.182338
1781 1.182182
1782 1.182358
1783 1.182026
1784 1.181210
1785 1.181220
1786 1.181170
1787 1.181322
1788 1.181080
1789 1.181382
1790 1.181668
1791 1.181338
1792 1.181412
1793 1.181298
1794 1.181632
1795 1.181546
1796 1.181546
1797 1.181130
1798 1.180124
1799 1.180980
1800 1.181188
1801 1.181802
1802 1.181856
1803 1.181488
1804 1.181378
1805 1.181642
1806 1.181616
1807 1.181818
1808 1.182634
1809 1.182290
1810 1.182718
1811 1.182772
1812 1.181866
1813 1.181740
1814 1.181770
1815 1.181800
1816 1.181796
1817 1.181998
1818 1.181946
1819 1.182074
1820 1.181614
1821 1.181354
1822 1.181742
1823 1.181262
1824 1.181076
1825 1.180408
1826 1.180690
1827 1.180914
1828 1.181146
1829 1.181468
1830 1.181186
1831 1.181112
1832 1.181556
1833 1.180632
1834 1.181036
1835 1.181596
1836 1.181398
1837 1.181200
1838 1.180834
1839 1.180362
1840 1.180174
1841 1.180170
1842 1.180598
1843 1.180254
1844 1.179914
1845 1.179366
1846 1.179134
1847 1.179284
1848 1.179132
1849 1.179110
1850 1.179038
1851 1.179496
1852 1.179748
1853 1.179864
1854 1.179588
1855 1.179094
1856 1.179752
1857 1.179568
1858 1.179678
1859 1.180096
1860 1.180040
1861 1.181068
1862 1.180834
1863 1.181592
1864 1.181142
1865 1.180798
1866 1.180270
1867 1.180100
1868 1.180476
1869 1.181228
1870 1.180632
1871 1.181500
1872 1.181732
1873 1.181966
1874 1.182190
1875 1.182824
1876 1.183162
1877 1.183512
1878 1.183938
1879 1.184064
1880 1.184066
1881 1.183938
1882 1.183968
1883 1.183150
1884 1.183704
1885 1.183818
1886 1.184468
1887 1.184164
1888 1.183966
1889 1.183592
1890 1.182870
1891 1.182818
1892 1.183124
1893 1.183298
1894 1.182874
1895 1.183236
1896 1.183720
1897 1.183646
1898 1.184200
1899 1.183824
1900 1.184166
1901 1.184310
1902 1.184610
1903 1.184558
1904 1.184734
1905 1.184456
1906 1.184256
1907 1.184386
1908 1.183402
1909 1.183334
1910 1.183544
1911 1.183084
1912 1.182840
1913 1.183328
1914 1.183750
1915 1.183454
1916 1.184114
1917 1.184048
1918 1.183642
1919 1.183522
1920 1.183166
1921 1.182790
1922 1.182942
1923 1.182950
1924 1.182798
1925 1.182664
1926 1.182312
1927 1.182250
1928 1.182586
1929 1.182700
1930 1.181982
1931 1.181962
1932 1.182310
1933 1.181682
1934 1.181884
1935 1.181884
1936 1.182338
1937 1.182306
1938 1.182336
1939 1.182028
1940 1.182638
1941 1.182360
1942 1.182670
1943 1.182502
1944 1.182248
1945 1.182028
1946 1.181756
1947 1.182238
1948 1.182272
1949 1.183504
1950 1.183146
1951 1.182764
1952 1.182348
1953 1.182472
1954 1.182160
1955 1.182062
1956 1.182338
1957 1.182404
1958 1.182818
1959 1.182880
1960 1.183600
1961 1.183520
1962 1.184130
1963 1.184422
1964 1.184238
1965 1.184648
1966 1.184382
1967 1.184258
1968 1.184294
1969 1.184542
1970 1.184766
1971 1.184480
1972 1.183896
1973 1.184018
1974 1.183384
1975 1.183738
1976 1.183966
1977 1.183238
1978 1.182660
1979 1.182258
1980 1.182250
1981 1.182194
1982 1.181682
1983 1.181430
1984 1.181338
1985 1.181170
1986 1.180926
1987 1.181014
1988 1.181072
1989 1.181154
1990 1.181066
1991 1.181196
1992 1.181688
1993 1.181328
1994 1.180448
1995 1.180936
1996 1.180868
1997 1.181096
1998 1.181474
1999 1.181150
2000 1.181450
2001 1.181384
2002 1.181020
2003 1.180950
2004 1.180830
2005 1.180906
2006 1.180460
2007 1.180786
2008 1.180924
2009 1.181322
2010 1.181198
2011 1.181820
2012 1.182226
2013 1.181922
2014 1.181972
2015 1.182120
2016 1.182304
2017 1.182340
2018 1.181952
2019 1.181528
2020 1.182020
2021 1.181782
2022 1.181950
2023 1.182490
2024 1.182974
2025 1.183328
2026 1.183650
2027 1.183554
2028 1.183164
2029 1.183310
2030 1.183570
2031 1.183308
2032 1.182888
2033 1.182568
2034 1.182974
2035 1.182492
2036 1.182620
2037 1.182822
2038 1.182426
2039 1.182516
2040 1.182546
2041 1.182348
2042 1.182510
2043 1.182886
2044 1.182742
2045 1.182400
2046 1.183244
2047 1.183442
2048 1.183450
2049 1.183322
2050 1.183532
2051 1.183058
2052 1.182716
2053 1.183024
2054 1.182328
2055 1.182134
2056 1.182518
2057 1.182392
2058 1.182394
2059 1.182582
2060 1.182808
2061 1.182526
2062 1.182748
2063 1.182520
2064 1.182706
2065 1.182916
2066 1.182810
2067 1.182672
2068 1.182616
2069 1.182268
2070 1.182494
2071 1.182784
2072 1.183320
2073 1.183980
2074 1.184214
2075 1.183760
2076 1.183124
2077 1.183368
2078 1.183574
2079 1.183148
2080 1.183036
2081 1.182686
2082 1.182714
2083 1.182568
2084 1.181888
2085 1.182242
2086 1.182594
2087 1.182220
2088 1.182270
2089 1.182696
2090 1.182912
2091 1.182402
2092 1.182412
2093 1.182418
2094 1.182496
2095 1.181826
2096 1.181782
2097 1.182150
2098 1.182516
2099 1.183292
2100 1.182986
2101 1.183510
2102 1.183164
2103 1.182490
2104 1.181614
2105 1.181830
2106 1.181698
2107 1.181450
2108 1.181610
2109 1.181318
2110 1.181090
2111 1.181088
2112 1.181338
2113 1.181516
2114 1.181390
2115 1.181996
2116 1.181474
2117 1.181102
2118 1.180570
2119 1.180334
2120 1.181150
2121 1.180988
2122 1.181694
2123 1.181330
2124 1.181790
2125 1.181884
2126 1.181454
2127 1.181490
2128 1.181526
2129 1.181514
2130 1.181362
2131 1.181730
2132 1.181738
2133 1.182204
2134 1.181752
2135 1.182154
2136 1.182274
2137 1.182340
2138 1.182182
2139 1.182134
2140 1.181898
2141 1.182074
2142 1.182398
2143 1.182424
2144 1.183136
2145 1.183272
2146 1.183246
2147 1.183032
2148 1.182894
2149 1.182588
2150 1.182290
2151 1.182988
2152 1.182412
2153 1.182344
2154 1.182342
2155 1.182694
2156 1.182946
2157 1.183146
2158 1.183110
2159 1.182474
2160 1.183314
2161 1.183504
2162 1.183754
2163 1.183572
2164 1.183198
2165 1.182598
2166 1.182850
2167 1.182582
2168 1.182932
2169 1.182472
2170 1.182482
2171 1.182458
2172 1.183252
2173 1.183456
2174 1.183246
2175 1.183182
2176 1.183392
2177 1.183112
2178 1.183084
2179 1.183604
2180 1.183462
2181 1.184082
2182 1.183732
2183 1.183740
2184 1.183774
2185 1.183314
2186 1.183104
2187 1.183782
2188 1.183818
2189 1.183306
2190 1.183174
2191 1.183166
2192 1.183052
2193 1.183394
2194 1.183654
2195 1.183468
2196 1.183754
2197 1.183948
2198 1.183244
2199 1.183714
2200 1.183372
2201 1.183800
2202 1.183982
2203 1.184328
2204 1.184142
2205 1.183834
2206 1.184030
2207 1.184366
2208 1.183990
2209 1.184356
2210 1.184456
2211 1.183998
2212 1.183978
2213 1.183162
2214 1.183450
2215 1.182856
2216 1.183084
2217 1.182674
2218 1.182590
2219 1.182808
2220 1.183274
2221 1.183828
2222 1.183386
2223 1.183502
2224 1.182654
2225 1.182762
2226 1.182718
2227 1.182660
2228 1.182818
2229 1.183308
2230 1.183218
2231 1.184114
2232 1.183584
2233 1.183968
2234 1.184190
2235 1.183842
2236 1.183250
2237 1.183642
2238 1.183584
2239 1.183376
2240 1.183508
2241 1.183190
2242 1.182542
2243 1.182718
2244 1.182556
2245 1.181992
2246 1.181910
2247 1.181578
2248 1.181406
2249 1.181670
2250 1.181916
2251 1.182112
2252 1.182404
2253 1.181958
2254 1.182458
2255 1.182496
2256 1.182512
2257 1.182162
2258 1.181914
2259 1.181824
2260 1.181950
2261 1.181816
2262 1.182060
2263 1.182076
2264 1.181898
2265 1.181626
2266 1.181804
2267 1.181450
2268 1.181912
2269 1.182370
2270 1.182900
2271 1.183134
2272 1.183482
2273 1.183392
2274 1.183182
2275 1.182888
2276 1.182854
2277 1.182946
2278 1.183052
2279 1.182714
2280 1.182596
2281 1.182628
2282 1.183030
2283 1.182762
2284 1.183250
2285 1.183238
2286 1.182820
2287 1.182958
2288 1.182496
2289 1.182784
2290 1.182472
2291 1.182886
2292 1.182770
2293 1.182734
2294 1.182478
2295 1.182372
2296 1.181894
2297 1.181612
2298 1.182180
2299 1.182482
2300 1.182668
2301 1.183102
2302 1.183152
2303 1.182710
2304 1.182792
2305 1.182078
2306 1.182106
2307 1.181934
2308 1.181888
2309 1.181912
2310 1.181468
2311 1.181612
2312 1.181634
2313 1.181562
2314 1.181346
2315 1.181912
2316 1.182670
2317 1.182500
2318 1.182152
2319 1.182474
2320 1.182262
2321 1.181552
2322 1.181026
2323 1.181346
2324 1.181396
2325 1.181106
2326 1.181688
2327 1.182756
2328 1.182242
2329 1.182944
2330 1.183212
2331 1.182916
2332 1.182952
2333 1.183082
2334 1.182728
2335 1.182808
2336 1.182588
2337 1.183136
2338 1.182744
2339 1.182078
2340 1.181794
2341 1.182190
2342 1.181840
2343 1.181876
2344 1.182282
2345 1.182460
2346 1.182744
2347 1.182658
2348 1.182546
2349 1.182480
2350 1.182894
2351 1.182926
2352 1.182864
2353 1.183016
2354 1.183212
2355 1.183578
2356 1.183272
2357 1.183752
2358 1.183828
2359 1.184170
2360 1.184200
2361 1.184254
2362 1.183688
2363 1.183462
2364 1.183802
2365 1.183856
2366 1.183812
2367 1.183970
2368 1.184094
2369 1.183560
2370 1.183408
2371 1.182712
2372 1.182550
2373 1.181982
2374 1.181712
2375 1.182222
2376 1.182380
2377 1.182230
2378 1.182086
2379 1.182044
2380 1.181476
2381 1.181984
2382 1.182134
2383 1.181882
2384 1.181782
2385 1.181474
2386 1.181630
2387 1.181506
2388 1.181132
2389 1.181356
2390 1.181168
2391 1.180736
2392 1.180954
2393 1.180954
2394 1.181298
2395 1.182198
2396 1.182704
2397 1.182738
2398 1.182458
2399 1.182958
2400 1.182688
2401 1.183000
2402 1.183214
2403 1.183562
2404 1.183548
2405 1.182978
2406 1.183170
2407 1.183230
2408 1.183144
2409 1.183088
2410 1.183302
2411 1.183450
2412 1.183396
2413 1.183284
2414 1.183884
2415 1.184232
2416 1.183922
2417 1.184504
2418 1.184042
2419 1.183792
2420 1.183878
2421 1.182816
2422 1.182500
2423 1.182256
2424 1.181566
2425 1.181434
2426 1.181746
2427 1.182246
2428 1.182268
2429 1.182158
2430 1.182270
2431 1.182202
2432 1.182512
2433 1.182526
2434 1.182492
2435 1.182598
2436 1.182226
2437 1.182194
2438 1.182610
2439 1.182816
2440 1.183216
2441 1.183408
2442 1.183334
2443 1.183462
2444 1.183172
2445 1.183256
2446 1.183288
2447 1.183720
2448 1.183730
2449 1.183890
2450 1.183634
2451 1.183378
2452 1.183192
2453 1.182924
2454 1.183342
2455 1.183194
2456 1.183648
2457 1.183054
2458 1.183198
2459 1.183354
2460 1.183852
2461 1.183718
2462 1.183616
2463 1.182908
2464 1.182864
2465 1.183252
2466 1.182976
2467 1.183290
2468 1.183274
2469 1.183304
2470 1.183148
2471 1.182636
2472 1.182324
2473 1.182732
2474 1.182834
2475 1.183170
2476 1.182844
2477 1.183516
2478 1.183684
2479 1.183416
2480 1.183758
2481 1.184410
2482 1.184662
2483 1.184322
2484 1.184048
2485 1.183662
2486 1.183490
2487 1.183588
2488 1.183334
2489 1.183546
2490 1.183450
2491 1.182600
2492 1.182978
2493 1.182738
2494 1.182730
2495 1.183060
2496 1.182720
2497 1.182380
2498 1.182352
2499 1.182376
2500 1.182240
2501 1.182644


Active cycles: 1000
k_mean: 1.182595
k_stddev(cycle): 0.001015
k_stderr(mean): 0.000032
