1 0.589838
2 1.079639
3 1.110712
4 1.130370
5 1.140644
6 1.147133
7 1.155879
8 1.163818
9 1.165672
10 1.169995
11 1.170660
12 1.175301
13 1.177124
14 1.175691
15 1.177571
16 1.175433
17 1.178869
18 1.181556
19 1.180564
20 1.182411
21 1.180128
22 1.180678
23 1.177581
24 1.182089
25 1.178871
26 1.181007
27 1.183725
28 1.181158
29 1.183758
30 1.181087
31 1.180962
32 1.180708
33 1.184217
34 1.179437
35 1.181634
36 1.179210
37 1.179996
38 1.179913
39 1.182484
40 1.181080
41 1.181608
42 1.182115
43 1.181814
44 1.180493
45 1.184553
46 1.180571
47 1.184080
48 1.179915
49 1.180635
50 1.178746
51 1.182233
52 1.181840
53 1.182991
54 1.181265
55 1.181854
56 1.183689
57 1.180879
58 1.181769
59 1.180763
60 1.182825
61 1.178414
62 1.183834
63 1.180472
64 1.184499
65 1.180315
66 1.186968
67 1.181843
68 1.186384
69 1.179797
70 1.187736
71 1.180528
72 1.188498
73 1.178331
74 1.189265
75 1.177195
76 1.189490
77 1.177943
78 1.189632
79 1.177623
80 1.189329
81 1.178071
82 1.189504
83 1.175152
84 1.190309
85 1.172602
86 1.190875
87 1.177853
88 1.186578
89 1.179018
90 1.184658
91 1.180204
92 1.182707
93 1.185650
94 1.183341
95 1.186081
96 1.180230
97 1.185867
98 1.179510
99 1.181234
100 1.180540
101 1.182169
102 1.182359
103 1.182939
104 1.179127
105 1.181561
106 1.181388
107 1.183834
108 1.182567
109 1.181156
110 1.182311
111 1.179759
112 1.182657
113 1.183026
114 1.179383
115 1.182728
116 1.183415
117 1.182103
118 1.183318
119 1.183239
120 1.182382
121 1.184804
122 1.181142
123 1.183770
124 1.185027
125 1.180787
126 1.183850
127 1.180273
128 1.184812
129 1.179484
130 1.181248
131 1.180652
132 1.181400
133 1.182070
134 1.182093
135 1.182382
136 1.182595
137 1.181646
138 1.184523
139 1.183950
140 1.180888
141 1.183812
142 1.183490
143 1.183763
144 1.183647
145 1.179787
146 1.182129
147 1.181454
148 1.181615
149 1.183990
150 1.182692
151 1.179896
152 1.183299
153 1.183692
154 1.182304
155 1.181568
156 1.180905
157 1.182972
158 1.183419
159 1.183358
160 1.181312
161 1.183431
162 1.181625
163 1.184598
164 1.182131
165 1.181639
166 1.182790
167 1.181480
168 1.182844
169 1.182631
170 1.182998
171 1.184051
172 1.183765
173 1.182543
174 1.182695
175 1.185044
176 1.181213
177 1.184490
178 1.181989
179 1.183123
180 1.184051
181 1.182619
182 1.182281
183 1.183166
184 1.186656
185 1.181101
186 1.184440
187 1.181909
188 1.185579
189 1.181208
190 1.185972
191 1.182134
192 1.183128
193 1.182295
194 1.184601
195 1.183876
196 1.183460
197 1.183673
198 1.182228
199 1.184894
200 1.182472
201 1.186244
202 1.181243
203 1.184885
204 1.181028
205 1.183756
206 1.183505
207 1.182188
208 1.186005
209 1.179304
210 1.183758
211 1.180462
212 1.184615
213 1.183263
214 1.184913
215 1.184677
216 1.181625
217 1.186592
218 1.177964
219 1.187511
220 1.177126
221 1.186201
222 1.181478
223 1.182766
224 1.181319
225 1.183258
226 1.182811
227 1.181738
228 1.184326
229 1.182719
230 1.183595
231 1.181175
232 1.181864
233 1.183142
234 1.183389
235 1.184331
236 1.183947
237 1.183460
238 1.182382
239 1.183287
240 1.182434
241 1.183410
242 1.181710
243 1.181180
244 1.183218
245 1.187307
246 1.178282
247 1.187643
248 1.180218
249 1.188010
250 1.178289
251 1.186549
252 1.182342
253 1.185032
254 1.185025
255 1.184504
256 1.182382
257 1.183599
258 1.185145
259 1.182735
260 1.185261
261 1.180055
262 1.186455
263 1.180000
264 1.182915
265 1.182082
266 1.182539
267 1.187830
268 1.177903
269 1.187004
270 1.181045
271 1.184236
272 1.181994
273 1.182917
274 1.184113
275 1.183282
276 1.181601
277 1.183249
278 1.182747
279 1.185041
280 1.182430
281 1.182077
282 1.180074
283 1.182858
284 1.184319
285 1.181627
286 1.184497
287 1.183479
288 1.181651
289 1.184527
290 1.184909
291 1.182146
292 1.185209
293 1.180995
294 1.185351
295 1.180569
296 1.185148
297 1.179016
298 1.185635
299 1.180377
300 1.184224
301 1.182591
302 1.179823
303 1.182742
304 1.183436
305 1.181371
306 1.183367
307 1.181892
308 1.181513
309 1.180626
310 1.185650
311 1.181265
312 1.187409
313 1.180147
314 1.185394
315 1.181369
316 1.184286
317 1.181154
318 1.183363
319 1.183403
320 1.183135
321 1.181445
322 1.182226
323 1.184570
324 1.183415
325 1.183533
326 1.182463
327 1.182418
328 1.183457
329 1.180955
330 1.182048
331 1.182420
332 1.179404
333 1.182948
334 1.184703
335 1.184276
336 1.182558
337 1.186050
338 1.182470
339 1.183613
340 1.181693
341 1.185003
342 1.180734
343 1.188867
344 1.179049
345 1.189005
346 1.179840
347 1.187451
348 1.177183
349 1.188716
350 1.178618
351 1.189492
352 1.178220
353 1.189443
354 1.177107
355 1.190974
356 1.175720
357 1.193380
358 1.175715
359 1.193775
360 1.176598
361 1.189947
362 1.176146
363 1.192691
364 1.173733
365 1.194715
366 1.170665
367 1.196631
368 1.169552
369 1.196512
370 1.172801
371 1.197902
372 1.167301
373 1.199133
374 1.169777
375 1.194727
376 1.171550
377 1.195099
378 1.172604
379 1.194625
380 1.172973
381 1.194613
382 1.173033
383 1.193557
384 1.174903
385 1.192104
386 1.175350
387 1.193070
388 1.172123
389 1.192125
390 1.175701
391 1.192073
392 1.176376
393 1.189104
394 1.178959
395 1.189589
396 1.178855
397 1.190740
398 1.173790
399 1.193595
400 1.171307
401 1.193482
402 1.174425
403 1.195336
404 1.170537
405 1.195634
406 1.174465
407 1.189933
408 1.175980
409 1.191869
410 1.174224
411 1.191100
412 1.175720
413 1.191192
414 1.176539
415 1.191962
416 1.176061
417 1.191637
418 1.176956
419 1.187148
420 1.178585
421 1.187657
422 1.181023
423 1.187790
424 1.176683
425 1.191486
426 1.174550
427 1.188898
428 1.176856
429 1.188074
430 1.175912
431 1.184044
432 1.181338
433 1.184572
434 1.183261
435 1.183389
436 1.184944
437 1.182946
438 1.185439
439 1.181154
440 1.184776
441 1.181558
442 1.184776
443 1.180370
444 1.184255
445 1.179532
446 1.184487
447 1.185195
448 1.179683
449 1.188162
450 1.178639
451 1.186393
452 1.179072
453 1.185347
454 1.182996
455 1.182946
456 1.185998
457 1.179742
458 1.183561
459 1.183540
460 1.181449
461 1.182531
462 1.182515
463 1.182254
464 1.183718
465 1.184961
466 1.182250
467 1.185276
468 1.184120
469 1.182633
470 1.184629
471 1.182553
472 1.183213
473 1.185287
474 1.178225
475 1.182629
476 1.184828
477 1.181824
478 1.182993
479 1.184009
480 1.184085
481 1.181016
482 1.185922
483 1.180147
484 1.184759
485 1.182505
486 1.183531
487 1.182804
488 1.182290
489 1.181783
490 1.182851
491 1.181445
492 1.182891
493 1.182501
494 1.180296
495 1.183282
496 1.185332
497 1.180263
498 1.184767
499 1.181570
500 1.184295
501 1.180706
502 1.183609
503 1.182586
504 1.183462
505 1.183209
506 1.183450
507 1.184305
508 1.181341
509 1.181677
510 1.181180
511 1.183152
512 1.185122
513 1.183552
514 1.181644
515 1.185638
516 1.180206
517 1.182022
518 1.181504
519 1.182437
520 1.181750
521 1.183654
522 1.183410
523 1.184887
524 1.184118
525 1.181944
526 1.182434
527 1.184236
528 1.183692
529 1.183301
530 1.183329
531 1.182640
532 1.184080
533 1.180692
534 1.183377
535 1.185714
536 1.181014
537 1.183408
538 1.188768
539 1.177886
540 1.189743
541 1.174418
542 1.187802
543 1.180062
544 1.189878
545 1.177394
546 1.189329
547 1.178350
548 1.189933
549 1.174456
550 1.189218
551 1.177614
552 1.189966
553 1.174782
554 1.188448
555 1.178289
556 1.186609
557 1.183703
558 1.182347
559 1.183924
560 1.182082
561 1.183434
562 1.186189
563 1.182027
564 1.186287
565 1.177668
566 1.188223
567 1.178272
568 1.183786
569 1.181151
570 1.184939
571 1.181111
572 1.184584
573 1.183199
574 1.182849
575 1.184769
576 1.182278
577 1.187238
578 1.176333
579 1.185645
580 1.184802
581 1.182856
582 1.184070
583 1.181985
584 1.185512
585 1.180048
586 1.184932
587 1.181000
588 1.182835
589 1.183990
590 1.182621
591 1.182212
592 1.182851
593 1.183592
594 1.183912
595 1.180886
596 1.184002
597 1.180197
598 1.183303
599 1.181748
600 1.185389
601 1.181386


Active cycles: 400
k_mean: 1.183128
k_stddev(cycle): 0.004751
k_stderr(mean): 0.000238
Difference with the reference K: -0.000682, Per cent error: -0.057610
Reactivity(rho): 0.154783
Total Time: 2165.393894seconds. Average: 3.602985 seconds per cycle.
