1 0.591214
2 1.079221
3 1.109333
4 1.129811
5 1.140511
6 1.150319
7 1.157760
8 1.162373
9 1.165273
10 1.170304
11 1.171361
12 1.174222
13 1.173532
14 1.177387
15 1.177594
16 1.177998
17 1.178092
18 1.177844
19 1.177754
20 1.180486
21 1.180562
22 1.179402
23 1.180369
24 1.180850
25 1.181078
26 1.180275
27 1.180805
28 1.180197
29 1.182191
30 1.180964
31 1.181596
32 1.180698
33 1.181850
34 1.179882
35 1.181112
36 1.181984
37 1.182326
38 1.182234
39 1.183953
40 1.182170
41 1.183263
42 1.180380
43 1.180474
44 1.180864
45 1.182101
46 1.181657
47 1.182140
48 1.182899
49 1.181462
50 1.181599
51 1.182038
52 1.183689
53 1.182547
54 1.183077
55 1.180811
56 1.181323
57 1.179397
58 1.183502
59 1.182329
60 1.182132
61 1.183305
62 1.180852
63 1.180610
64 1.183507
65 1.183571
66 1.183816
67 1.183588
68 1.181925
69 1.181695
70 1.183310
71 1.182010
72 1.184072
73 1.181535
74 1.182254
75 1.182953
76 1.182154
77 1.183311
78 1.183374
79 1.182721
80 1.183183
81 1.183215
82 1.183534
83 1.182504
84 1.182743
85 1.183060
86 1.183137
87 1.183359
88 1.180956
89 1.181801
90 1.181646
91 1.181632
92 1.182511
93 1.180066
94 1.182675
95 1.182928
96 1.181555
97 1.182386
98 1.183703
99 1.183268
100 1.182521
101 1.183283
102 1.185121
103 1.180880
104 1.181952
105 1.182515
106 1.181916
107 1.182555
108 1.185359
109 1.182328
110 1.182515
111 1.181711
112 1.183330
113 1.183565
114 1.181617
115 1.183678
116 1.182267
117 1.182599
118 1.183710
119 1.183833
120 1.182498
121 1.182069
122 1.185334
123 1.181636
124 1.182978
125 1.182742
126 1.183774
127 1.182527
128 1.181966
129 1.183162
130 1.183051
131 1.182582
132 1.183439
133 1.182776
134 1.183404
135 1.183434
136 1.183554
137 1.184665
138 1.183359
139 1.183418
140 1.184714
141 1.182688
142 1.182888
143 1.183964
144 1.183289
145 1.183226
146 1.184838
147 1.183820
148 1.183109
149 1.183902
150 1.183821
151 1.181542
152 1.180100
153 1.181795
154 1.183762
155 1.181531
156 1.183206
157 1.182305
158 1.183452
159 1.182657
160 1.184505
161 1.184063
162 1.183213
163 1.183238
164 1.184673
165 1.183859
166 1.183105
167 1.184497
168 1.181919
169 1.184644
170 1.183005
171 1.181219
172 1.181806
173 1.183963
174 1.183684
175 1.183885
176 1.184341
177 1.182757
178 1.182137
179 1.183041
180 1.184837
181 1.183715
182 1.180922
183 1.184175
184 1.185184
185 1.183525
186 1.181843
187 1.182801
188 1.183182
189 1.185844
190 1.182476
191 1.182722
192 1.182418
193 1.183318
194 1.182333
195 1.183108
196 1.182379
197 1.182894
198 1.182385
199 1.183127
200 1.184258
201 1.185037
202 1.184094
203 1.182688
204 1.182742
205 1.182615
206 1.183246
207 1.183730
208 1.183057
209 1.183129
210 1.182339
211 1.184493
212 1.185205
213 1.182184
214 1.184103
215 1.183386
216 1.185075
217 1.182127
218 1.183019
219 1.182516
220 1.184127
221 1.183348
222 1.182942
223 1.183371
224 1.183025
225 1.182598
226 1.181785
227 1.182327
228 1.185332
229 1.182824
230 1.183232
231 1.183598
232 1.183581
233 1.181631
234 1.184475
235 1.184273
236 1.181939
237 1.183230
238 1.183945
239 1.183151
240 1.183254
241 1.182597
242 1.183019
243 1.183763
244 1.183223
245 1.182873
246 1.182527
247 1.183411
248 1.183233
249 1.182795
250 1.181254
251 1.182427
252 1.182564
253 1.184611
254 1.183105
255 1.184011
256 1.183259
257 1.183177
258 1.181903
259 1.183385
260 1.181811
261 1.183810
262 1.182710
263 1.183589
264 1.183004
265 1.183118
266 1.182916
267 1.182022
268 1.181790
269 1.184650
270 1.183402
271 1.183731
272 1.183178
273 1.184425
274 1.181616
275 1.182588
276 1.183827
277 1.182323
278 1.183764
279 1.183907
280 1.183886
281 1.183700
282 1.183488
283 1.181957
284 1.181935
285 1.181410
286 1.183300
287 1.183117
288 1.184110
289 1.183082
290 1.183089
291 1.184288
292 1.182462
293 1.183098
294 1.183671
295 1.181562
296 1.182719
297 1.182781
298 1.182769
299 1.182258
300 1.183814
301 1.183679
302 1.184220
303 1.183000
304 1.181827
305 1.183583
306 1.182151
307 1.183554
308 1.182598
309 1.183275
310 1.182179
311 1.182084
312 1.181969
313 1.182476
314 1.182649
315 1.181252
316 1.183058
317 1.181638
318 1.183079
319 1.182500
320 1.182795
321 1.181882
322 1.181058
323 1.184825
324 1.181820
325 1.182263
326 1.183341
327 1.185321
328 1.183243
329 1.183531
330 1.182815
331 1.182830
332 1.183548
333 1.182384
334 1.184695
335 1.183111
336 1.182764
337 1.183133
338 1.181774
339 1.184177
340 1.183193
341 1.182260
342 1.184236
343 1.183446
344 1.183294
345 1.182798
346 1.183975
347 1.183559
348 1.182864
349 1.182850
350 1.185929
351 1.183031
352 1.183422
353 1.183231
354 1.181838
355 1.184387
356 1.182927
357 1.183512
358 1.181874
359 1.183706
360 1.182762
361 1.182299
362 1.184965
363 1.182993
364 1.183949
365 1.183024
366 1.183765
367 1.182494
368 1.182990
369 1.183622
370 1.181894
371 1.182256
372 1.183988
373 1.183308
374 1.181663
375 1.183261
376 1.183376
377 1.183140
378 1.183572
379 1.184471
380 1.184276
381 1.184791
382 1.183516
383 1.183527
384 1.183230
385 1.183622
386 1.183947
387 1.182939
388 1.182555
389 1.183794
390 1.183372
391 1.182261
392 1.183177
393 1.183750
394 1.181974
395 1.181866
396 1.183686
397 1.184010
398 1.184011
399 1.183769
400 1.182280
401 1.183768
402 1.183732
403 1.182263
404 1.183450
405 1.183486
406 1.183656
407 1.183719
408 1.183737
409 1.181140
410 1.183001
411 1.182628
412 1.182640
413 1.181134
414 1.183436
415 1.183618
416 1.181207
417 1.183358
418 1.182406
419 1.182452
420 1.182629
421 1.183225
422 1.182518
423 1.184117
424 1.183832
425 1.182433
426 1.181126
427 1.183203
428 1.183170
429 1.183515
430 1.184223
431 1.183677
432 1.183568
433 1.183607
434 1.183167
435 1.183349
436 1.183359
437 1.182732
438 1.182722
439 1.183426
440 1.185006
441 1.183235
442 1.182837
443 1.183244
444 1.182716
445 1.183151
446 1.180910
447 1.183670
448 1.183522
449 1.182385
450 1.183742
451 1.182230
452 1.182030
453 1.181842
454 1.184519
455 1.183660
456 1.185201
457 1.183258
458 1.184931
459 1.183459
460 1.183009
461 1.183040
462 1.184217
463 1.183316
464 1.182305
465 1.182998
466 1.182776
467 1.182413
468 1.183106
469 1.182964
470 1.183213
471 1.182859
472 1.184098
473 1.182218
474 1.183466
475 1.183214
476 1.183237
477 1.182575
478 1.182198
479 1.182081
480 1.182781
481 1.182716
482 1.183263
483 1.182909
484 1.180642
485 1.181954
486 1.183264
487 1.183330
488 1.181873
489 1.183739
490 1.181108
491 1.183872
492 1.182956
493 1.183134
494 1.182963
495 1.182997
496 1.182888
497 1.182854
498 1.182898
499 1.183278
500 1.184063
501 1.183856


Active cycles: 300
k_mean: 1.183096
k_stddev(cycle): 0.000866
k_stderr(mean): 0.000050
Difference with the reference K: -0.000714, Per cent error: -0.060334
Reactivity(rho): 0.154760, pcm difference: -50.997065
Total Time: 414.775862seconds. Average: 0.827896 seconds per cycle.
