1 0.591212
2 1.078559
3 1.110691
4 1.129116
5 1.140135
6 1.150965
7 1.157225
8 1.162040
9 1.166252
10 1.168462
11 1.172679
12 1.174363
13 1.174229
14 1.176037
15 1.173728
16 1.177918
17 1.176315
18 1.179779
19 1.179133
20 1.179740
21 1.179505
22 1.180649
23 1.178678
24 1.179930
25 1.178750
26 1.181515
27 1.181002
28 1.180942
29 1.181454
30 1.181306
31 1.179489
32 1.182367
33 1.183076
34 1.182361
35 1.180931
36 1.181086
37 1.182251
38 1.181675
39 1.181677
40 1.180277
41 1.181631
42 1.182387
43 1.181815
44 1.180035
45 1.182451
46 1.181386
47 1.180396
48 1.179847
49 1.181093
50 1.181164
51 1.181699
52 1.181694
53 1.181238
54 1.182651
55 1.182997
56 1.182983
57 1.182813
58 1.181281
59 1.181467
60 1.183243
61 1.182013
62 1.183320
63 1.181673
64 1.184016
65 1.181103
66 1.181436
67 1.183749
68 1.181813
69 1.182802
70 1.181767
71 1.183447
72 1.181672
73 1.182177
74 1.181199
75 1.180810
76 1.182690
77 1.181070
78 1.183124
79 1.182223
80 1.182588
81 1.181497
82 1.181635
83 1.183196
84 1.181390
85 1.181782
86 1.178610
87 1.180440
88 1.180959
89 1.182475
90 1.182441
91 1.182239
92 1.183099
93 1.181393
94 1.181376
95 1.183772
96 1.183200
97 1.182958
98 1.182507
99 1.181002
100 1.183265
101 1.181913
102 1.182525
103 1.182723
104 1.182609
105 1.183600
106 1.181980
107 1.183037
108 1.184125
109 1.182937
110 1.183255
111 1.184166
112 1.183742
113 1.182390
114 1.182394
115 1.182706
116 1.184105
117 1.182925
118 1.183912
119 1.183967
120 1.183802
121 1.182040
122 1.182282
123 1.182905
124 1.183993
125 1.182219
126 1.183666
127 1.182342
128 1.181384
129 1.184785
130 1.181871
131 1.181158
132 1.183733
133 1.183078
134 1.183351
135 1.182972
136 1.183356
137 1.183276
138 1.182407
139 1.181815
140 1.182903
141 1.184367
142 1.182429
143 1.181910
144 1.182102
145 1.183257
146 1.184566
147 1.181643
148 1.182929
149 1.184272
150 1.184157
151 1.183077
152 1.183878
153 1.181742
154 1.181320
155 1.182730
156 1.183957
157 1.182994
158 1.183747
159 1.183082
160 1.183241
161 1.183830
162 1.182669
163 1.182279
164 1.181093
165 1.184374
166 1.181591
167 1.182614
168 1.185325
169 1.181899
170 1.182113
171 1.184236
172 1.183244
173 1.182155
174 1.181865
175 1.183223
176 1.182977
177 1.182928
178 1.181805
179 1.183353
180 1.182972
181 1.183370
182 1.182659
183 1.182578
184 1.182667
185 1.181905
186 1.183751
187 1.183796
188 1.183130
189 1.181407
190 1.182807
191 1.184641
192 1.182413
193 1.181500
194 1.181750
195 1.183351
196 1.182508
197 1.182615
198 1.183422
199 1.182357
200 1.181911
201 1.182287
202 1.185172
203 1.182776
204 1.181915
205 1.184996
206 1.182542
207 1.182456
208 1.182411
209 1.181427
210 1.183079
211 1.183559
212 1.184133
213 1.182117
214 1.181759
215 1.183814
216 1.183450
217 1.183130
218 1.183832
219 1.183161
220 1.184406
221 1.182998
222 1.183188
223 1.182804
224 1.184691
225 1.182991
226 1.182128
227 1.183287
228 1.183205
229 1.182315
230 1.182885
231 1.183051
232 1.184002
233 1.182081
234 1.183155
235 1.184564
236 1.181630
237 1.184307
238 1.183226
239 1.182059
240 1.183432
241 1.183348
242 1.183523
243 1.183165
244 1.183298
245 1.182633
246 1.183689
247 1.182131
248 1.182498
249 1.183299
250 1.183741
251 1.182476
252 1.183572
253 1.183319
254 1.181690
255 1.184119
256 1.183729
257 1.183415
258 1.182217
259 1.184023
260 1.183477
261 1.181132
262 1.182540
263 1.185525
264 1.182708
265 1.181822
266 1.181735
267 1.182177
268 1.182512
269 1.182930
270 1.182309
271 1.182961
272 1.183903
273 1.183757
274 1.184996
275 1.184272
276 1.183005
277 1.183207
278 1.182830
279 1.184418
280 1.184905
281 1.183029
282 1.184928
283 1.183774
284 1.183285
285 1.183721
286 1.182083
287 1.181973
288 1.182524
289 1.183088
290 1.184270
291 1.183485
292 1.183599
293 1.185009
294 1.184352
295 1.183106
296 1.184530
297 1.183081
298 1.181506
299 1.182207
300 1.181924
301 1.182839
302 1.182623
303 1.181811
304 1.181749
305 1.182824
306 1.182861
307 1.183918
308 1.184087
309 1.183262
310 1.184286
311 1.182899
312 1.183383
313 1.183357
314 1.182317
315 1.182672
316 1.183212
317 1.184141
318 1.184644
319 1.182819
320 1.182682
321 1.184363
322 1.182187
323 1.183110
324 1.183622
325 1.182257
326 1.184226
327 1.183223
328 1.183061
329 1.184340
330 1.184909
331 1.181840
332 1.183152
333 1.183401
334 1.183183
335 1.184058
336 1.183725
337 1.182652
338 1.184929
339 1.185109
340 1.182926
341 1.182680
342 1.183459
343 1.184107
344 1.182737
345 1.182933
346 1.183382
347 1.183816
348 1.182673
349 1.184978
350 1.182698
351 1.184266
352 1.183406
353 1.183333
354 1.182602
355 1.183056
356 1.183941
357 1.184407
358 1.184709
359 1.183096
360 1.183947
361 1.183073
362 1.181953
363 1.183723
364 1.182385
365 1.183484
366 1.183489
367 1.182370
368 1.184004
369 1.180990
370 1.182514
371 1.183199
372 1.184099
373 1.184214
374 1.183569
375 1.182975
376 1.182453
377 1.182406
378 1.183012
379 1.183144
380 1.183859
381 1.184035
382 1.183698
383 1.183996
384 1.184038
385 1.183800
386 1.184544
387 1.183463
388 1.184936
389 1.183959
390 1.183752
391 1.183787
392 1.181281
393 1.183331
394 1.183217
395 1.184042
396 1.183582
397 1.184034
398 1.183017
399 1.185349
400 1.182840
401 1.183833
402 1.182659
403 1.182273
404 1.184086
405 1.183266
406 1.184453
407 1.183251
408 1.181789
409 1.182162
410 1.184320
411 1.182087
412 1.183309
413 1.183651
414 1.183869
415 1.182861
416 1.184342
417 1.183698
418 1.181933
419 1.183603
420 1.183538
421 1.181988
422 1.183814
423 1.183030
424 1.182300
425 1.181738
426 1.182178
427 1.184148
428 1.182252
429 1.182800
430 1.181979
431 1.183064
432 1.182699
433 1.181108
434 1.182867
435 1.183046
436 1.183467
437 1.182819
438 1.183156
439 1.184354
440 1.183119
441 1.183361
442 1.183088
443 1.183106
444 1.183342
445 1.184802
446 1.182478
447 1.182378
448 1.183008
449 1.182275
450 1.182891
451 1.183274
452 1.183654
453 1.182387
454 1.183345
455 1.184006
456 1.183449
457 1.183239
458 1.183125
459 1.182559
460 1.183215
461 1.181656
462 1.184111
463 1.181562
464 1.183217
465 1.182493
466 1.182870
467 1.183567
468 1.182660
469 1.183167
470 1.182603
471 1.182885
472 1.181899
473 1.182049
474 1.183113
475 1.183333
476 1.184017
477 1.183680
478 1.182525
479 1.185957
480 1.183582
481 1.183184
482 1.182210
483 1.183219
484 1.182991
485 1.182606
486 1.184460
487 1.183573
488 1.183119
489 1.183759
490 1.181347
491 1.182972
492 1.182659
493 1.182014
494 1.183214
495 1.183077
496 1.181523
497 1.184303
498 1.183724
499 1.183361
500 1.182081
501 1.183381


Active cycles: 300
k_mean: 1.183202
k_stddev(cycle): 0.000883
k_stderr(mean): 0.000051
Difference with the reference K: -0.000608, Per cent error: -0.051324
Reactivity(rho): 0.154836, pcm difference: -43.377192
Total Time: 399.433132seconds. Average: 0.797272 seconds per cycle.
