2 0.984462
3 0.982670
4 0.982990
5 0.983620
6 0.983382
7 0.982954
8 0.981962
9 0.981204
10 0.979692
11 0.979036
12 0.977902
13 0.976912
14 0.975682
15 0.974940
16 0.974656
17 0.973526
18 0.972598
19 0.972638
20 0.973108
22 0.973122
23 0.972740
24 0.973592
25 0.974500
26 0.975282
27 0.976578
28 0.977040
29 0.977470
30 0.978276
31 0.979398
32 0.980790
33 0.981960
34 0.982764
35 0.984284
36 0.985118
37 0.986246
38 0.987880
39 0.989728
40 0.991174
42 0.993678
43 0.995894
44 0.997984
45 0.999668
46 1.001104
47 1.002836
48 1.004748
49 1.006668
50 1.008266
51 1.010558
52 1.012242
53 1.014220
54 1.016260
55 1.018644
56 1.020112
57 1.022842
58 1.024878
59 1.026054
60 1.027914
62 1.032114
63 1.033894
64 1.035766
65 1.037918
66 1.040738
67 1.042780
68 1.043536
69 1.045898
70 1.048772
71 1.050116
72 1.051530
73 1.052494
74 1.053950
75 1.056062
76 1.057864
77 1.059052
78 1.060912
79 1.062448
80 1.064434
82 1.067704
83 1.068364
84 1.069504
85 1.070904
86 1.072152
87 1.073278
88 1.075078
89 1.076816
90 1.078224
91 1.079530
92 1.081664
93 1.083708
94 1.084280
95 1.085236
96 1.086630
97 1.087640
98 1.089098
99 1.089636
100 1.090088
102 1.093050
103 1.095022
104 1.096908
105 1.098058
106 1.099638
107 1.100136
108 1.101616
109 1.102448
110 1.103366
111 1.105054
112 1.106064
113 1.107672
114 1.108588
115 1.109216
116 1.109934
117 1.110808
118 1.111990
119 1.112588
120 1.113722
122 1.115920
123 1.117222
124 1.118428
125 1.119602
126 1.120274
127 1.121230
128 1.121624
129 1.122118
130 1.123114
131 1.124486
132 1.125514
133 1.125674
134 1.126514
135 1.127250
136 1.127750
137 1.128106
138 1.128212
139 1.129072
140 1.129940
142 1.132138
143 1.132620
144 1.133720
145 1.134552
146 1.134822
147 1.135700
148 1.136712
149 1.136874
150 1.137656
151 1.138274
152 1.139118
153 1.140174
154 1.140126
155 1.140556
156 1.140754
157 1.141216
158 1.141728
159 1.141788
160 1.142218
162 1.143806
163 1.145108
164 1.144904
165 1.145146
166 1.145452
167 1.146400
168 1.147318
169 1.147732
170 1.147784
171 1.147678
172 1.148034
173 1.148956
174 1.148758
175 1.149028
176 1.148914
177 1.148432
178 1.149414
179 1.150310
180 1.151372
182 1.152176
183 1.152430
184 1.152790
185 1.153076
186 1.153322
187 1.153880
188 1.154100
189 1.154006
190 1.154610
191 1.154850
192 1.154824
193 1.154956
194 1.154986
195 1.155116
196 1.155004
197 1.155454
198 1.155592
199 1.155958
200 1.156138
202 1.156060
203 1.156388
204 1.156730
205 1.156906
206 1.157582
207 1.158302
208 1.159072
209 1.159500
210 1.160274
211 1.160658
212 1.160404
213 1.160308
214 1.160434
215 1.160470
216 1.160504
217 1.160748
218 1.160866
219 1.160536
220 1.161130
222 1.162154
223 1.162492
224 1.163144
225 1.163682
226 1.163664
227 1.164542
228 1.165424
229 1.165502
230 1.165200
231 1.165576
232 1.166082
233 1.166412
234 1.166106
235 1.166172
236 1.166348
237 1.166168
238 1.166714
239 1.167194
240 1.167014
242 1.167602
243 1.167626
244 1.168182
245 1.167834
246 1.167324
247 1.167172
248 1.167758
249 1.167306
250 1.166914
251 1.166646
252 1.167030
253 1.167300
254 1.167386
255 1.167302
256 1.167824
257 1.167544
258 1.168174
259 1.168542
260 1.169212
262 1.170064
263 1.170052
264 1.170848
265 1.170836
266 1.170876
267 1.171052
268 1.171398
269 1.171396
270 1.171062
271 1.171290
272 1.170618
273 1.170084
274 1.170304
275 1.171084
276 1.170368
277 1.170288
278 1.170392
279 1.170204
280 1.170396
282 1.171250
283 1.171730
284 1.171934
285 1.171930
286 1.171954
287 1.172134
288 1.171540
289 1.171604
290 1.171552
291 1.171646
292 1.172012
293 1.172062
294 1.172246
295 1.172112
296 1.172504
297 1.172762
298 1.173064
299 1.173050
300 1.172944
302 1.173148
303 1.172804
304 1.172302
305 1.172600
306 1.171846
307 1.172380
308 1.172250
309 1.172126
310 1.172586
311 1.173486
312 1.174180
313 1.173972
314 1.174066
315 1.174268
316 1.174146
317 1.174826
318 1.174918
319 1.175422
320 1.175548
322 1.176280
323 1.176372
324 1.176294
325 1.176288
326 1.176364
327 1.176610
328 1.176790
329 1.176746
330 1.176170
331 1.176180
332 1.176788
333 1.176494
334 1.176538
335 1.177184
336 1.177096
337 1.177072
338 1.177008
339 1.176498
340 1.176334
342 1.177156
343 1.177010
344 1.176818
345 1.176818
346 1.176752
347 1.177212
348 1.177862
349 1.177670
350 1.178198
351 1.178080
352 1.177920
353 1.178278
354 1.178028
355 1.178830
356 1.178802
357 1.178426
358 1.178048
359 1.177774
360 1.177726
362 1.177556
363 1.177670
364 1.177220
365 1.176680
366 1.176914
367 1.177370
368 1.176986
369 1.176742
370 1.176552
371 1.176046
372 1.176316
373 1.176824
374 1.176578
375 1.176150
376 1.176364
377 1.176948
378 1.176468
379 1.176836
380 1.177222
382 1.176326
383 1.176094
384 1.176520
385 1.176640
386 1.176766
387 1.176394
388 1.176366
389 1.176604
390 1.176520
391 1.176958
392 1.176934
393 1.177214
394 1.177232
395 1.176556
396 1.176484
397 1.176890
398 1.176750
399 1.176520
400 1.176454
402 1.176032
403 1.176568
404 1.176686
405 1.176952
406 1.176936
407 1.177950
408 1.177746
409 1.178442
410 1.178212
411 1.178466
412 1.178016
413 1.178022
414 1.179094
415 1.178610
416 1.178996
417 1.179526
418 1.179622
419 1.179644
420 1.179898
422 1.180902
423 1.181168
424 1.180662
425 1.180156
426 1.180036
427 1.180084
428 1.180066
429 1.180006
430 1.180124
431 1.179392
432 1.179380
433 1.178956
434 1.178904
435 1.179454
436 1.178758
437 1.179036
438 1.179364
439 1.180110
440 1.180190
442 1.180176
443 1.180468
444 1.180592
445 1.180686
446 1.180774
447 1.180680
448 1.181254
449 1.181174
450 1.181030
451 1.180682
452 1.180512
453 1.180466
454 1.180126
455 1.180322
456 1.180704
457 1.180312
458 1.180700
459 1.180748
460 1.180546
462 1.180502
463 1.180010
464 1.180350
465 1.180442
466 1.180006
467 1.180362
468 1.179926
469 1.179466
470 1.179722
471 1.180322
472 1.180404
473 1.180580
474 1.180936
475 1.180314
476 1.180312
477 1.180296
478 1.180316
479 1.179968
480 1.180030
482 1.180440
483 1.181002
484 1.181342
485 1.181530
486 1.181164
487 1.181016
488 1.181038
489 1.181218
490 1.181470
491 1.181226
492 1.181186
493 1.180900
494 1.180604
495 1.181210
496 1.181150
497 1.181130
498 1.181698
499 1.182104
500 1.181988
502 1.182406
503 1.182814
504 1.183430
505 1.182394
506 1.182698
507 1.182690
508 1.182982
509 1.183074
510 1.183094
511 1.182712
512 1.182524
513 1.182532
514 1.182434
515 1.182894
516 1.183108
517 1.183290
518 1.182880
519 1.183120
520 1.182334
522 1.182168
523 1.182094
524 1.182012
525 1.182646
526 1.183034
527 1.182462
528 1.182866
529 1.182482
530 1.182064
531 1.181870
532 1.181010
533 1.180740
534 1.180700
535 1.180766
536 1.181638
537 1.181524
538 1.182082
539 1.182776
540 1.182896
542 1.182442
543 1.182510
544 1.183060
545 1.183164
546 1.182892
547 1.183362
548 1.183176
549 1.183218
550 1.182966
551 1.182586
552 1.182044
553 1.181930
554 1.181704
555 1.181618
556 1.181090
557 1.181198
558 1.181102
559 1.180522
560 1.179980
562 1.180412
563 1.179920
564 1.179922
565 1.180052
566 1.180428
567 1.180822
568 1.181188
569 1.180714
570 1.180916
571 1.180012
572 1.180094
573 1.179510
574 1.180406
575 1.180636
576 1.180688
577 1.180498
578 1.180834
579 1.180686
580 1.181058
582 1.180806
583 1.181100
584 1.181282
585 1.180766
586 1.180762
587 1.180452
588 1.180350
589 1.180288
590 1.179790
591 1.180112
592 1.179866
593 1.179194
594 1.179450
595 1.179092
596 1.178680
597 1.179186
598 1.178872
599 1.178792
600 1.178824
602 1.179188
603 1.179470
604 1.179638
605 1.179666
606 1.179190
607 1.179468
608 1.179424
609 1.179472
610 1.179566
611 1.179548
612 1.179606
613 1.179332
614 1.179438
615 1.179456
616 1.179086
617 1.179312
618 1.178910
619 1.179514
620 1.179484
622 1.179498
623 1.179402
624 1.179508
625 1.179344
626 1.178988
627 1.178744
628 1.179018
629 1.179240
630 1.179140
631 1.180196
632 1.179970
633 1.180058
634 1.180432
635 1.180298
636 1.180904
637 1.181484
638 1.181904
639 1.182302
640 1.182722
642 1.182818
643 1.182474
644 1.182346
645 1.181464
646 1.181414
647 1.181546
648 1.181452
649 1.181196
650 1.181212
651 1.181514
652 1.181886
653 1.181174
654 1.180902
655 1.181546
656 1.181654
657 1.181248
658 1.181490
659 1.181512
660 1.181186
662 1.181084
663 1.180912
664 1.180646
665 1.179552
666 1.179720
667 1.180138
668 1.179628
669 1.179980
670 1.180532
671 1.179904
672 1.180242
673 1.180374
674 1.180380
675 1.180648
676 1.180362
677 1.179978
678 1.179678
679 1.179374
680 1.179622
682 1.179240
683 1.178626
684 1.177796
685 1.177976
686 1.178420
687 1.178264
688 1.178878
689 1.178938
690 1.179378
691 1.178982
692 1.178156
693 1.178040
694 1.178044
695 1.178556
696 1.178638
697 1.178524
698 1.179114
699 1.179776
700 1.179682
702 1.179810
703 1.179996
704 1.180108
705 1.180324
706 1.180016
707 1.179702
708 1.180180
709 1.179758
710 1.180020
711 1.179468
712 1.179032
713 1.179464
714 1.179750
715 1.180016
716 1.179892
717 1.179970
718 1.180262
719 1.180156
720 1.180098
722 1.181214
723 1.181720
724 1.181466
725 1.181536
726 1.181084
727 1.181754
728 1.181496
729 1.181494
730 1.181436
731 1.181356
732 1.180972
733 1.181038
734 1.181270
735 1.181532
736 1.181538
737 1.180730
738 1.180510
739 1.179956
740 1.180426
742 1.179416
743 1.179134
744 1.178702
745 1.179286
746 1.179446
747 1.180234
748 1.179710
749 1.180238
750 1.180434
751 1.179886
752 1.180150
753 1.179604
754 1.179934
755 1.180152
756 1.179688
757 1.179758
758 1.180082
759 1.180658
760 1.180642
762 1.180458
763 1.180640
764 1.180644
765 1.180776
766 1.181104
767 1.181508
768 1.181238
769 1.180764
770 1.181688
771 1.181352
772 1.181038
773 1.181114
774 1.181628
775 1.181718
776 1.181314
777 1.181098
778 1.181410
779 1.181524
780 1.181132
782 1.180864
783 1.180940
784 1.180398
785 1.180606
786 1.180294
787 1.180464
788 1.180688
789 1.180224
790 1.179938
791 1.180476
792 1.181030
793 1.180496
794 1.180158
795 1.180728
796 1.180552
797 1.180568
798 1.180668
799 1.180750
800 1.180866
802 1.181510
803 1.181640
804 1.181776
805 1.181054
806 1.181834
807 1.181766
808 1.182126
809 1.181800
810 1.181874
811 1.181172
812 1.181028
813 1.181554
814 1.181126
815 1.180938
816 1.180540
817 1.180460
818 1.180256
819 1.180030
820 1.180132
822 1.180496
823 1.180890
824 1.180874
825 1.180522
826 1.180914
827 1.181016
828 1.181124
829 1.181220
830 1.181262
831 1.181064
832 1.181554
833 1.181212
834 1.180828
835 1.180914
836 1.181244
837 1.182402
838 1.182342
839 1.182800
840 1.182284
842 1.182790
843 1.183302
844 1.183136
845 1.182800
846 1.182762
847 1.182804
848 1.182378
849 1.182418
850 1.182176
851 1.181738
852 1.181980
853 1.181876
854 1.181872
855 1.181448
856 1.181686
857 1.181094
858 1.181086
859 1.181174
860 1.181200
862 1.181986
863 1.181962
864 1.182286
865 1.183078
866 1.183570
867 1.183178
868 1.183304
869 1.182876
870 1.182490
871 1.181956
872 1.181298
873 1.181238
874 1.181008
875 1.180968
876 1.181266
877 1.180942
878 1.180776
879 1.181250
880 1.180850
882 1.181000
883 1.180844
884 1.181094
885 1.180752
886 1.180330
887 1.179794
888 1.179562
889 1.179506
890 1.179370
891 1.180450
892 1.180198
893 1.180692
894 1.180616
895 1.180794
896 1.181580
897 1.181024
898 1.180578
899 1.181060
900 1.180600
902 1.180194
903 1.180116
904 1.180756
905 1.181312
906 1.182142
907 1.181942
908 1.182040
909 1.182596
910 1.181702
911 1.182022
912 1.181844
913 1.181552
914 1.181002
915 1.180864
916 1.181082
917 1.181464
918 1.180846
919 1.180366
920 1.180760
922 1.181062
923 1.181260
924 1.181386
925 1.181488
926 1.181816
927 1.181290
928 1.181738
929 1.181990
930 1.182028
931 1.182576
932 1.182478
933 1.182568
934 1.182472
935 1.182462
936 1.181962
937 1.182034
938 1.182364
939 1.182382
940 1.182510
942 1.182590
943 1.182806
944 1.183022
945 1.182820
946 1.183018
947 1.183700
948 1.183624
949 1.183898
950 1.183378
951 1.184266
952 1.183908
953 1.183524
954 1.183416
955 1.183110
956 1.183504
957 1.183168
958 1.183384
959 1.183262
960 1.183150
962 1.182436
963 1.182122
964 1.182376
965 1.182570
966 1.182388
967 1.182518
968 1.182268
969 1.182380
970 1.181824
971 1.182230
972 1.182476
973 1.182528
974 1.182214
975 1.182150
976 1.181638
977 1.181844
978 1.181588
979 1.181258
980 1.180612
982 1.181282
983 1.181414
984 1.181542
985 1.181196
986 1.181446
987 1.181394
988 1.181156
989 1.181016
990 1.180862
991 1.180506
992 1.180176
993 1.179772
994 1.179908
995 1.180094
996 1.180706
997 1.180678
998 1.181156
999 1.181432
1000 1.181874
1002 1.182156
1003 1.182362
1004 1.183070
1005 1.183148
1006 1.183184
1007 1.182908
1008 1.182694
1009 1.182436
1010 1.182548
1011 1.182204
1012 1.181494
1013 1.181988
1014 1.181502
1015 1.181546
1016 1.181880
1017 1.182132
1018 1.182164
1019 1.182054
1020 1.181816
1022 1.181894
1023 1.181714
1024 1.182222
1025 1.182520
1026 1.182352
1027 1.182094
1028 1.181574
1029 1.181422
1030 1.181416
1031 1.182210
1032 1.181702
1033 1.181624
1034 1.182190
1035 1.182086
1036 1.181704
1037 1.182454
1038 1.182344
1039 1.182252
1040 1.182054
1042 1.181910
1043 1.182076
1044 1.181374
1045 1.181002
1046 1.181014
1047 1.181262
1048 1.181906
1049 1.181358
1050 1.181084
1051 1.181358
1052 1.181484
1053 1.181082
1054 1.180610
1055 1.180038
1056 1.180428
1057 1.180178
1058 1.180120
1059 1.180672
1060 1.180202
1062 1.180036
1063 1.180362
1064 1.180222
1065 1.180460
1066 1.180040
1067 1.180008
1068 1.180238
1069 1.180786
1070 1.180982
1071 1.181400
1072 1.181034
1073 1.180954
1074 1.181152
1075 1.180976
1076 1.181210
1077 1.181712
1078 1.182320
1079 1.181956
1080 1.182020
1082 1.180856
1083 1.180704
1084 1.179990
1085 1.179702
1086 1.179976
1087 1.180280
1088 1.180930
1089 1.181174
1090 1.181596
1091 1.181410
1092 1.181874
1093 1.181688
1094 1.181790
1095 1.181978
1096 1.182056
1097 1.182088
1098 1.181974
1099 1.182660
1100 1.183188
1102 1.182692
1103 1.183422
1104 1.183662
1105 1.183618
1106 1.183152
1107 1.183190
1108 1.183322
1109 1.183122
1110 1.182986
1111 1.183010
1112 1.182896
1113 1.183032
1114 1.182726
1115 1.183426
1116 1.183392
1117 1.184452
1118 1.183678
1119 1.183662
1120 1.184210
1122 1.184228
1123 1.184218
1124 1.184058
1125 1.183824
1126 1.184080
1127 1.184192
1128 1.183580
1129 1.182912
1130 1.182806
1131 1.182560
1132 1.181740
1133 1.182222
1134 1.182292
1135 1.182388
1136 1.182076
1137 1.182090
1138 1.182416
1139 1.182336
1140 1.182342
1142 1.181822
1143 1.182058
1144 1.182566
1145 1.182702
1146 1.182776
1147 1.183500
1148 1.183528
1149 1.183228
1150 1.183298
1151 1.183626
1152 1.183842
1153 1.183552
1154 1.183100
1155 1.182818
1156 1.182754
1157 1.183194
1158 1.183152
1159 1.183422
1160 1.183178
1162 1.182926
1163 1.183524
1164 1.183508
1165 1.183624
1166 1.182790
1167 1.183248
1168 1.183096
1169 1.182286
1170 1.181904
1171 1.181912
1172 1.182006
1173 1.182852
1174 1.183342
1175 1.183298
1176 1.182952
1177 1.183504
1178 1.183114
1179 1.183242
1180 1.183242
1182 1.182912
1183 1.182438
1184 1.182272
1185 1.182222
1186 1.183004
1187 1.182392
1188 1.182542
1189 1.182166
1190 1.181732
1191 1.181560
1192 1.181644
1193 1.182386
1194 1.181834
1195 1.180960
1196 1.180938
1197 1.180876
1198 1.181370
1199 1.181308
1200 1.182050
1202 1.181432
1203 1.181854
1204 1.182106
1205 1.181638
1206 1.181114
1207 1.181144
1208 1.181152
1209 1.180878
1210 1.180938
1211 1.181562
1212 1.181492
1213 1.181514
1214 1.182544
1215 1.182226
1216 1.181944
1217 1.181082
1218 1.180872
1219 1.180914
1220 1.181284
1222 1.180298
1223 1.180642
1224 1.179902
1225 1.179994
1226 1.180314
1227 1.179446
1228 1.179528
1229 1.178882
1230 1.179622
1231 1.179966
1232 1.180302
1233 1.180952
1234 1.180860
1235 1.181262
1236 1.181748
1237 1.181578
1238 1.182326
1239 1.182806
1240 1.182558
1242 1.182580
1243 1.182470
1244 1.181872
1245 1.181906
1246 1.182308
1247 1.181912
1248 1.182064
1249 1.181648
1250 1.181814
1251 1.181662
1252 1.181266
1253 1.181058
1254 1.181332
1255 1.181796
1256 1.181004
1257 1.180918
1258 1.180652
1259 1.181050
1260 1.181366
1262 1.181382
1263 1.181760
1264 1.181458
1265 1.181860
1266 1.181010
1267 1.181254
1268 1.181240
1269 1.181392
1270 1.181516
1271 1.181236
1272 1.181802
1273 1.181812
1274 1.182150
1275 1.182224
1276 1.182274
1277 1.182296
1278 1.182070
1279 1.182582
1280 1.182386
1282 1.181450
1283 1.180952
1284 1.180504
1285 1.180308
1286 1.180222
1287 1.180458
1288 1.180692
1289 1.179800
1290 1.179880
1291 1.179584
1292 1.180002
1293 1.179898
1294 1.179912
1295 1.180116
1296 1.180418
1297 1.180728
1298 1.180650
1299 1.181000
1300 1.181202
1302 1.181782
1303 1.182240
1304 1.181502
1305 1.181674
1306 1.181560
1307 1.181334
1308 1.180666
1309 1.180584
1310 1.180406
1311 1.180386
1312 1.180386
1313 1.180758
1314 1.180578
1315 1.180364
1316 1.179738
1317 1.179816
1318 1.180610
1319 1.180384
1320 1.180526
1322 1.180934
1323 1.180476
1324 1.180382
1325 1.180288
1326 1.179884
1327 1.178982
1328 1.179646
1329 1.179570
1330 1.180146
1331 1.180208
1332 1.180018
1333 1.180294
1334 1.180368
1335 1.180192
1336 1.179828
1337 1.180370
1338 1.180256
1339 1.180286
1340 1.180822
1342 1.180300
1343 1.180600
1344 1.180810
1345 1.180782
1346 1.181558
1347 1.181278
1348 1.181558
1349 1.182036
1350 1.181760
1351 1.181604
1352 1.181528
1353 1.181404
1354 1.181432
1355 1.181562
1356 1.182002
1357 1.182674
1358 1.182452
1359 1.182352
1360 1.183092
1362 1.183248
1363 1.183402
1364 1.182742
1365 1.182734
1366 1.183224
1367 1.183132
1368 1.183190
1369 1.182788
1370 1.182170
1371 1.181884
1372 1.181960
1373 1.181930
1374 1.182496
1375 1.182450
1376 1.181740
1377 1.181856
1378 1.181938
1379 1.182658
1380 1.182524
1382 1.182004
1383 1.182122
1384 1.181934
1385 1.181686
1386 1.180862
1387 1.180098
1388 1.180558
1389 1.180660
1390 1.180590
1391 1.181040
1392 1.180938
1393 1.180674
1394 1.180556
1395 1.180488
1396 1.180604
1397 1.180226
1398 1.180320
1399 1.179892
1400 1.180008
1402 1.179778
1403 1.179928
1404 1.179992
1405 1.179910
1406 1.179788
1407 1.179614
1408 1.179910
1409 1.180130
1410 1.180298
1411 1.180220
1412 1.180302
1413 1.181050
1414 1.181076
1415 1.181584
1416 1.182062
1417 1.181790
1418 1.181338
1419 1.180750
1420 1.180966
1422 1.181958
1423 1.181702
1424 1.181840
1425 1.181634
1426 1.182024
1427 1.181678
1428 1.181386
1429 1.181444
1430 1.181882
1431 1.181686
1432 1.181368
1433 1.181816
1434 1.181860
1435 1.182536
1436 1.182402
1437 1.182526
1438 1.182124
1439 1.183000
1440 1.183164
1442 1.183208
1443 1.183404
1444 1.183502
1445 1.183594
1446 1.183074
1447 1.182772
1448 1.183344
1449 1.183908
1450 1.183586
1451 1.183408
1452 1.182980
1453 1.183544
1454 1.183712
1455 1.183328
1456 1.183526
1457 1.183064
1458 1.183430
1459 1.183596
1460 1.183348
1462 1.183606
1463 1.183450
1464 1.183804
1465 1.183446
1466 1.183422
1467 1.183436
1468 1.182844
1469 1.183162
1470 1.183100
1471 1.183210
1472 1.183260
1473 1.183034
1474 1.183706
1475 1.183700
1476 1.183596
1477 1.183804
1478 1.183754
1479 1.183586
1480 1.183616
1482 1.184126
1483 1.184212
1484 1.183282
1485 1.183640
1486 1.183846
1487 1.183930
1488 1.183654
1489 1.183770
1490 1.184032
1491 1.184096
1492 1.184242
1493 1.184378
1494 1.184018
1495 1.183410
1496 1.182988
1497 1.182902
1498 1.183174
1499 1.183264
1500 1.183196
1502 1.183100
1503 1.183994
1504 1.184128
1505 1.183528
1506 1.184074
1507 1.184544
1508 1.184726
1509 1.185066
1510 1.185402
1511 1.185280
1512 1.185304
1513 1.185390
1514 1.185394
1515 1.185246
1516 1.185126
1517 1.185590
1518 1.185252
1519 1.184662
1520 1.184642
1522 1.183886
1523 1.183458
1524 1.182944
1525 1.182986
1526 1.183276
1527 1.183278
1528 1.183250
1529 1.183430
1530 1.183238
1531 1.182950
1532 1.182294
1533 1.182598
1534 1.182482
1535 1.182290
1536 1.182704
1537 1.183634
1538 1.183460
1539 1.183662
1540 1.183582
1542 1.184666
1543 1.184508
1544 1.183584
1545 1.182882
1546 1.182730
1547 1.182780
1548 1.182590
1549 1.182792
1550 1.182580
1551 1.182828
1552 1.182598
1553 1.182372
1554 1.182056
1555 1.182012
1556 1.181250
1557 1.181192
1558 1.181200
1559 1.181254
1560 1.181264
1562 1.181416
1563 1.181610
1564 1.181200
1565 1.181578
1566 1.181368
1567 1.182098
1568 1.182260
1569 1.181944
1570 1.181690
1571 1.181428
1572 1.181440
1573 1.181300
1574 1.181126
1575 1.181340
1576 1.181366
1577 1.180574
1578 1.181088
1579 1.181222
1580 1.181290
1582 1.181340
1583 1.181644
1584 1.181812
1585 1.181500
1586 1.181568
1587 1.181156
1588 1.181420
1589 1.181800
1590 1.181672
1591 1.181398
1592 1.181578
1593 1.182182
1594 1.182584
1595 1.183036
1596 1.182590
1597 1.182502
1598 1.183138
1599 1.183776
1600 1.183542
1602 1.184214
1603 1.183822
1604 1.183602
1605 1.183578
1606 1.183926
1607 1.183880
1608 1.183626
1609 1.184406
1610 1.184346
1611 1.184156
1612 1.184550
1613 1.184618
1614 1.184402
1615 1.185170
1616 1.184468
1617 1.184490
1618 1.184856
1619 1.184458
1620 1.184174
1622 1.183584
1623 1.183622
1624 1.182876
1625 1.182672
1626 1.182542
1627 1.182588
1628 1.182860
1629 1.183396
1630 1.183256
1631 1.183154
1632 1.182830
1633 1.182696
1634 1.183194
1635 1.183394
1636 1.183808
1637 1.183426
1638 1.183606
1639 1.183154
1640 1.183350
1642 1.183386
1643 1.183854
1644 1.184024
1645 1.183816
1646 1.183834
1647 1.183378
1648 1.183506
1649 1.183488
1650 1.183728
1651 1.183878
1652 1.183740
1653 1.184322
1654 1.183964
1655 1.183584
1656 1.183512
1657 1.183394
1658 1.183734
1659 1.184082
1660 1.183948
1662 1.184752
1663 1.184180
1664 1.184218
1665 1.184460
1666 1.185054
1667 1.184330
1668 1.183742
1669 1.184046
1670 1.184606
1671 1.184774
1672 1.184870
1673 1.184900
1674 1.184358
1675 1.184306
1676 1.184102
1677 1.184632
1678 1.184384
1679 1.184890
1680 1.184994
1682 1.184766
1683 1.184104
1684 1.183530
1685 1.183682
1686 1.182870
1687 1.182756
1688 1.182254
1689 1.181758
1690 1.181526
1691 1.182260
1692 1.181996
1693 1.182338
1694 1.182200
1695 1.181984
1696 1.181664
1697 1.181662
1698 1.181400
1699 1.181208
1700 1.181340
1702 1.181552
1703 1.181334
1704 1.181258
1705 1.181086
1706 1.181376
1707 1.181858
1708 1.181554
1709 1.181554
1710 1.182102
1711 1.182052
1712 1.181630
1713 1.183176
1714 1.183178
1715 1.182482
1716 1.182570
1717 1.182896
1718 1.182758
1719 1.182332
1720 1.182214
1722 1.182154
1723 1.181892
1724 1.181808
1725 1.181758
1726 1.182240
1727 1.182134
1728 1.181608
1729 1.181032
1730 1.180820
1731 1.181366
1732 1.181880
1733 1.181912
1734 1.182184
1735 1.182350
1736 1.182068
1737 1.182122
1738 1.182834
1739 1.182716
1740 1.182604
1742 1.182216
1743 1.182054
1744 1.181812
1745 1.182044
1746 1.182230
1747 1.182456
1748 1.182232
1749 1.182100
1750 1.181966
1751 1.182186
1752 1.182206
1753 1.182524
1754 1.183026
1755 1.182920
1756 1.182470
1757 1.182364
1758 1.182878
1759 1.182428
1760 1.182196
1762 1.181790
1763 1.182032
1764 1.181366
1765 1.181534
1766 1.181710
1767 1.182234
1768 1.181894
1769 1.181796
1770 1.181614
1771 1.182026
1772 1.182280
1773 1.182282
1774 1.182462
1775 1.182222
1776 1.182914
1777 1.183242
1778 1.182784
1779 1.183102
1780 1.183666
1782 1.183856
1783 1.183536
1784 1.183418
1785 1.183772
1786 1.183306
1787 1.183424
1788 1.183790
1789 1.183228
1790 1.183262
1791 1.183468
1792 1.183456
1793 1.183836
1794 1.183604
1795 1.183510
1796 1.183736
1797 1.183660
1798 1.183382
1799 1.183884
1800 1.183712
1802 1.183458
1803 1.182978
1804 1.183264
1805 1.183666
1806 1.183496
1807 1.183956
1808 1.184834
1809 1.185148
1810 1.185234
1811 1.184554
1812 1.184888
1813 1.184758
1814 1.184678
1815 1.184812
1816 1.184166
1817 1.184886
1818 1.185042
1819 1.185604
1820 1.185180
1822 1.185120
1823 1.185140
1824 1.185606
1825 1.185248
1826 1.185264
1827 1.185252
1828 1.185356
1829 1.185230
1830 1.185282
1831 1.185286
1832 1.185268
1833 1.185408
1834 1.185368
1835 1.185184
1836 1.184896
1837 1.185178
1838 1.185692
1839 1.185164
1840 1.185326
1842 1.184982
1843 1.185680
1844 1.185550
1845 1.185130
1846 1.185074
1847 1.184832
1848 1.184466
1849 1.185084
1850 1.184606
1851 1.183898
1852 1.183490
1853 1.183310
1854 1.183172
1855 1.183740
1856 1.183664
1857 1.183132
1858 1.183362
1859 1.183272
1860 1.182768
1862 1.182900
1863 1.183022
1864 1.182992
1865 1.183150
1866 1.183036
1867 1.182648
1868 1.182444
1869 1.182498
1870 1.182224
1871 1.181994
1872 1.182060
1873 1.181978
1874 1.182138
1875 1.182752
1876 1.182964
1877 1.183336
1878 1.183358
1879 1.183526
1880 1.183148
1882 1.182678
1883 1.182942
1884 1.182682
1885 1.182896
1886 1.182464
1887 1.182474
1888 1.182558
1889 1.182690
1890 1.182354
1891 1.182264
1892 1.182314
1893 1.182330
1894 1.182710
1895 1.182466
1896 1.182712
1897 1.183008
1898 1.183528
1899 1.183282
1900 1.184234
1902 1.184622
1903 1.184372
1904 1.184674
1905 1.184630
1906 1.184644
1907 1.184568
1908 1.184396
1909 1.184666
1910 1.184646
1911 1.184544
1912 1.184618
1913 1.184746
1914 1.184014
1915 1.183690
1916 1.183824
1917 1.184200
1918 1.184422
1919 1.184968
1920 1.184886
1922 1.184494
1923 1.184274
1924 1.184082
1925 1.183444
1926 1.182956
1927 1.183022
1928 1.183426
1929 1.184230
1930 1.184356
1931 1.184030
1932 1.183694
1933 1.183686
1934 1.182918
1935 1.182696
1936 1.182634
1937 1.182892
1938 1.182878
1939 1.183304
1940 1.183732
1942 1.184634
1943 1.184258
1944 1.184218
1945 1.183994
1946 1.183952
1947 1.184060
1948 1.183158
1949 1.183092
1950 1.182666
1951 1.182768
1952 1.182408
1953 1.182718
1954 1.183344
1955 1.182786
1956 1.183076
1957 1.183046
1958 1.183148
1959 1.183318
1960 1.183504
1962 1.183942
1963 1.183606
1964 1.183460
1965 1.183598
1966 1.183392
1967 1.184158
1968 1.183970
1969 1.183496
1970 1.184488
1971 1.185560
1972 1.184888
1973 1.185064
1974 1.184964
1975 1.184910
1976 1.184830
1977 1.184488
1978 1.184286
1979 1.183414
1980 1.183588
1982 1.183030
1983 1.183228
1984 1.183594
1985 1.183592
1986 1.182880
1987 1.183512
1988 1.183498
1989 1.183144
1990 1.183014
1991 1.182398
1992 1.183280
1993 1.183108
1994 1.182664
1995 1.183158
1996 1.182296
1997 1.182444
1998 1.183038
1999 1.183708
2000 1.183956
2002 1.184604
2003 1.184390
2004 1.183726
2005 1.183740
2006 1.183254
2007 1.183588
2008 1.183736
2009 1.183458
2010 1.183642
2011 1.183758
2012 1.183676
2013 1.183836
2014 1.183854
2015 1.183692
2016 1.184022
2017 1.184318
2018 1.184376
2019 1.184950
2020 1.184160
2022 1.184498
2023 1.184318
2024 1.183720
2025 1.184344
2026 1.183554
2027 1.183438
2028 1.183202
2029 1.182966
2030 1.183212
2031 1.183522
2032 1.182992
2033 1.183052
2034 1.182914
2035 1.183520
2036 1.182806
2037 1.182380
2038 1.181950
2039 1.181650
2040 1.181756
2042 1.182068
2043 1.181548
2044 1.181940
2045 1.181790
2046 1.181156
2047 1.181722
2048 1.182040
2049 1.182176
2050 1.182294
2051 1.182450
2052 1.182144
2053 1.182308
2054 1.182224
2055 1.181910
2056 1.182320
2057 1.182032
2058 1.181514
2059 1.181648
2060 1.181546
2062 1.181442
2063 1.181352
2064 1.181592
2065 1.180964
2066 1.181892
2067 1.181746
2068 1.181710
2069 1.181236
2070 1.181820
2071 1.182444
2072 1.182486
2073 1.182564
2074 1.183052
2075 1.182374
2076 1.182708
2077 1.182018
2078 1.182296
2079 1.182198
2080 1.182490
2082 1.182620
2083 1.182772
2084 1.182696
2085 1.182946
2086 1.182726
2087 1.182432
2088 1.182068
2089 1.182490
2090 1.182158
2091 1.181910
2092 1.181914
2093 1.181634
2094 1.181604
2095 1.181686
2096 1.181862
2097 1.181352
2098 1.181470
2099 1.181700
2100 1.181982
2102 1.182582
2103 1.182820
2104 1.182060
2105 1.181590
2106 1.181260
2107 1.181074
2108 1.181114
2109 1.181622
2110 1.181784
2111 1.181392
2112 1.180990
2113 1.180618
2114 1.181030
2115 1.181014
2116 1.181166
2117 1.181362
2118 1.180648
2119 1.180658
2120 1.180216
2122 1.181474
2123 1.181056
2124 1.181184
2125 1.181006
2126 1.180856
2127 1.181152
2128 1.180820
2129 1.180890
2130 1.181408
2131 1.181328
2132 1.180810
2133 1.180998
2134 1.180410
2135 1.180812
2136 1.180754
2137 1.180812
2138 1.180878
2139 1.180956
2140 1.180762
2142 1.180794
2143 1.181044
2144 1.181012
2145 1.180554
2146 1.180066
2147 1.179756
2148 1.180054
2149 1.180006
2150 1.179968
2151 1.180638
2152 1.180760
2153 1.180320
2154 1.180144
2155 1.180426
2156 1.180456
2157 1.180786
2158 1.180632
2159 1.180698
2160 1.180512
2162 1.180780
2163 1.180600
2164 1.180806
2165 1.180084
2166 1.180388
2167 1.180666
2168 1.180646
2169 1.180820
2170 1.180804
2171 1.180910
2172 1.181116
2173 1.181020
2174 1.181000
2175 1.181262
2176 1.181238
2177 1.181358
2178 1.181430
2179 1.181032
2180 1.181116
2182 1.181256
2183 1.181364
2184 1.181542
2185 1.181398
2186 1.182008
2187 1.182178
2188 1.182428
2189 1.182480
2190 1.182492
2191 1.182596
2192 1.182338
2193 1.181780
2194 1.181450
2195 1.182146
2196 1.182406
2197 1.182422
2198 1.181908
2199 1.182026
2200 1.181762
2202 1.181474
2203 1.181782
2204 1.182582
2205 1.182952
2206 1.182826
2207 1.182740
2208 1.183406
2209 1.183262
2210 1.182180
2211 1.181162
2212 1.181004
2213 1.180826
2214 1.180544
2215 1.180750
2216 1.181416
2217 1.181288
2218 1.181176
2219 1.181130
2220 1.181238
2222 1.181724
2223 1.181344
2224 1.181564
2225 1.181634
2226 1.181554
2227 1.181362
2228 1.181478
2229 1.182084
2230 1.182282
2231 1.182684
2232 1.182710
2233 1.182876
2234 1.182588
2235 1.181942
2236 1.181570
2237 1.182146
2238 1.182148
2239 1.181624
2240 1.181240
2242 1.181552
2243 1.180914
2244 1.180430
2245 1.180494
2246 1.180620
2247 1.181008
2248 1.181380
2249 1.181690
2250 1.181602
2251 1.181678
2252 1.181188
2253 1.181316
2254 1.181590
2255 1.181384
2256 1.181148
2257 1.180840
2258 1.181438
2259 1.181316
2260 1.181020
2262 1.180352
2263 1.180108
2264 1.180266
2265 1.180950
2266 1.181196
2267 1.181288
2268 1.181682
2269 1.182026
2270 1.181594
2271 1.181090
2272 1.181656
2273 1.181712
2274 1.182362
2275 1.182436
2276 1.182006
2277 1.181864
2278 1.182418
2279 1.182490
2280 1.182104
2282 1.183446
2283 1.182964
2284 1.183084
2285 1.182858
2286 1.183140
2287 1.183398
2288 1.183560
2289 1.183450
2290 1.183208
2291 1.183154
2292 1.183664
2293 1.184228
2294 1.185024
2295 1.184378
2296 1.184558
2297 1.184486
2298 1.183900
2299 1.184656
2300 1.185400
2302 1.183954
2303 1.183946
2304 1.183976
2305 1.184056
2306 1.183962
2307 1.183760
2308 1.183688
2309 1.183166
2310 1.183606
2311 1.183738
2312 1.183790
2313 1.184032
2314 1.184080
2315 1.184136
2316 1.183736
2317 1.183292
2318 1.183156
2319 1.182866
2320 1.182564
2322 1.184038
2323 1.184032
2324 1.183858
2325 1.183486
2326 1.184140
2327 1.184360
2328 1.184758
2329 1.184876
2330 1.184722
2331 1.184530
2332 1.184364
2333 1.183578
2334 1.183896
2335 1.184010
2336 1.184102
2337 1.183020
2338 1.183322
2339 1.183400
2340 1.183832
2342 1.184026
2343 1.183882
2344 1.183904
2345 1.183850
2346 1.183738
2347 1.183924
2348 1.183016
2349 1.183012
2350 1.182688
2351 1.182486
2352 1.182330
2353 1.182734
2354 1.183464
2355 1.183246
2356 1.183472
2357 1.183796
2358 1.183904
2359 1.183880
2360 1.183656
2362 1.182998
2363 1.183530
2364 1.183370
2365 1.183036
2366 1.183178
2367 1.183144
2368 1.182516
2369 1.182772
2370 1.183388
2371 1.184038
2372 1.183476
2373 1.183274
2374 1.182958
2375 1.182892
2376 1.182448
2377 1.182624
2378 1.182694
2379 1.182906
2380 1.182922
2382 1.182814
2383 1.183000
2384 1.183734
2385 1.183724
2386 1.183712
2387 1.183402
2388 1.183988
2389 1.183788
2390 1.184106
2391 1.183754
2392 1.183880
2393 1.184194
2394 1.184286
2395 1.184584
2396 1.184268
2397 1.184146
2398 1.184174
2399 1.183968
2400 1.183276
2402 1.183472
2403 1.182912
2404 1.182700
2405 1.182584
2406 1.182968
2407 1.183410
2408 1.183454
2409 1.183104
2410 1.182818
2411 1.182672
2412 1.182990
2413 1.182706
2414 1.182460
2415 1.182318
2416 1.182768
2417 1.182974
2418 1.182864
2419 1.182738
2420 1.182500
2422 1.182288
2423 1.182652
2424 1.182208
2425 1.181814
2426 1.181816
2427 1.181668
2428 1.181276
2429 1.181700
2430 1.181952
2431 1.181290
2432 1.180956
2433 1.180508
2434 1.181698
2435 1.181948
2436 1.181798
2437 1.181658
2438 1.181776
2439 1.181748
2440 1.182064
2442 1.182578
2443 1.182862
2444 1.183080
2445 1.182986
2446 1.182610
2447 1.182596
2448 1.182414
2449 1.182558
2450 1.182920
2451 1.183418
2452 1.183192
2453 1.183450
2454 1.183344
2455 1.184126
2456 1.184364
2457 1.184402
2458 1.184558
2459 1.184422
2460 1.184526
2462 1.184054
2463 1.183852
2464 1.183690
2465 1.183500
2466 1.183602
2467 1.184414
2468 1.183532
2469 1.183436
2470 1.183652
2471 1.184328
2472 1.184214
2473 1.183564
2474 1.183328
2475 1.184000
2476 1.184520
2477 1.184684
2478 1.184610
2479 1.184508
2480 1.184450
2482 1.184600
2483 1.184440
2484 1.184394
2485 1.184252
2486 1.183808
2487 1.183708
2488 1.183356
2489 1.183610
2490 1.183576
2491 1.184098
2492 1.184340
2493 1.183850
2494 1.184108
2495 1.184096
2496 1.183966
2497 1.183938
2498 1.183536
2499 1.183348
2500 1.183058
2502 1.183408
2503 1.183688
2504 1.183076
2505 1.183020
2506 1.182772
2507 1.182546
2508 1.182516
2509 1.183228
2510 1.183290
2511 1.183342
2512 1.183110
2513 1.182990
2514 1.182856
2515 1.182728
2516 1.182740
2517 1.183098
2518 1.182884
2519 1.183372
2520 1.183036
2522 1.182782
2523 1.182478
2524 1.182234
2525 1.182418
2526 1.182890
2527 1.182912
2528 1.182406
2529 1.183098
2530 1.182764
2531 1.182932
2532 1.182852
2533 1.182802
2534 1.182756
2535 1.182624
2536 1.182986
2537 1.182676
2538 1.182516
2539 1.182368
2540 1.182784
2542 1.183214
2543 1.183680
2544 1.184096
2545 1.184462
2546 1.183662
2547 1.183970
2548 1.183468
2549 1.183008
2550 1.182964
2551 1.182860
2552 1.183012
2553 1.182468
2554 1.182682
2555 1.182812
2556 1.182714
2557 1.182680
2558 1.182852
2559 1.182746
2560 1.182552
2562 1.182812
2563 1.182662
2564 1.183016
2565 1.182960
2566 1.182820
2567 1.183378
2568 1.182974
2569 1.183162
2570 1.183428
2571 1.183470
2572 1.183796
2573 1.184114
2574 1.183814
2575 1.183994
2576 1.184048
2577 1.184224
2578 1.184348
2579 1.183312
2580 1.183454
2582 1.182676
2583 1.183216
2584 1.183744
2585 1.183738
2586 1.182948
2587 1.183046
2588 1.183446
2589 1.183378
2590 1.183482
2591 1.183230
2592 1.183506
2593 1.183672
2594 1.183762
2595 1.183768
2596 1.183998
2597 1.184158
2598 1.184076
2599 1.183940
2600 1.183572
2602 1.183968
2603 1.184108
2604 1.183412
2605 1.183756
2606 1.183622
2607 1.182934
2608 1.183222
2609 1.183640
2610 1.183972
2611 1.184228
2612 1.183840
2613 1.183052
2614 1.182478
2615 1.182884
2616 1.183430
2617 1.183360
2618 1.183146
2619 1.182502
2620 1.182570
2622 1.183398
2623 1.183216
2624 1.183546
2625 1.182892
2626 1.182058
2627 1.182108
2628 1.181678
2629 1.181860
2630 1.180722
2631 1.180992
2632 1.180796
2633 1.180950
2634 1.180466
2635 1.181134
2636 1.180746
2637 1.181154
2638 1.180852
2639 1.180748
2640 1.180820
2642 1.181574
2643 1.181436
2644 1.182224
2645 1.182848
2646 1.183532
2647 1.183918
2648 1.183798
2649 1.183750
2650 1.183774
2651 1.183224
2652 1.183108
2653 1.182774
2654 1.183138
2655 1.183492
2656 1.183398
2657 1.182936
2658 1.183294
2659 1.182898
2660 1.183136
2662 1.183136
2663 1.183376
2664 1.183488
2665 1.183694
2666 1.184250
2667 1.184748
2668 1.184910
2669 1.184298
2670 1.184330
2671 1.184672
2672 1.184736
2673 1.184924
2674 1.184778
2675 1.184698
2676 1.185274
2677 1.184840
2678 1.185104
2679 1.185166
2680 1.184444
2682 1.183990
2683 1.183894
2684 1.183646
2685 1.183386
2686 1.183156
2687 1.183744
2688 1.183932
2689 1.184062
2690 1.184712
2691 1.184450
2692 1.184702
2693 1.184322
2694 1.184322
2695 1.184580
2696 1.183784
2697 1.184096
2698 1.183846
2699 1.183548
2700 1.183208
2702 1.182730
2703 1.182976
2704 1.182992
2705 1.182766
2706 1.182738
2707 1.182626
2708 1.182318
2709 1.182688
2710 1.182788
2711 1.183858
2712 1.183534
2713 1.183284
2714 1.183594
2715 1.183502
2716 1.183432
2717 1.184160
2718 1.184036
2719 1.183456
2720 1.183134
2722 1.183400
2723 1.183630
2724 1.183660
2725 1.183198
2726 1.182830
2727 1.182670
2728 1.181728
2729 1.181532
2730 1.181754
2731 1.182192
2732 1.182300
2733 1.181794
2734 1.181980
2735 1.181676
2736 1.182226
2737 1.182612
2738 1.182670
2739 1.182726
2740 1.182406
2742 1.182312
2743 1.182666
2744 1.182572
2745 1.182838
2746 1.183346
2747 1.183722
2748 1.183448
2749 1.183428
2750 1.183534
2751 1.183820
2752 1.183628
2753 1.183474
2754 1.183268
2755 1.183636
2756 1.183720
2757 1.183712
2758 1.183706
2759 1.183640
2760 1.183344
2762 1.183776
2763 1.184104
2764 1.183468
2765 1.183744
2766 1.183304
2767 1.183490
2768 1.183642
2769 1.183674
2770 1.183914
2771 1.183938
2772 1.184200
2773 1.184156
2774 1.183868
2775 1.183948
2776 1.183862
2777 1.183822
2778 1.183892
2779 1.183832
2780 1.183110
2782 1.183438
2783 1.182816
2784 1.182676
2785 1.182922
2786 1.183324
2787 1.183512
2788 1.183164
2789 1.183088
2790 1.183426
2791 1.182856
2792 1.182748
2793 1.182298
2794 1.181792
2795 1.181842
2796 1.181918
2797 1.181788
2798 1.182166
2799 1.181952
2800 1.182142
2802 1.182484
2803 1.182806
2804 1.183010
2805 1.183312
2806 1.182598
2807 1.182694
2808 1.183152
2809 1.182662
2810 1.182740
2811 1.182588
2812 1.182642
2813 1.182766
2814 1.183246
2815 1.183314
2816 1.183366
2817 1.183440
2818 1.183258
2819 1.183052
2820 1.181950
2822 1.180750
2823 1.181410
2824 1.180858
2825 1.180674
2826 1.181554
2827 1.181428
2828 1.181484
2829 1.181662
2830 1.182142
2831 1.181766
2832 1.181712
2833 1.181072
2834 1.180886
2835 1.180888
2836 1.180920
2837 1.180524
2838 1.180814
2839 1.180582
2840 1.180880
2842 1.180922
2843 1.181528
2844 1.181430
2845 1.181718
2846 1.181622
2847 1.181674
2848 1.181620
2849 1.182358
2850 1.182752
2851 1.182998
2852 1.183058
2853 1.183116
2854 1.183280
2855 1.182920
2856 1.182568
2857 1.182466
2858 1.182916
2859 1.182508
2860 1.182386
2862 1.182130
2863 1.181780
2864 1.181540
2865 1.181444
2866 1.181716
2867 1.181950
2868 1.181838
2869 1.181046
2870 1.181322
2871 1.181262
2872 1.181422
2873 1.181994
2874 1.182380
2875 1.182186
2876 1.181968
2877 1.181846
2878 1.181266
2879 1.180888
2880 1.181140
2882 1.181312
2883 1.181260
2884 1.181544
2885 1.182188
2886 1.182882
2887 1.182876
2888 1.182938
2889 1.183402
2890 1.183470
2891 1.182922
2892 1.181994
2893 1.182274
2894 1.182552
2895 1.182312
2896 1.182764
2897 1.183232
2898 1.182894
2899 1.182578
2900 1.182396
2902 1.183130
2903 1.183666
2904 1.183490
2905 1.183964
2906 1.184064
2907 1.183822
2908 1.184286
2909 1.183816
2910 1.183768
2911 1.182978
2912 1.182140
2913 1.182006
2914 1.182194
2915 1.181964
2916 1.181722
2917 1.182210
2918 1.182928
2919 1.182148
2920 1.182238
2922 1.182658
2923 1.182604
2924 1.183078
2925 1.183890
2926 1.183628
2927 1.183992
2928 1.183684
2929 1.184120
2930 1.184352
2931 1.183610
2932 1.183782
2933 1.184012
2934 1.183878
2935 1.183872
2936 1.183552
2937 1.183574
2938 1.183252
2939 1.183456
2940 1.184140
2942 1.184164
2943 1.183808
2944 1.183744
2945 1.183876
2946 1.184516
2947 1.184858
2948 1.184944
2949 1.184916
2950 1.183978
2951 1.184140
2952 1.184652
2953 1.185116
2954 1.184506
2955 1.184276
2956 1.183408
2957 1.183272
2958 1.182924
2959 1.183114
2960 1.183592
2962 1.184080
2963 1.184596
2964 1.185190
2965 1.184856
2966 1.185162
2967 1.185102
2968 1.185028
2969 1.184590
2970 1.184928
2971 1.185006
2972 1.184486
2973 1.184416
2974 1.183680
2975 1.183370
2976 1.183176
2977 1.182268
2978 1.182624
2979 1.183058
2980 1.182172
2982 1.182952
2983 1.182558
2984 1.183278
2985 1.183544
2986 1.183714
2987 1.183864
2988 1.183986
2989 1.183370
2990 1.183720
2991 1.183636
2992 1.184246
2993 1.184092
2994 1.183574
2995 1.183730
2996 1.184130
2997 1.184242
2998 1.183174
2999 1.183222
3000 1.182994
3002 1.182322
3003 1.182024
3004 1.182190
3005 1.181676
3006 1.181760
3007 1.181542
3008 1.181458
3009 1.181814
3010 1.182120
3011 1.182626
3012 1.182818
3013 1.182594
3014 1.182436
3015 1.182204
3016 1.182208
3017 1.182332
3018 1.182088
3019 1.182060
3020 1.182276
3022 1.182002
3023 1.181876
3024 1.181448
3025 1.181830
3026 1.181594
3027 1.180814
3028 1.181166
3029 1.181358
3030 1.180896
3031 1.180446
3032 1.180480
3033 1.180436
3034 1.180928
3035 1.180828
3036 1.181106
3037 1.181134
3038 1.181660
3039 1.182048
3040 1.182230
3042 1.183118
3043 1.182832
3044 1.183250
3045 1.183570
3046 1.183304
3047 1.183172
3048 1.183750
3049 1.184256
3050 1.184100
3051 1.184320
3052 1.184560
3053 1.184376
3054 1.183964
3055 1.184302
3056 1.184220
3057 1.184050
3058 1.184076
3059 1.184058
3060 1.184116
3062 1.184292
3063 1.184532
3064 1.184194
3065 1.183880
3066 1.183840
3067 1.184366
3068 1.184604
3069 1.184706
3070 1.184182
3071 1.183286
3072 1.182884
3073 1.182664
3074 1.182806
3075 1.182964
3076 1.182926
3077 1.182232
3078 1.182160
3079 1.182398
3080 1.183204
3082 1.183372
3083 1.183712
3084 1.183736
3085 1.183642
3086 1.183238
3087 1.182718
3088 1.182534
3089 1.182822
3090 1.183016
3091 1.182908
3092 1.183150
3093 1.182744
3094 1.183760
3095 1.183466
3096 1.183556
3097 1.183632
3098 1.183534
3099 1.183798
3100 1.183722
3102 1.183776
3103 1.183708
3104 1.183294
3105 1.183644
3106 1.183286
3107 1.182962
3108 1.182618
3109 1.182286
3110 1.181804
3111 1.181542
3112 1.181650
3113 1.182004
3114 1.181798
3115 1.181866
3116 1.182034
3117 1.182092
3118 1.182134
3119 1.182414
3120 1.182410
3122 1.183152
3123 1.182786
3124 1.182468
3125 1.182410
3126 1.182508
3127 1.182590
3128 1.182282
3129 1.182584
3130 1.182196
3131 1.182322
3132 1.182568
3133 1.182770
3134 1.182360
3135 1.182434
3136 1.182422
3137 1.183036
3138 1.183034
3139 1.183274
3140 1.183676
3142 1.183914
3143 1.184614
3144 1.184798
3145 1.184722
3146 1.184836
3147 1.184912
3148 1.184984
3149 1.185068
3150 1.184892
3151 1.184864
3152 1.184326
3153 1.184406
3154 1.184486
3155 1.183700
3156 1.183864
3157 1.183674
3158 1.183682
3159 1.183222
3160 1.183160
3162 1.182996
3163 1.183238
3164 1.183508
3165 1.183614
3166 1.183874
3167 1.183574
3168 1.183208
3169 1.183602
3170 1.183894
3171 1.184202
3172 1.184004
3173 1.183688
3174 1.183108
3175 1.183208
3176 1.183714
3177 1.183314
3178 1.183694
3179 1.183750
3180 1.183716
3182 1.183556
3183 1.183222
3184 1.183368
3185 1.182844
3186 1.182668
3187 1.183006
3188 1.183456
3189 1.183696
3190 1.183982
3191 1.184142
3192 1.184260
3193 1.183716
3194 1.183604
3195 1.183192
3196 1.183028
3197 1.183706
3198 1.183816
3199 1.183326
3200 1.183648
3202 1.183016
3203 1.182820
3204 1.183068
3205 1.182804
3206 1.183068
3207 1.183160
3208 1.183700
3209 1.183644
3210 1.183742
3211 1.183482
3212 1.183006
3213 1.182170
3214 1.182056
3215 1.181574
3216 1.180600
3217 1.180736
3218 1.180926
3219 1.181470
3220 1.182132
3222 1.182354
3223 1.182298
3224 1.182104
3225 1.181454
3226 1.181510
3227 1.181188
3228 1.181506
3229 1.181686
3230 1.181474
3231 1.181564
3232 1.181396
3233 1.181030
3234 1.180586
3235 1.180584
3236 1.180928
3237 1.181234
3238 1.181148
3239 1.181110
3240 1.180658
3242 1.180766
3243 1.181214
3244 1.181012
3245 1.180598
3246 1.181152
3247 1.181026
3248 1.180648
3249 1.181672
3250 1.181926
3251 1.181646
3252 1.181520
3253 1.181382
3254 1.181986
3255 1.182340
3256 1.181980
3257 1.182184
3258 1.182646
3259 1.182566
3260 1.182732
3262 1.182730
3263 1.182768
3264 1.182598
3265 1.182896
3266 1.183260
3267 1.183308
3268 1.182602
3269 1.183144
3270 1.183694
3271 1.183242
3272 1.182740
3273 1.182640
3274 1.182398
3275 1.182294
3276 1.182634
3277 1.182680
3278 1.182666
3279 1.182574
3280 1.182848
3282 1.182572
3283 1.183064
3284 1.183344
3285 1.182980
3286 1.182984
3287 1.182708
3288 1.182422
3289 1.182528
3290 1.181894
3291 1.181986
3292 1.182380
3293 1.182376
3294 1.182568
3295 1.182464
3296 1.182700
3297 1.183128
3298 1.183070
3299 1.183602
3300 1.183926
3302 1.185008
3303 1.185134
3304 1.185056
3305 1.184922
3306 1.184492
3307 1.184642
3308 1.185308
3309 1.185638
3310 1.185894
3311 1.186086
3312 1.186056
3313 1.186278
3314 1.186846
3315 1.186510
3316 1.186518
3317 1.186824
3318 1.187104
3319 1.186294
3320 1.186468
3322 1.186542
3323 1.185740
3324 1.185218
3325 1.184900
3326 1.185640
3327 1.185072
3328 1.185488
3329 1.184986
3330 1.185008
3331 1.184688
3332 1.184614
3333 1.184350
3334 1.184490
3335 1.184336
3336 1.184076
3337 1.184464
3338 1.184506
3339 1.184866
3340 1.184772
3342 1.184704
3343 1.184454
3344 1.184132
3345 1.184300
3346 1.184280
3347 1.183654
3348 1.183242
3349 1.182814
3350 1.182980
3351 1.182632
3352 1.182540
3353 1.182564
3354 1.182690
3355 1.182670
3356 1.182726
3357 1.182522
3358 1.183158
3359 1.182812
3360 1.182948
3362 1.183976
3363 1.184546
3364 1.184468
3365 1.184246
3366 1.183552
3367 1.183710
3368 1.183138
3369 1.183464
3370 1.183694
3371 1.183048
3372 1.182946
3373 1.182950
3374 1.183058
3375 1.182732
3376 1.182884
3377 1.183406
3378 1.183346
3379 1.183120
3380 1.183276
3382 1.182724
3383 1.182612
3384 1.182818
3385 1.182972
3386 1.182746
3387 1.182700
3388 1.182754
3389 1.183062
3390 1.182284
3391 1.182144
3392 1.182244
3393 1.182142
3394 1.182254
3395 1.182014
3396 1.182072
3397 1.182136
3398 1.182594
3399 1.182440
3400 1.182868
3402 1.183214
3403 1.183622
3404 1.183336
3405 1.183614
3406 1.183886
3407 1.183522
3408 1.184034
3409 1.183588
3410 1.183924
3411 1.183816
3412 1.183346
3413 1.183800
3414 1.184100
3415 1.184524
3416 1.184140
3417 1.183890
3418 1.183442
3419 1.183562
3420 1.183608
3422 1.183044
3423 1.182850
3424 1.183036
3425 1.182938
3426 1.181978
3427 1.182124
3428 1.182248
3429 1.182250
3430 1.182450
3431 1.182984
3432 1.183126
3433 1.183206
3434 1.183218
3435 1.183674
3436 1.183562
3437 1.183402
3438 1.182828
3439 1.182466
3440 1.182678
3442 1.183042
3443 1.183022
3444 1.183086
3445 1.183280
3446 1.183240
3447 1.183598
3448 1.183366
3449 1.183440
3450 1.183132
3451 1.183064
3452 1.183036
3453 1.182574
3454 1.182280
3455 1.182796
3456 1.182354
3457 1.182660
3458 1.183026
3459 1.183532
3460 1.183498
3462 1.182958
3463 1.183186
3464 1.183248
3465 1.183158
3466 1.183222
3467 1.182582
3468 1.182312
3469 1.182392
3470 1.182672
3471 1.182618
3472 1.182384
3473 1.181922
3474 1.182006
3475 1.181958
3476 1.181948
3477 1.181822
3478 1.181496
3479 1.182128
3480 1.182260
3482 1.182498
3483 1.182450
3484 1.182616
3485 1.182520
3486 1.182954
3487 1.183160
3488 1.182956
3489 1.183522
3490 1.183960
3491 1.183620
3492 1.183906
3493 1.184278
3494 1.184036
3495 1.184702
3496 1.184390
3497 1.184526
3498 1.183952
3499 1.183518
3500 1.184016
3502 1.183836
3503 1.183824
3504 1.183534
3505 1.183692
3506 1.183242
3507 1.183700
3508 1.184290
3509 1.184292
3510 1.184508
3511 1.184360
3512 1.184224
3513 1.184092
3514 1.184442
3515 1.184050
3516 1.183532
3517 1.184232
3518 1.184410
3519 1.184650
3520 1.184260
3522 1.184820
3523 1.185018
3524 1.184786
3525 1.184686
3526 1.184592
3527 1.184090
3528 1.183636
3529 1.182876
3530 1.182414
3531 1.182438
3532 1.181904
3533 1.182196
3534 1.182382
3535 1.182942
3536 1.183628
3537 1.183680
3538 1.183754
3539 1.183422
3540 1.183560
3542 1.183272
3543 1.183472
3544 1.182764
3545 1.183232
3546 1.183416
3547 1.183474
3548 1.183480
3549 1.183318
3550 1.183742
3551 1.183450
3552 1.183066
3553 1.183300
3554 1.183114
3555 1.183302
3556 1.183664
3557 1.182890
3558 1.182644
3559 1.182892
3560 1.182970
3562 1.182984
3563 1.182608
3564 1.182462
3565 1.182638
3566 1.182442
3567 1.181894
3568 1.181842
3569 1.181134
3570 1.180674
3571 1.180510
3572 1.179846
3573 1.180012
3574 1.180666
3575 1.181054
3576 1.180966
3577 1.181564
3578 1.181608
3579 1.181606
3580 1.181846
3582 1.182334
3583 1.182084
3584 1.181918
3585 1.182190
3586 1.182406
3587 1.181800
3588 1.181716
3589 1.181572
3590 1.181384
3591 1.181570
3592 1.182058
3593 1.182352
3594 1.181882
3595 1.181774
3596 1.181898
3597 1.181832
3598 1.181798
3599 1.181308
3600 1.181334
3602 1.182050
3603 1.182314
3604 1.182402
3605 1.181844
3606 1.181382
3607 1.181650
3608 1.182162
3609 1.182042
3610 1.182714
3611 1.183190
3612 1.182768
3613 1.182294
3614 1.182752
3615 1.182442
3616 1.182662
3617 1.182978
3618 1.182812
3619 1.182970
3620 1.183376
3622 1.183254
3623 1.183354
3624 1.183278
3625 1.184382
3626 1.184068
3627 1.183694
3628 1.183592
3629 1.184194
3630 1.183952
3631 1.184148
3632 1.183760
3633 1.183272
3634 1.182830
3635 1.183382
3636 1.183082
3637 1.182980
3638 1.183700
3639 1.183844
3640 1.183770
3642 1.183956
3643 1.184784
3644 1.185072
3645 1.185072
3646 1.184814
3647 1.183472
3648 1.183622
3649 1.183742
3650 1.183600
3651 1.183568
3652 1.183914
3653 1.183302
3654 1.183156
3655 1.183674
3656 1.183730
3657 1.183512
3658 1.183278
3659 1.183424
3660 1.183714
3662 1.183208
3663 1.183228
3664 1.182874
3665 1.183000
3666 1.182518
3667 1.182092
3668 1.181618
3669 1.181200
3670 1.181434
3671 1.180562
3672 1.180640
3673 1.180876
3674 1.180994
3675 1.180698
3676 1.181046
3677 1.181542
3678 1.181490
3679 1.181762
3680 1.182368
3682 1.181852
3683 1.181778
3684 1.181888
3685 1.181818
3686 1.181856
3687 1.182046
3688 1.182768
3689 1.182588
3690 1.183014
3691 1.182864
3692 1.183032
3693 1.182744
3694 1.182790
3695 1.182196
3696 1.182006
3697 1.181404
3698 1.181550
3699 1.181528
3700 1.181272


Active cycles: 2200
k_mean: 1.182976
k_stddev(cycle): 0.001173
k_stderr(mean): 0.000025
