1 1.020470
2 1.036904
3 1.054388
4 1.071912
5 1.088356
6 1.102806
7 1.116242
8 1.128242
9 1.138118
10 1.146748
11 1.154886
12 1.161626
13 1.168176
14 1.174418
15 1.179322
16 1.184754
17 1.189312
18 1.194018
19 1.198142
20 1.201760
21 1.206278
22 1.210576
23 1.213826
24 1.217322
25 1.220626
26 1.223736
27 1.226550
28 1.229594
29 1.232610
30 1.235532
31 1.238060
32 1.240406
33 1.241980
34 1.243994
35 1.246494
36 1.248482
37 1.249930
38 1.251204
39 1.252994
40 1.254098
41 1.255878
42 1.256770
43 1.258370
44 1.259756
45 1.260154
46 1.260572
47 1.261180
48 1.261800
49 1.262372
50 1.262720
51 1.263218
52 1.263448
53 1.263990
54 1.264046
55 1.264106
56 1.264164
57 1.264142
58 1.264570
59 1.265052
60 1.264906
61 1.265626
62 1.266420
63 1.266492
64 1.266186
65 1.265962
66 1.265676
67 1.265718
68 1.266044
69 1.266194
70 1.266400
71 1.266886
72 1.266896
73 1.266382
74 1.266356
75 1.265468
76 1.265542
77 1.265646
78 1.265118
79 1.264282
80 1.263744
81 1.263054
82 1.261864
83 1.261418
84 1.261490
85 1.260948
86 1.260620
87 1.259780
88 1.259038
89 1.258582
90 1.258946
91 1.258750
92 1.258354
93 1.258308
94 1.258362
95 1.257320
96 1.256848
97 1.255906
98 1.255888
99 1.255730
100 1.255176
101 1.254688
102 1.253768
103 1.252900
104 1.252540
105 1.252298
106 1.252006
107 1.251346
108 1.250600
109 1.249818
110 1.250104
111 1.249496
112 1.249576
113 1.249304
114 1.248602
115 1.248486
116 1.247736
117 1.247724
118 1.246892
119 1.246328
120 1.245826
121 1.244786
122 1.243958
123 1.243712
124 1.242664
125 1.242488
126 1.241830
127 1.240996
128 1.240652
129 1.239460
130 1.238326
131 1.237720
132 1.238128
133 1.237404
134 1.236770
135 1.237552
136 1.238268
137 1.238742
138 1.237712
139 1.236982
140 1.236656
141 1.235910
142 1.235104
143 1.234404
144 1.233934
145 1.233640
146 1.232900
147 1.232558
148 1.231974
149 1.232066
150 1.230998
151 1.231014
152 1.230630
153 1.230012
154 1.229768
155 1.229486
156 1.229264
157 1.229356
158 1.228582
159 1.228386
160 1.227534
161 1.227342
162 1.226664
163 1.226272
164 1.225550
165 1.225118
166 1.224762
167 1.224194
168 1.223236
169 1.223538
170 1.222570
171 1.222564
172 1.221872
173 1.221386
174 1.220722
175 1.219910
176 1.219646
177 1.219242
178 1.219264
179 1.218828
180 1.219442
181 1.219084
182 1.219680
183 1.219568
184 1.218776
185 1.218312
186 1.218272
187 1.217990
188 1.217252
189 1.217170
190 1.216994
191 1.216778
192 1.217104
193 1.216582
194 1.216182
195 1.216330
196 1.216220
197 1.215982
198 1.215282
199 1.215228
200 1.214458
201 1.214326
202 1.213832
203 1.213370
204 1.213156
205 1.212890
206 1.212902
207 1.212804
208 1.213074
209 1.213110
210 1.212358
211 1.212646
212 1.212078
213 1.211444
214 1.211002
215 1.210754
216 1.210682
217 1.210094
218 1.210230
219 1.210558
220 1.209558
221 1.209742
222 1.209384
223 1.209040
224 1.209052
225 1.208944
226 1.208900
227 1.208894
228 1.208240
229 1.207826
230 1.207546
231 1.206994
232 1.206798
233 1.206386
234 1.206338
235 1.205498
236 1.205484
237 1.204790
238 1.204796
239 1.205026
240 1.204682
241 1.204576
242 1.204614
243 1.205098
244 1.204786
245 1.204538
246 1.204778
247 1.204356
248 1.203792
249 1.203954
250 1.204244
251 1.204166
252 1.203658
253 1.203328
254 1.203034
255 1.202818
256 1.202366
257 1.201920
258 1.201870
259 1.201794
260 1.201608
261 1.201508
262 1.201382
263 1.201524
264 1.201724
265 1.202166
266 1.202068
267 1.201512
268 1.201298
269 1.201304
270 1.201370
271 1.200396
272 1.199676
273 1.199246
274 1.198576
275 1.198868
276 1.198624
277 1.198904
278 1.197852
279 1.197456
280 1.197148
281 1.196616
282 1.196968
283 1.196722
284 1.196104
285 1.195734
286 1.194942
287 1.194404
288 1.194828
289 1.194778
290 1.194388
291 1.194506
292 1.194306
293 1.194804
294 1.194912
295 1.194650
296 1.194474
297 1.194080
298 1.193944
299 1.193976
300 1.193418
301 1.193078
302 1.193086
303 1.193374
304 1.193800
305 1.194316
306 1.193788
307 1.193982
308 1.193980
309 1.193596
310 1.192954
311 1.193530
312 1.193260
313 1.192840
314 1.193240
315 1.193334
316 1.193068
317 1.193330
318 1.193512
319 1.193550
320 1.193596
321 1.193722
322 1.193974
323 1.194380
324 1.194532
325 1.193878
326 1.193636
327 1.193336
328 1.192900
329 1.193380
330 1.193320
331 1.193650
332 1.193744
333 1.193622
334 1.193706
335 1.193468
336 1.193586
337 1.192874
338 1.192574
339 1.192548
340 1.191834
341 1.191766
342 1.191948
343 1.191926
344 1.191764
345 1.191794
346 1.191652
347 1.191698
348 1.191676
349 1.192262
350 1.191966
351 1.191458
352 1.190884
353 1.191148
354 1.190572
355 1.190300
356 1.189904
357 1.189070
358 1.188700
359 1.189154
360 1.188962
361 1.188998
362 1.189010
363 1.189248
364 1.188590
365 1.188792
366 1.188864
367 1.189032
368 1.188870
369 1.188500
370 1.188798
371 1.188578
372 1.188792
373 1.189110
374 1.189478
375 1.190300
376 1.190184
377 1.189470
378 1.189454
379 1.188980
380 1.189042
381 1.188960
382 1.188964
383 1.189030
384 1.188934
385 1.189358
386 1.189210
387 1.188800
388 1.188790
389 1.189186
390 1.188878
391 1.188672
392 1.189596
393 1.189666
394 1.189182
395 1.189050
396 1.188864
397 1.189116
398 1.189314
399 1.188718
400 1.188152
401 1.187816
402 1.188320
403 1.188140
404 1.188800
405 1.189038
406 1.189146
407 1.189364
408 1.189288
409 1.189142
410 1.189316
411 1.189118
412 1.188840
413 1.189454
414 1.189342
415 1.189506
416 1.188830
417 1.188780
418 1.189040
419 1.189082
420 1.188858
421 1.189028
422 1.188968
423 1.188210
424 1.188358
425 1.188832
426 1.189040
427 1.188544
428 1.188136
429 1.188058
430 1.187974
431 1.188482
432 1.188188
433 1.187602
434 1.187892
435 1.187734
436 1.186990
437 1.186842
438 1.186820
439 1.186930
440 1.187264
441 1.187506
442 1.187492
443 1.187884
444 1.187408
445 1.187438
446 1.187276
447 1.187736
448 1.187938
449 1.187570
450 1.187982
451 1.187676
452 1.187378
453 1.187064
454 1.186932
455 1.186970
456 1.187536
457 1.187276
458 1.186826
459 1.187218
460 1.186800
461 1.186994
462 1.187144
463 1.186702
464 1.186930
465 1.186858
466 1.186782
467 1.186928
468 1.187260
469 1.187316
470 1.187278
471 1.188032
472 1.188378
473 1.188646
474 1.188438
475 1.188484
476 1.188386
477 1.188416
478 1.188484
479 1.188488
480 1.188368
481 1.188266
482 1.187852
483 1.187238
484 1.187374
485 1.187260
486 1.187276
487 1.187454
488 1.186862
489 1.187562
490 1.187378
491 1.187096
492 1.186988
493 1.186612
494 1.186996
495 1.186358
496 1.186670
497 1.186492
498 1.186236
499 1.186354
500 1.186512
501 1.186420
502 1.186304
503 1.186086
504 1.185658
505 1.185786
506 1.186216
507 1.185664
508 1.185678
509 1.185838
510 1.185936
511 1.186028
512 1.186288
513 1.186284
514 1.186504
515 1.187036
516 1.186714
517 1.186622
518 1.186000
519 1.186450
520 1.186194
521 1.186820
522 1.186864
523 1.187440
524 1.187216
525 1.187440
526 1.187206
527 1.186922
528 1.186710
529 1.186322
530 1.185846
531 1.185630
532 1.185608
533 1.185704
534 1.185404
535 1.185296
536 1.185162
537 1.185712
538 1.185898
539 1.186094
540 1.186052
541 1.186318
542 1.186242
543 1.187074
544 1.187594
545 1.187522
546 1.187638
547 1.187770
548 1.187234
549 1.187358
550 1.187930
551 1.187670
552 1.187696
553 1.187024
554 1.187252
555 1.186866
556 1.186928
557 1.186846
558 1.186252
559 1.186318
560 1.186642
561 1.186978
562 1.187186
563 1.186976
564 1.187762
565 1.187778
566 1.187344
567 1.187250
568 1.187364
569 1.187352
570 1.188000
571 1.187984
572 1.188028
573 1.188316
574 1.188614
575 1.188480
576 1.188566
577 1.188230
578 1.188502
579 1.188386
580 1.188734
581 1.188274
582 1.187510
583 1.187804
584 1.187686
585 1.187450
586 1.187304
587 1.187484
588 1.187748
589 1.187424
590 1.187268
591 1.187484
592 1.187666
593 1.187624
594 1.188142
595 1.187452
596 1.187444
597 1.187704
598 1.187524
599 1.187958
600 1.187810
601 1.188258
602 1.188072
603 1.188082
604 1.188124
605 1.187526
606 1.187926
607 1.187942
608 1.187882
609 1.187738
610 1.187934
611 1.188028
612 1.188358
613 1.188850
614 1.188410
615 1.188168
616 1.187708
617 1.187994
618 1.188478
619 1.188622
620 1.188714
621 1.188744
622 1.188340
623 1.188006
624 1.187962
625 1.187822
626 1.187634
627 1.187814
628 1.188198
629 1.188330
630 1.188092
631 1.188492
632 1.188148
633 1.188088
634 1.188112
635 1.188374
636 1.188624
637 1.188276
638 1.188372
639 1.187866
640 1.188236
641 1.187574
642 1.187264
643 1.187402
644 1.187274
645 1.187000
646 1.186666
647 1.186020
648 1.185780
649 1.185272
650 1.185250
651 1.185168
652 1.185754
653 1.186592
654 1.186208
655 1.186592
656 1.187008
657 1.186766
658 1.186602
659 1.186256
660 1.186004
661 1.185764
662 1.186224
663 1.186168
664 1.185968
665 1.186150
666 1.186652
667 1.186152
668 1.185892
669 1.185492
670 1.185336
671 1.185390
672 1.185628
673 1.185316
674 1.185476
675 1.185242
676 1.184816
677 1.185360
678 1.185128
679 1.184356
680 1.184606
681 1.184226
682 1.184078
683 1.184388
684 1.184322
685 1.185002
686 1.184768
687 1.185174
688 1.185482
689 1.185216
690 1.185736
691 1.185560
692 1.185512
693 1.185410
694 1.184918
695 1.184746
696 1.184424
697 1.184846
698 1.185294
699 1.186098
700 1.186448
701 1.186068
702 1.186276
703 1.186728
704 1.186986
705 1.187504
706 1.187702
707 1.188230
708 1.188130
709 1.187616
710 1.187794
711 1.187994
712 1.187982
713 1.187906
714 1.187702
715 1.187552
716 1.187098
717 1.186868
718 1.186806
719 1.187166
720 1.187572
721 1.187252
722 1.187536
723 1.187830
724 1.188140
725 1.187952
726 1.187772
727 1.187060
728 1.187116
729 1.187328
730 1.187408
731 1.187434
732 1.187058
733 1.186472
734 1.185972
735 1.186732
736 1.186744
737 1.186206
738 1.186340
739 1.187200
740 1.187528
741 1.186668
742 1.187188
743 1.187130
744 1.186852
745 1.186476
746 1.186346
747 1.187312
748 1.187702
749 1.187586
750 1.186990
751 1.186808
752 1.186566
753 1.185668
754 1.185760
755 1.185456
756 1.185876
757 1.186348
758 1.185894
759 1.185690
760 1.186322
761 1.186646
762 1.186300
763 1.186404
764 1.186900
765 1.186820
766 1.186458
767 1.186356
768 1.185384
769 1.185676
770 1.184836
771 1.185034
772 1.185342
773 1.185414
774 1.185412
775 1.185368
776 1.185614
777 1.185934
778 1.186414
779 1.185554
780 1.185564
781 1.185656
782 1.185946
783 1.185708
784 1.185086
785 1.184360
786 1.184600
787 1.185248
788 1.185058
789 1.185296
790 1.185276
791 1.184910
792 1.185534
793 1.185782
794 1.185558
795 1.185098
796 1.185004
797 1.185020
798 1.184614
799 1.184926
800 1.184826
801 1.185150
802 1.185332
803 1.185224
804 1.185588
805 1.184640
806 1.184162
807 1.184208
808 1.184014
809 1.183724
810 1.183588
811 1.183374
812 1.183942
813 1.184150
814 1.184176
815 1.184308
816 1.184428
817 1.184394
818 1.184438
819 1.184738
820 1.184826
821 1.184680
822 1.185104
823 1.185272
824 1.185450
825 1.185558
826 1.185668
827 1.186054
828 1.185666
829 1.185750
830 1.185540
831 1.184986
832 1.184838
833 1.185114
834 1.185416
835 1.185948
836 1.186078
837 1.185866
838 1.185686
839 1.185384
840 1.185474
841 1.185714
842 1.186008
843 1.185520
844 1.186306
845 1.185764
846 1.185100
847 1.184886
848 1.185160
849 1.185166
850 1.185572
851 1.185392
852 1.184694
853 1.185262
854 1.185350
855 1.185162
856 1.185366
857 1.185390
858 1.185464
859 1.185688
860 1.185884
861 1.185324
862 1.185272
863 1.185154
864 1.185344
865 1.184828
866 1.185344
867 1.185322
868 1.185500
869 1.185288
870 1.185278
871 1.185818
872 1.185738
873 1.185816
874 1.185212
875 1.184614
876 1.185128
877 1.184844
878 1.185278
879 1.185598
880 1.185696
881 1.186058
882 1.185782
883 1.185122
884 1.185052
885 1.185272
886 1.184466
887 1.184972
888 1.185210
889 1.185378
890 1.185740
891 1.185658
892 1.185630
893 1.186118
894 1.185952
895 1.185620
896 1.185512
897 1.185298
898 1.185270
899 1.185690
900 1.185556
901 1.185282
902 1.185222
903 1.185152
904 1.185118
905 1.185018
906 1.185558
907 1.185360
908 1.185362
909 1.185620
910 1.185748
911 1.185584
912 1.185868
913 1.185056
914 1.185484
915 1.185538
916 1.185678
917 1.185534
918 1.185302
919 1.185922
920 1.185902
921 1.186096
922 1.186106
923 1.185644
924 1.186100
925 1.186428
926 1.186478
927 1.186216
928 1.186464
929 1.185994
930 1.186298
931 1.186534
932 1.186898
933 1.187268
934 1.187026
935 1.186568
936 1.186314
937 1.186572
938 1.186306
939 1.186446
940 1.186636
941 1.186924
942 1.187350
943 1.187518
944 1.187142
945 1.186884
946 1.187260
947 1.187720
948 1.187486
949 1.187604
950 1.186944
951 1.186030
952 1.186064
953 1.185766
954 1.185578
955 1.185056
956 1.184992
957 1.184360
958 1.184618
959 1.184420
960 1.184752
961 1.185212
962 1.185406
963 1.186392
964 1.186682
965 1.186682
966 1.186692
967 1.186754
968 1.186080
969 1.185748
970 1.186126
971 1.185702
972 1.185554
973 1.185240
974 1.185704
975 1.185500
976 1.185254
977 1.185066
978 1.184862
979 1.185526
980 1.185818
981 1.186454
982 1.186244
983 1.186614
984 1.186394
985 1.186062
986 1.185646
987 1.185508
988 1.184800
989 1.184796
990 1.185096
991 1.185100
992 1.184784
993 1.185012
994 1.186096
995 1.185580
996 1.185846
997 1.185868
998 1.186286
999 1.186604
1000 1.186930
1001 1.186258
1002 1.186228
1003 1.186084
1004 1.186024
1005 1.185272
1006 1.184602
1007 1.184436
1008 1.183964
1009 1.183426
1010 1.183262
1011 1.183438
1012 1.183552
1013 1.183678
1014 1.183752
1015 1.184328
1016 1.183486
1017 1.183580
1018 1.183820
1019 1.183514
1020 1.183506
1021 1.183558
1022 1.184010
1023 1.183976
1024 1.184012
1025 1.184478
1026 1.184556
1027 1.184888
1028 1.186070
1029 1.185374
1030 1.185384
1031 1.185516
1032 1.185404
1033 1.185104
1034 1.184662
1035 1.185022
1036 1.185642
1037 1.184964
1038 1.184906
1039 1.185048
1040 1.184366
1041 1.185162
1042 1.185458
1043 1.185872
1044 1.185654
1045 1.185268
1046 1.185880
1047 1.184866
1048 1.184532
1049 1.183972
1050 1.184222
1051 1.184494
1052 1.184704
1053 1.184538
1054 1.184572
1055 1.184492
1056 1.184992
1057 1.184550
1058 1.184876
1059 1.184442
1060 1.184386
1061 1.184424
1062 1.184796
1063 1.184528
1064 1.183940
1065 1.183920
1066 1.184636
1067 1.184728
1068 1.184688
1069 1.185138
1070 1.185436
1071 1.185468
1072 1.185692
1073 1.185798
1074 1.186268
1075 1.186340
1076 1.186880
1077 1.186806
1078 1.187032
1079 1.186668
1080 1.186022
1081 1.186186
1082 1.186078
1083 1.186356
1084 1.186596
1085 1.187598
1086 1.187526
1087 1.187406
1088 1.187778
1089 1.188110
1090 1.187730
1091 1.188096
1092 1.187680
1093 1.186796
1094 1.186894
1095 1.186602
1096 1.186366
1097 1.186094
1098 1.185194
1099 1.184800
1100 1.184712
1101 1.184876
1102 1.184762
1103 1.184100
1104 1.184328
1105 1.184010
1106 1.183588
1107 1.183880
1108 1.184338
1109 1.184514
1110 1.184482
1111 1.184716
1112 1.184730
1113 1.185228
1114 1.185086
1115 1.184908
1116 1.185490
1117 1.186470
1118 1.186770
1119 1.186464
1120 1.186524
1121 1.185948
1122 1.186022
1123 1.186728
1124 1.187146
1125 1.186646
1126 1.186960
1127 1.186840
1128 1.187102
1129 1.186808
1130 1.187118
1131 1.186914
1132 1.186678
1133 1.186214
1134 1.186288
1135 1.186218
1136 1.186052
1137 1.185632
1138 1.185530
1139 1.185348
1140 1.185372
1141 1.185516
1142 1.185808
1143 1.185456
1144 1.185762
1145 1.185824
1146 1.184988
1147 1.185030
1148 1.184764
1149 1.184412
1150 1.184328
1151 1.183780
1152 1.183254
1153 1.183012
1154 1.183196
1155 1.183668
1156 1.183368
1157 1.183318
1158 1.183516
1159 1.184198
1160 1.184374
1161 1.184722
1162 1.184548
1163 1.184612
1164 1.184644
1165 1.184464
1166 1.184490
1167 1.184890
1168 1.184850
1169 1.185152
1170 1.184898
1171 1.184992
1172 1.184138
1173 1.184100
1174 1.183478
1175 1.183820
1176 1.184142
1177 1.183748
1178 1.183296
1179 1.183656
1180 1.183452
1181 1.183870
1182 1.183840
1183 1.183602
1184 1.183606
1185 1.183480
1186 1.183566
1187 1.183394
1188 1.183120
1189 1.183294
1190 1.183250
1191 1.182952
1192 1.183450
1193 1.183824
1194 1.184282
1195 1.184996
1196 1.185012
1197 1.185332
1198 1.185586
1199 1.185362
1200 1.185380
1201 1.185402
1202 1.185296
1203 1.185444
1204 1.185464
1205 1.185824
1206 1.185368
1207 1.185778
1208 1.185866
1209 1.186408
1210 1.186896
1211 1.186848
1212 1.186774
1213 1.186612
1214 1.186936
1215 1.187052
1216 1.187572
1217 1.187638
1218 1.187608
1219 1.187386
1220 1.186918
1221 1.186736
1222 1.186738
1223 1.186166
1224 1.185788
1225 1.185876
1226 1.186150
1227 1.186230
1228 1.185764
1229 1.186232
1230 1.185732
1231 1.185620
1232 1.184888
1233 1.184238
1234 1.184806
1235 1.184786
1236 1.185608
1237 1.185632
1238 1.185664
1239 1.185190
1240 1.184810
1241 1.184860
1242 1.185274
1243 1.185088
1244 1.185640
1245 1.185140
1246 1.185350
1247 1.185368
1248 1.185352
1249 1.185446
1250 1.185370
1251 1.185558
1252 1.185370
1253 1.185358
1254 1.185358
1255 1.185370
1256 1.184830
1257 1.185138
1258 1.184826
1259 1.185134
1260 1.184802
1261 1.184898
1262 1.185672
1263 1.185766
1264 1.186290
1265 1.186042
1266 1.186146
1267 1.186240
1268 1.186254
1269 1.185770
1270 1.186192
1271 1.186330
1272 1.186034
1273 1.186104
1274 1.186126
1275 1.186514
1276 1.186234
1277 1.186122
1278 1.186388
1279 1.186626
1280 1.186264
1281 1.186056
1282 1.186360
1283 1.186464
1284 1.186876
1285 1.186490
1286 1.186236
1287 1.186200
1288 1.185910
1289 1.186398
1290 1.185510
1291 1.185596
1292 1.185712
1293 1.186402
1294 1.186436
1295 1.186574
1296 1.186360
1297 1.185704
1298 1.186380
1299 1.185734
1300 1.185736
1301 1.185624
1302 1.185206
1303 1.185196
1304 1.186222
1305 1.185974
1306 1.185668
1307 1.186000
1308 1.185708
1309 1.185972
1310 1.186320
1311 1.186034
1312 1.185596
1313 1.185510
1314 1.185436
1315 1.185610
1316 1.185308
1317 1.184666
1318 1.184810
1319 1.185526
1320 1.185516
1321 1.185770
1322 1.186418
1323 1.186590
1324 1.186536
1325 1.186002
1326 1.185880
1327 1.185416
1328 1.185040
1329 1.184356
1330 1.184434
1331 1.184104
1332 1.183654
1333 1.183750
1334 1.183856
1335 1.184090
1336 1.184250
1337 1.183656
1338 1.183810
1339 1.183632
1340 1.184234
1341 1.184192
1342 1.184018
1343 1.184546
1344 1.183928
1345 1.183260
1346 1.183526
1347 1.183318
1348 1.183648
1349 1.184236
1350 1.184406
1351 1.185102
1352 1.185460
1353 1.185576
1354 1.185686
1355 1.186028
1356 1.185862
1357 1.185558
1358 1.185438
1359 1.185608
1360 1.186116
1361 1.186680
1362 1.186706
1363 1.186162
1364 1.185960
1365 1.185800
1366 1.185436
1367 1.185654
1368 1.185426
1369 1.185284
1370 1.184896
1371 1.185186
1372 1.185428
1373 1.185210
1374 1.185250
1375 1.185294
1376 1.185386
1377 1.184910
1378 1.185080
1379 1.185542
1380 1.185606
1381 1.185312
1382 1.185588
1383 1.185548
1384 1.185388
1385 1.184868
1386 1.184806
1387 1.184914
1388 1.184460
1389 1.184720
1390 1.184698
1391 1.184698
1392 1.184698
1393 1.184698
1394 1.184698
1395 1.184698
1396 1.184698
1397 1.184698
1398 1.184698
1399 1.184698
