1 0.591214
2 1.079692
3 1.110140
4 1.130070
5 1.141815
6 1.151067
7 1.155737
8 1.160781
9 1.166009
10 1.169257
11 1.173231
12 1.174126
13 1.175824
14 1.175542
15 1.176992
16 1.179026
17 1.178572
18 1.179077
19 1.181220
20 1.179797
21 1.181472
22 1.179907
23 1.178848
24 1.178006
25 1.181132
26 1.181082
27 1.181386
28 1.182163
29 1.179601
30 1.180381
31 1.181326
32 1.181415
33 1.182556
34 1.181481
35 1.182724
36 1.181193
37 1.182754
38 1.179847
39 1.182507
40 1.180417
41 1.181462
42 1.181440
43 1.181212
44 1.183438
45 1.182477
46 1.181719
47 1.180510
48 1.181740
49 1.180812
50 1.181159
51 1.182344
52 1.181762
53 1.180465
54 1.182246
55 1.182621
56 1.181200
57 1.182357
58 1.182739
59 1.180357
60 1.179455
61 1.184434
62 1.181742
63 1.182293
64 1.181900
65 1.183222
66 1.182592
67 1.181183
68 1.183028
69 1.182980
70 1.183433
71 1.182081
72 1.182487
73 1.182373
74 1.181774
75 1.181205
76 1.182820
77 1.182787
78 1.181987
79 1.182299
80 1.182628
81 1.181543
82 1.182274
83 1.182601
84 1.183322
85 1.181343
86 1.180474
87 1.181772
88 1.183194
89 1.181546
90 1.183683
91 1.183340
92 1.182249
93 1.182784
94 1.181904
95 1.182107
96 1.181345
97 1.182242
98 1.182183
99 1.183517
100 1.182450
101 1.182890
102 1.182673
103 1.184748
104 1.182041
105 1.181194
106 1.181521
107 1.184039
108 1.182960
109 1.183153
110 1.184197
111 1.183417
112 1.182495
113 1.181081
114 1.181917
115 1.182377
116 1.184089
117 1.184337
118 1.182217
119 1.182370
120 1.181999
121 1.183431
122 1.181892
123 1.183046
124 1.183495
125 1.183431
126 1.183478
127 1.183295
128 1.182141
129 1.183600
130 1.181687
131 1.182486
132 1.183617
133 1.182324
134 1.182854
135 1.182819
136 1.181354
137 1.181274
138 1.181909
139 1.182852
140 1.181991
141 1.181746
142 1.182151
143 1.183383
144 1.184957
145 1.183226
146 1.184726
147 1.184143
148 1.182275
149 1.184540
150 1.182806
151 1.184373
152 1.183983
153 1.182371
154 1.181661
155 1.181820
156 1.181523
157 1.183514
158 1.183598
159 1.181685
160 1.184342
161 1.181479
162 1.183870
163 1.183484
164 1.180916
165 1.182754
166 1.182689
167 1.181990
168 1.182898
169 1.183767
170 1.183155
171 1.181739
172 1.184748
173 1.183354
174 1.182997
175 1.182830
176 1.183274
177 1.183897
178 1.183560
179 1.183076
180 1.183096
181 1.184365
182 1.182641
183 1.183943
184 1.183003
185 1.183064
186 1.183950
187 1.183036
188 1.183578
189 1.184232
190 1.182694
191 1.183564
192 1.183472
193 1.182018
194 1.183042
195 1.183080
196 1.182608
197 1.183165
198 1.184596
199 1.183339
200 1.181994
201 1.183064
202 1.182885
203 1.182850
204 1.182645
205 1.181359
206 1.182312
207 1.184115
208 1.182218
209 1.182570
210 1.181929
211 1.184184
212 1.182570
213 1.182586
214 1.184010
215 1.181364
216 1.181519
217 1.182806
218 1.183407
219 1.183805
220 1.181403
221 1.182322
222 1.182563
223 1.181898
224 1.181528
225 1.183116
226 1.183543
227 1.183277
228 1.184351
229 1.181863
230 1.182208
231 1.182998
232 1.182672
233 1.183617
234 1.182402
235 1.184079
236 1.182328
237 1.181487
238 1.182337
239 1.182618
240 1.183733
241 1.182799
242 1.183314
243 1.186038
244 1.182917
245 1.183472
246 1.183528
247 1.181756
248 1.183884
249 1.183689
250 1.182078
251 1.183766
252 1.182945
253 1.185281
254 1.184037
255 1.183269
256 1.182694
257 1.183680
258 1.182403
259 1.184054
260 1.183909
261 1.182522
262 1.183097
263 1.182794
264 1.183671
265 1.183516
266 1.182517
267 1.183544
268 1.184180
269 1.181342
270 1.183235
271 1.183483
272 1.184122
273 1.183908
274 1.182261
275 1.182906
276 1.184866
277 1.184001
278 1.183192
279 1.182821
280 1.182810
281 1.183125
282 1.182767
283 1.183192
284 1.182656
285 1.182789
286 1.183041
287 1.183310
288 1.181943
289 1.185024
290 1.184590
291 1.182137
292 1.181833
293 1.182291
294 1.182986
295 1.182726
296 1.182806
297 1.184224
298 1.182995
299 1.183806
300 1.181377
301 1.184576
302 1.181637
303 1.184161
304 1.185207
305 1.182568
306 1.184434
307 1.183379
308 1.182073
309 1.183043
310 1.182377
311 1.182649
312 1.183252
313 1.182391
314 1.182919
315 1.182466
316 1.183390
317 1.183624
318 1.181560
319 1.184871
320 1.184704
321 1.183532
322 1.184688
323 1.182978
324 1