1 0.989512
2 0.984398
3 0.982922
4 0.983252
5 0.983866
6 0.983546
7 0.983056
8 0.982466
9 0.981230
10 0.979970
11 0.979244
12 0.978436
13 0.977402
14 0.976438
15 0.975950
16 0.975616
17 0.974796
18 0.974624
19 0.974468
20 0.974708
21 0.975236
22 0.975258
23 0.976344
24 0.976956
25 0.977444
26 0.977584
27 0.978676
28 0.979168
29 0.979542
30 0.979978
31 0.980934
32 0.981578
33 0.982682
34 0.984028
35 0.985480
36 0.986394
37 0.987224
38 0.988118
39 0.989318
40 0.990278
41 0.991782
42 0.993196
43 0.994788
44 0.995970
45 0.998108
46 1.000036
47 1.002026
48 1.003380
49 1.004716
50 1.006586
51 1.008050
52 1.009762
53 1.012256
54 1.014544
55 1.016864
56 1.019244
57 1.020746
58 1.022862
59 1.024960
60 1.026374
61 1.028046
62 1.029904
63 1.031404
64 1.032526
65 1.034562
66 1.036210
67 1.037140
68 1.039664
69 1.041080
70 1.043372
71 1.045834
72 1.047506
73 1.049238
74 1.051036
75 1.052312
76 1.053822
77 1.054566
78 1.056302
79 1.058092
80 1.059912
81 1.061648
82 1.063314
83 1.065482
84 1.067240
85 1.069054
86 1.070548
87 1.072330
88 1.073928
89 1.075144
90 1.076596
91 1.077138
92 1.078620
93 1.080272
94 1.082030
95 1.083380
96 1.085428
97 1.086982
98 1.088456
99 1.089944
100 1.091418
101 1.092946
102 1.094186
103 1.096282
104 1.097706
105 1.098852
106 1.100262
107 1.101066
108 1.102346
109 1.103366
110 1.104320
111 1.105132
112 1.106472
113 1.107270
114 1.108346
115 1.108924
116 1.110272
117 1.111016
118 1.112372
119 1.113326
120 1.114192
121 1.114818
122 1.116040
123 1.117274
124 1.118604
125 1.119554
126 1.120256
127 1.121320
128 1.121844
129 1.122774
130 1.123660
131 1.123812
132 1.123822
133 1.124672
134 1.125398
135 1.125758
136 1.127366
137 1.128270
138 1.128578
139 1.129232
140 1.129694
141 1.130318
142 1.131132
143 1.132172
144 1.132204
145 1.132282
146 1.133542
147 1.134684
148 1.135588
149 1.136822
150 1.137068
151 1.137770
152 1.138794
153 1.138632
154 1.139502
155 1.139614
156 1.139622
157 1.139968
158 1.140340
159 1.140872
160 1.141278
161 1.141454
162 1.142728
163 1.142780
164 1.143202
165 1.143806
166 1.144332
167 1.145212
168 1.145720
169 1.145862
170 1.146286
171 1.146788
172 1.147334
173 1.147416
174 1.147774
175 1.147788
176 1.148406
177 1.148456
178 1.149124
179 1.149634
180 1.149646
181 1.150084
182 1.150486
183 1.150824
184 1.151502
185 1.151832
186 1.152194
187 1.152882
188 1.153548
189 1.153668
190 1.154074
191 1.154328
192 1.155082
193 1.155176
194 1.155552
195 1.155420
196 1.155514
197 1.155594
198 1.155902
199 1.156414
200 1.156136
201 1.156144
202 1.156050
203 1.156418
204 1.156610
205 1.157160
206 1.157472
207 1.157436
208 1.157126
209 1.157676
210 1.157352
211 1.157238
212 1.157114
213 1.157980
214 1.158010
215 1.158400
216 1.158738
217 1.159046
218 1.159516
219 1.160134
220 1.159774
221 1.159940
222 1.160464
223 1.160218
224 1.160662
225 1.160208
226 1.160256
227 1.160560
228 1.160822
229 1.160956
230 1.160776
231 1.161282
232 1.161268
233 1.161498
234 1.161166
235 1.161370
236 1.161942
237 1.162494
238 1.162386
239 1.162750
240 1.162564
241 1.162848
242 1.162594
243 1.162860
244 1.164112
245 1.163318
246 1.163504
247 1.163684
248 1.163548
249 1.163944
250 1.164170
251 1.164708
252 1.165032
253 1.165256
254 1.165010
255 1.165434
256 1.165292
257 1.165422
258 1.165496
259 1.165410
260 1.165356
261 1.165076
262 1.165176
263 1.165102
264 1.165316
265 1.165364
266 1.165300
267 1.165528
268 1.166212
269 1.166114
270 1.165774
271 1.165346
272 1.165718
273 1.166442
274 1.166848
275 1.167596
276 1.167774
277 1.168220
278 1.169188
279 1.168960
280 1.169222
281 1.169140
282 1.169750
283 1.169658
284 1.169914
285 1.170242
286 1.170888
287 1.171500
288 1.171136
289 1.171478
290 1.172006
291 1.172282
292 1.172364
293 1.172780
294 1.172972
295 1.173686
296 1.172968
297 1.172936
298 1.172906
299 1.173876
300 1.173872
301 1.173640
302 1.173488
303 1.173304
304 1.173460
305 1.173864
306 1.173790
307 1.172930
308 1.173330
309 1.173356
310 1.173570
311 1.173794
312 1.173018
313 1.173164
314 1.173000
315 1.173298
316 1.173460
317 1.173704
318 1.173370
319 1.173606
320 1.173788
321 1.174276
322 1.174582
323 1.174306
324 1.174036
325 1.173692
326 1.173156
327 1.172792
328 1.173016
329 1.173024
330 1.173112
331 1.172670
332 1.173500
333 1.173050
334 1.172756
335 1.172972
336 1.173262
337 1.173654
338 1.174078
339 1.174180
340 1.174204
341 1.174008
342 1.174004
343 1.173528
344 1.173994
345 1.174208
346 1.174630
347 1.175260
348 1.174890
349 1.174992
350 1.175696
351 1.175472
352 1.175580
353 1.176218
354 1.176212
355 1.176480
356 1.176132
357 1.176398
358 1.176478
359 1.176886
360 1.176886
361 1.177480
362 1.177852
363 1.177606
364 1.176766
365 1.176750
366 1.177130
367 1.177092
368 1.177312
369 1.177766
370 1.177158
371 1.177406
372 1.177122
373 1.177874
374 1.177032
375 1.177044
376 1.176826
377 1.176822
378 1.176542
379 1.176716
380 1.176998
381 1.177822
382 1.178422
383 1.177962
384 1.177756
385 1.178050
386 1.177872
387 1.177766
388 1.177600
389 1.177224
390 1.177630
391 1.177578
392 1.177572
393 1.177552
394 1.177660
395 1.177196
396 1.177072
397 1.177192
398 1.177130
399 1.176538
400 1.176332
401 1.177056
402 1.177464
403 1.176782
404 1.176730
405 1.176282
406 1.176862
407 1.176670
408 1.176170
409 1.176850
410 1.176952
411 1.177360
412 1.176778
413 1.176682
414 1.176868
415 1.177184
416 1.177176
417 1.177006
418 1.176988
419 1.177082
420 1.176970
421 1.176904
422 1.176516
423 1.176780
424 1.177206
425 1.178132
426 1.178328
427 1.177996
428 1.178254
429 1.177832
430 1.177240
431 1.177300
432 1.177444
433 1.177416
434 1.177162
435 1.176886
436 1.177170
437 1.177156
438 1.176706
439 1.176730
440 1.176524
441 1.176942
442 1.177124
443 1.178122
444 1.178624
445 1.178678
446 1.178790
447 1.178612
448 1.178146
449 1.177914
450 1.177556
451 1.178404
452 1.178726
453 1.178596
454 1.178214
455 1.177980
456 1.178732
457 1.179322
458 1.179134
459 1.179076
460 1.179298
461 1.179024
462 1.179162
463 1.179224
464 1.179116
465 1.179092
466 1.179162
467 1.179456
468 1.178978
469 1.179000
470 1.178738
471 1.179102
472 1.179074
473 1.179466
474 1.178854
475 1.178670
476 1.178788
477 1.178978
478 1.178782
479 1.178692
480 1.178934
481 1.179038
482 1.179114
483 1.179252
484 1.179602
485 1.179378
486 1.179150
487 1.179686
488 1.179930
489 1.180132
490 1.179980
491 1.180006
492 1.179424
493 1.179164
494 1.179058
495 1.179536
496 1.179932
497 1.179988
498 1.180318
499 1.179898
500 1.179670
501 1.178696
502 1.179174
503 1.179624
504 1.180052
505 1.180636
506 1.180858
507 1.180200
508 1.180216
509 1.180270
510 1.180142
511 1.179788
512 1.180184
513 1.180298
514 1.180178
515 1.180058
516 1.179746
517 1.179908
518 1.180426
519 1.180776
520 1.180530
521 1.180154
522 1.179892
523 1.180010
524 1.179440
525 1.180116
526 1.180482
527 1.179730
528 1.180046
529 1.180578
530 1.180204
531 1.179554
532 1.179738
533 1.180100
534 1.180394
535 1.180514
536 1.180934
537 1.180756
538 1.181218
539 1.181330
540 1.180742
541 1.180942
542 1.181312
543 1.181158
544 1.181564
545 1.181442
546 1.181386
547 1.181906
548 1.181952
549 1.181450
550 1.181620
551 1.181148
552 1.181286
553 1.181126
554 1.181572
555 1.181002
556 1.180252
557 1.179066
558 1.179550
559 1.178882
560 1.178758
561 1.178768
562 1.178844
563 1.179438
564 1.179348
565 1.179382
566 1.179052
567 1.178690
568 1.178530
569 1.178970
570 1.179022
571 1.179178
572 1.179652
573 1.179852
574 1.179014
575 1.179594
576 1.179962
577 1.179942
578 1.179764
579 1.180200
580 1.180402
581 1.180686
582 1.181474
583 1.181236
584 1.181242
585 1.181208
586 1.180898
587 1.180624
588 1.180694
589 1.180512
590 1.180378
591 1.179480
592 1.179912
593 1.180390
594 1.180684
595 1.181200
596 1.181124
597 1.180934
598 1.180752
599 1.181214
600 1.181720
601 1.182262
602 1.181932
603 1.181578
604 1.181724
605 1.181522
606 1.181352
607 1.181080
608 1.180870
609 1.181232
610 1.181366
611 1.181546
612 1.181044
613 1.180776
614 1.181330
615 1.181178
616 1.181476
617 1.181354
618 1.181984
619 1.181236
620 1.180604
621 1.180804
622 1.180868
623 1.180854
624 1.180664
625 1.180290
626 1.180374
627 1.180366
628 1.180694
629 1.180834
630 1.181316
631 1.181274
632 1.181562
633 1.180944
634 1.180772
635 1.181148
636 1.181706
637 1.182558
638 1.183196
639 1.183340
640 1.182954
641 1.182792
642 1.182472
643 1.182730
644 1.182824
645 1.183040
646 1.182890
647 1.181960
648 1.181556
649 1.181512
650 1.181186
651 1.181212
652 1.181536
653 1.181158
654 1.181148
655 1.181102
656 1.180850
657 1.180766
658 1.180588
659 1.180522
660 1.180334
661 1.180378
662 1.180336
663 1.180510
664 1.181024
665 1.181538
666 1.181204
667 1.181354
668 1.180862
669 1.180946
670 1.181158
671 1.181130
672 1.181228
673 1.181412
674 1.181222
675 1.181454
676 1.181268
677 1.181108
678 1.181444
679 1.181634
680 1.181724
681 1.181608
682 1.181852
683 1.181922
684 1.181634
685 1.181742
686 1.181612
687 1.182340
688 1.182196
689 1.182242
690 1.182324
691 1.181930
692 1.181322
693 1.180714
694 1.180316
695 1.180260
696 1.180074
697 1.180680
698 1.181078
699 1.180626
700 1.180846
701 1.181030
702 1.181614
703 1.181514
704 1.181000
705 1.181352
706 1.180858
707 1.180838
708 1.181494
709 1.182046
710 1.181326
711 1.181718
712 1.182146
713 1.182290
714 1.182248
715 1.182212
716 1.181458
717 1.181194
718 1.181584
719 1.180862
720 1.180864
721 1.181036
722 1.181544
723 1.181206
724 1.181622
725 1.181774
726 1.181552
727 1.181922
728 1.182586
729 1.182786
730 1.181560
731 1.181576
732 1.181562
733 1.181566
734 1.180902
735 1.180848
736 1.180316
737 1.180138
738 1.180640
739 1.180860
740 1.181024
741 1.180650
742 1.180536
743 1.181070
744 1.181596
745 1.181444
746 1.180276
747 1.179612
748 1.180174
749 1.180368
750 1.180078
751 1.180108
752 1.180042
753 1.179740
754 1.180468
755 1.180136
756 1.180386
757 1.180828
758 1.180604
759 1.180680
760 1.180698
761 1.181312
762 1.181496
763 1.181870
764 1.182252
765 1.182556
766 1.182480
767 1.182370
768 1.182158
769 1.182756
770 1.182374
771 1.182422
772 1.182160
773 1.181892
774 1.181698
775 1.181664
776 1.182102
777 1.182470
778 1.183154
779 1.182716
780 1.183650
781 1.184148
782 1.184156
783 1.184656
784 1.184548
785 1.184620
786 1.184386
787 1.184018
788 1.183982
789 1.184894
790 1.184530
791 1.184348
792 1.184578
793 1.184954
794 1.184392
795 1.183644
796 1.183338
797 1.183112
798 1.182630
799 1.182172
800 1.181666
801 1.181434
802 1.181660
803 1.181884
804 1.182306
805 1.182392
806 1.182672
807 1.183088
808 1.182534
809 1.182504
810 1.182382
811 1.182552
812 1.181942
813 1.181838
814 1.181224
815 1.180826
816 1.180242
817 1.180706
818 1.180418
819 1.180728
820 1.180592
821 1.180582
822 1.180498
823 1.180208
824 1.180034
825 1.179928
826 1.179970
827 1.179950
828 1.180310
829 1.180526
830 1.181148
831 1.181276
832 1.181662
833 1.182042
834 1.181768
835 1.181700
836 1.181750
837 1.182140
838 1.182016
839 1.182210
840 1.181994
841 1.181268
842 1.180822
843 1.180670
844 1.181032
845 1.181052
846 1.180600
847 1.180512
848 1.180856
849 1.181182
850 1.181010
851 1.181272
852 1.181698
853 1.181924
854 1.182168
855 1.182010
856 1.182186
857 1.182220
858 1.182442
859 1.181902
860 1.181804
861 1.181514
862 1.180838
863 1.180988
864 1.180736
865 1.180782
866 1.180864
867 1.180892
868 1.180992
869 1.181102
870 1.181198
871 1.181168
872 1.181446
873 1.181410
874 1.181846
875 1.181960
876 1.182348
877 1.182838
878 1.183350
879 1.183542
880 1.183764
881 1.184096
882 1.183936
883 1.184042
884 1.183406
885 1.182852
886 1.182088
887 1.181544
888 1.182230
889 1.181608
890 1.182004
891 1.181916
892 1.181906
893 1.181706
894 1.181932
895 1.181798
896 1.181462
897 1.181682
898 1.181744
899 1.182242
900 1.182644
901 1.182892
902 1.182492
903 1.182348
904 1.182838
905 1.183374
906 1.183074
907 1.182332
908 1.183292
909 1.183618
910 1.182964
911 1.182222
912 1.182200
913 1.182052
914 1.181856
915 1.182524
916 1.182998
917 1.183088
918 1.183192
919 1.183148
920 1.183272
921 1.183046
922 1.183072
923 1.182768
924 1.183182
925 1.183066
926 1.183066
927 1.182366
928 1.182678
929 1.182854
930 1.183044
931 1.182454
932 1.182510
933 1.182542
934 1.182606
935 1.182446
936 1.182670
937 1.183038
938 1.182438
939 1.181968
940 1.182376
941 1.181478
942 1.181306
943 1.180558
944 1.180246
945 1.179904
946 1.179700
947 1.180750
948 1.181334
949 1.181204
950 1.181566
951 1.181596
952 1.181544
953 1.180842
954 1.180868
955 1.180848
956 1.181030
957 1.181102
958 1.180652
959 1.180986
960 1.180806
961 1.180988
962 1.180696
963 1.180270
964 1.180434
965 1.180846
966 1.180680
967 1.180334
968 1.180646
969 1.180684
970 1.180512
971 1.179868
972 1.179842
973 1.180184
974 1.179964
975 1.179760
976 1.179620
977 1.180066
978 1.180660
979 1.180718
980 1.181144
981 1.180678
982 1.180116
983 1.180452
984 1.180142
985 1.180606
986 1.180370
987 1.180028
988 1.180854
989 1.180486
990 1.180592
991 1.181194
992 1.181186
993 1.181008
994 1.181150
995 1.181750
996 1.182192
997 1.182494
998 1.182568
999 1.182754
1000 1.182536
1001 1.182666
1002 1.181956
1003 1.181902
1004 1.181580
1005 1.182168
1006 1.181612
1007 1.181730
1008 1.181988
1009 1.181550
1010 1.181634
1011 1.181168
1012 1.181024
1013 1.181840
1014 1.182018
1015 1.182022
1016 1.181320
1017 1.181406
1018 1.181416
1019 1.181798
1020 1.182932
1021 1.183576
1022 1.183364
1023 1.183132
1024 1.182454
1025 1.182322
1026 1.182158
1027 1.182282
1028 1.181844
1029 1.182304
1030 1.181964
1031 1.181484
1032 1.182000
1033 1.182474
1034 1.182490
1035 1.182292
1036 1.182358
1037 1.182642
1038 1.183080
1039 1.183164
1040 1.182976
1041 1.182648
1042 1.182564
1043 1.182176
1044 1.182636
1045 1.182640
1046 1.181738
1047 1.181404
1048 1.181082
1049 1.181008
1050 1.181096
1051 1.181926
1052 1.182562
1053 1.182724
1054 1.182582
1055 1.182128
1056 1.181860
1057 1.181926
1058 1.182570
1059 1.182484
1060 1.183292
1061 1.183166
1062 1.182884
1063 1.183120
1064 1.183256
1065 1.183204
1066 1.182494
1067 1.182776
1068 1.182230
1069 1.182664
1070 1.182742
1071 1.182158
1072 1.181624
1073 1.181530
1074 1.181654
1075 1.182428
1076 1.182942
1077 1.182956
1078 1.183328
1079 1.183526
1080 1.182964
1081 1.182604
1082 1.182240
1083 1.182246
1084 1.181926
1085 1.181824
1086 1.181752
1087 1.181684
1088 1.181382
1089 1.181934
1090 1.182082
1091 1.181352
1092 1.181776
1093 1.181722
1094 1.181520
1095 1.181918
1096 1.182080
1097 1.182816
1098 1.182878
1099 1.182544
1100 1.183086
1101 1.183122
1102 1.182612
1103 1.182464
1104 1.182662
1105 1.182576
1106 1.182538
1107 1.183110
1108 1.183208
1109 1.182276
1110 1.182188
1111 1.181566
1112 1.181606
1113 1.182068
1114 1.181148
1115 1.181266
1116 1.181298
1117 1.182270
1118 1.181464
1119 1.181060
1120 1.180932
1121 1.180984
1122 1.181240
1123 1.181142
1124 1.180794
1125 1.180188
1126 1.180516
1127 1.180788
1128 1.181170
1129 1.181172
1130 1.180890
1131 1.180696
1132 1.180316
1133 1.180054
1134 1.180242
1135 1.180398
1136 1.180382
1137 1.180896
1138 1.180550
1139 1.180200
1140 1.179856
1141 1.179826
1142 1.180198
1143 1.180404
1144 1.180092
1145 1.180354
1146 1.180314
1147 1.180606
1148 1.180410
1149 1.180372
1150 1.180586
1151 1.180066
1152 1.179730
1153 1.179784
1154 1.180086
1155 1.179882
1156 1.179838
1157 1.180342
1158 1.180260
1159 1.180356
1160 1.180832
1161 1.180608
1162 1.180960
1163 1.181068
1164 1.181010
1165 1.181482
1166 1.181392
1167 1.181206
1168 1.181510
1169 1.181410
1170 1.181750
1171 1.182288
1172 1.183030
1173 1.182778
1174 1.182624
1175 1.181972
1176 1.182178
1177 1.183026
1178 1.183256
1179 1.183556
1180 1.183606
1181 1.184222
1182 1.184676
1183 1.184300
1184 1.184092
1185 1.183932
1186 1.183576
1187 1.183772
1188 1.183466
1189 1.183526
1190 1.184006
1191 1.184406
1192 1.184258
1193 1.184302
1194 1.184152
1195 1.183920
1196 1.183756
1197 1.183414
1198 1.182860
1199 1.182356
1200 1.182476
1201 1.182978
1202 1.183778
1203 1.183024
1204 1.183334
1205 1.182686
1206 1.183564
1207 1.183652
1208 1.183806
1209 1.183836
1210 1.183302
1211 1.183652
1212 1.183260
1213 1.182892
1214 1.182598
1215 1.182446
1216 1.182730
1217 1.182774
1218 1.182942
1219 1.182782
1220 1.182946
1221 1.183324
1222 1.182686
1223 1.182584
1224 1.182128
1225 1.182980
1226 1.183574
1227 1.183788
1228 1.184012
1229 1.184708
1230 1.184590
1231 1.184722
1232 1.184014
1233 1.183368
1234 1.183634
1235 1.183560
1236 1.183396
1237 1.183822
1238 1.184210
1239 1.183976
1240 1.184776
1241 1.185196
1242 1.184778
1243 1.184718
1244 1.184396
1245 1.184688
1246 1.184152
1247 1.184442
1248 1.184282
1249 1.183874
1250 1.183914
1251 1.183650
1252 1.182880
1253 1.183446
1254 1.183546
1255 1.182732
1256 1.182264
1257 1.182088
1258 1.181876
1259 1.181984
1260 1.182238
1261 1.182058
1262 1.182178
1263 1.182970
1264 1.182674
1265 1.182920
1266 1.183026
1267 1.183022
1268 1.182766
1269 1.183490
1270 1.183118
1271 1.183294
1272 1.183312
1273 1.182950
1274 1.182292
1275 1.182350
1276 1.182510
1277 1.182244
1278 1.182734
1279 1.182552
1280 1.182726
1281 1.183268
1282 1.182644
1283 1.182146
1284 1.182224
1285 1.181884
1286 1.182278
1287 1.182160
1288 1.182072
1289 1.181876
1290 1.181870
1291 1.182292
1292 1.182084
1293 1.181914
1294 1.181880
1295 1.182156
1296 1.180844
1297 1.180592
1298 1.181240
1299 1.181528
1300 1.181264
1301 1.181554
1302 1.181336
1303 1.181122
1304 1.181152
1305 1.181694
1306 1.182250
1307 1.182150
1308 1.182320
1309 1.182426
1310 1.182640
1311 1.182796
1312 1.183300
1313 1.182246
1314 1.182364
1315 1.182294
1316 1.183138
1317 1.183674
1318 1.184084
1319 1.184296
1320 1.184346
1321 1.184054
1322 1.183508
1323 1.182722
1324 1.182806
1325 1.182500
1326 1.182292
1327 1.182356
1328 1.182512
1329 1.182468
1330 1.182018
1331 1.181578
1332 1.181796
1333 1.181876
1334 1.181884
1335 1.181806
1336 1.181292
1337 1.181220
1338 1.181628
1339 1.181692
1340 1.181532
1341 1.181142
1342 1.181178
1343 1.181456
1344 1.181882
1345 1.182056
1346 1.181856
1347 1.182056
1348 1.181894
1349 1.181362
1350 1.181976
1351 1.181692
1352 1.181310
1353 1.181702
1354 1.181746
1355 1.181808
1356 1.181706
1357 1.182104
1358 1.182068
1359 1.182264
1360 1.181988
1361 1.181456
1362 1.181630
1363 1.181068
1364 1.180980
1365 1.181748
1366 1.181888
1367 1.182086
1368 1.182014
1369 1.181952
1370 1.182296
1371 1.182334
1372 1.182198
1373 1.181842
1374 1.181418
1375 1.181652
1376 1.181906
1377 1.182308
1378 1.183002
1379 1.182268
1380 1.182228
1381 1.183210
1382 1.183108
1383 1.182948
1384 1.182802
1385 1.182718
1386 1.182244
1387 1.181952
1388 1.181652
1389 1.181150
1390 1.180908
1391 1.180508
1392 1.180518
1393 1.180646
1394 1.180540
1395 1.180148
1396 1.180174
1397 1.180652
1398 1.180538
1399 1.181082
1400 1.181156
1401 1.180684
1402 1.180882
1403 1.180726
1404 1.181712
1405 1.182422
1406 1.182590
1407 1.182744
1408 1.182600
1409 1.183058
1410 1.183178
1411 1.183326
1412 1.183778
1413 1.183616
1414 1.183634
1415 1.184054
1416 1.184584
1417 1.184350
1418 1.184326
1419 1.184190
1420 1.183950
1421 1.183530
1422 1.183644
1423 1.183270
1424 1.182640
1425 1.183530
1426 1.183826
1427 1.183738
1428 1.184656
1429 1.184650
1430 1.185084
1431 1.185318
1432 1.184790
1433 1.184940
1434 1.185072
1435 1.185108
1436 1.185022
1437 1.185500
1438 1.185882
1439 1.185950
1440 1.185560
1441 1.185134
1442 1.185244
1443 1.184586
1444 1.183892
1445 1.183974
1446 1.183498
1447 1.183592
1448 1.183174
1449 1.182950
1450 1.183126
1451 1.183112
1452 1.183626
1453 1.183804
1454 1.184402
1455 1.184198
1456 1.184014
1457 1.184152
1458 1.184314
1459 1.184564
1460 1.184264
1461 1.184186
1462 1.184516
1463 1.183824
1464 1.183572
1465 1.183950
1466 1.183790
1467 1.184274
1468 1.184868
1469 1.184364
1470 1.184036
1471 1.183402
1472 1.183088
1473 1.183780
1474 1.183834
1475 1.183410
1476 1.183336
1477 1.182582
1478 1.181996
1479 1.182248
1480 1.183098
1481 1.183258
1482 1.183272
1483 1.182896
1484 1.182722
1485 1.182800
1486 1.182690
1487 1.182376
1488 1.182534
1489 1.182722
1490 1.182322
1491 1.182388
1492 1.182544
1493 1.182674
1494 1.182398
1495 1.182206
1496 1.182218
1497 1.182756
1498 1.182336
1499 1.181954
1500 1.181932
1501 1.182354
1502 1.183240
1503 1.182794
1504 1.182592
1505 1.182546
1506 1.182792
1507 1.182480
1508 1.182304
1509 1.182314
1510 1.182324
1511 1.182864
1512 1.182600
1513 1.182576
1514 1.182260
1515 1.181808
1516 1.182056
1517 1.182400
1518 1.182360
1519 1.182124
1520 1.181798
1521 1.181922
1522 1.181202
1523 1.181152
1524 1.181094
1525 1.180810
1526 1.181148
1527 1.180950
1528 1.180616
1529 1.181078
1530 1.181020
1531 1.180762
1532 1.180192
1533 1.180254
1534 1.180772
1535 1.180916
1536 1.181414
1537 1.181396
1538 1.181496
1539 1.181220
1540 1.181220
1541 1.181064
1542 1.181094
1543 1.181150
1544 1.180762
1545 1.180096
1546 1.179536
1547 1.179256
1548 1.179656
1549 1.179328
1550 1.179720
1551 1.179996
1552 1.179794
1553 1.179812
1554 1.180116
1555 1.180638
1556 1.181166
1557 1.181370
1558 1.181216
1559 1.180920
1560 1.181012
1561 1.181122
1562 1.180902
1563 1.181444
1564 1.180936
1565 1.181652
1566 1.181688
1567 1.181894
1568 1.181320
1569 1.182140
1570 1.182602
1571 1.182704
1572 1.182628
1573 1.181970
1574 1.182046
1575 1.181996
1576 1.182094
1577 1.181794
1578 1.182014
1579 1.183072
1580 1.183260
1581 1.182834
1582 1.183306
1583 1.182694
1584 1.182372
1585 1.182370
1586 1.181832
1587 1.181696
1588 1.181232
1589 1.180790
1590 1.180916
1591 1.181358
1592 1.181144
1593 1.181620
1594 1.181704
1595 1.181880
1596 1.181956
1597 1.182286
1598 1.182792
1599 1.183214
1600 1.183236
1601 1.183142
1602 1.183790
1603 1.183622
1604 1.182932
1605 1.182822
1606 1.182716
1607 1.182024
1608 1.182158
1609 1.182482
1610 1.181444
1611 1.181222
1612 1.181884
1613 1.181646
1614 1.181556
1615 1.181202
1616 1.181088
1617 1.181372
1618 1.181712
1619 1.181344
1620 1.180706
1621 1.180742
1622 1.180206
1623 1.180702
1624 1.180206
1625 1.180056
1626 1.179644
1627 1.180066
1628 1.179834
1629 1.180150
1630 1.179928
1631 1.180266
1632 1.179902
1633 1.179384
1634 1.178998
1635 1.179348
1636 1.179616
1637 1.180200
1638 1.180212
1639 1.181004
1640 1.180944
1641 1.181294
1642 1.181658
1643 1.181048
1644 1.181398
1645 1.182010
1646 1.181964
1647 1.181916
1648 1.182062
1649 1.182618
1650 1.182514
1651 1.182764
1652 1.182430
1653 1.182544
1654 1.183134
1655 1.182738
1656 1.182100
1657 1.181846
1658 1.182356
1659 1.181914
1660 1.182378
1661 1.183272
1662 1.182856
1663 1.182266
1664 1.182528
1665 1.182676
1666 1.182932
1667 1.183482
1668 1.182882
1669 1.182504
1670 1.182794
1671 1.183382
1672 1.182934
1673 1.182814
1674 1.182790
1675 1.182610
1676 1.183170
1677 1.183406
1678 1.183240
1679 1.183126
1680 1.182892
1681 1.182240
1682 1.182174
1683 1.182346
1684 1.182336
1685 1.182434
1686 1.182614
1687 1.183232
1688 1.183232
1689 1.183746
1690 1.183582
1691 1.183754
1692 1.183844
1693 1.183296
1694 1.182846
1695 1.182750
1696 1.182592
1697 1.181434
1698 1.181782
1699 1.182166
1700 1.182100
1701 1.182436
1702 1.181768
1703 1.182292
1704 1.182078
1705 1.182206
1706 1.181954
1707 1.181848
1708 1.182110
1709 1.182766
1710 1.182796
1711 1.183232
1712 1.182974
1713 1.183796
1714 1.183872
1715 1.183184
1716 1.183646
1717 1.183728
1718 1.183426
1719 1.183638
1720 1.182842
1721 1.182226
1722 1.182452
1723 1.182104
1724 1.182172
1725 1.182322
1726 1.182190
1727 1.183216
1728 1.183474
1729 1.183176
1730 1.182764
1731 1.182708
1732 1.182576
1733 1.182266
1734 1.182890
1735 1.183084
1736 1.183294
1737 1.183804
1738 1.183670
1739 1.183938
1740 1.183836
1741 1.183420
1742 1.183284
1743 1.183054
1744 1.183006
1745 1.183376
1746 1.183764
1747 1.184184
1748 1.183954
1749 1.183786
1750 1.183654
1751 1.184346
1752 1.184882
1753 1.184772
1754 1.184128
1755 1.183752
1756 1.183602
1757 1.183878
1758 1.184226
1759 1.184924
1760 1.183870
1761 1.182780
1762 1.182846
1763 1.183094
1764 1.182880
1765 1.183118
1766 1.182774
1767 1.182390
1768 1.182536
1769 1.182416
1770 1.182842
1771 1.183556
1772 1.183330
1773 1.182914
1774 1.182578
1775 1.182450
1776 1.181850
1777 1.182248
1778 1.182398
1779 1.182582
1780 1.182800
1781 1.182432
1782 1.182278
1783 1.181542
1784 1.180688
1785 1.181232
1786 1.181308
1787 1.181048
1788 1.181108
1789 1.180618
1790 1.181202
1791 1.181554
1792 1.181118
1793 1.181646
1794 1.181418
1795 1.181408
1796 1.181676
1797 1.182036
1798 1.181646
1799 1.181726
1800 1.181774
1801 1.182240
1802 1.182536
1803 1.182924
1804 1.183356
1805 1.183140
1806 1.182784
1807 1.182388
1808 1.182508
1809 1.183082
1810 1.182654
1811 1.182420
1812 1.181766
1813 1.181730
1814 1.181496
1815 1.181994
1816 1.181936
1817 1.181382
1818 1.182018
1819 1.182600
1820 1.182900
1821 1.182832
1822 1.182696
1823 1.182106
1824 1.182862
1825 1.182746
1826 1.182768
1827 1.182580
1828 1.183020
1829 1.183278
1830 1.183566
1831 1.183180
1832 1.183286
1833 1.183668
1834 1.183674
1835 1.184054
1836 1.183764
1837 1.183564
1838 1.183436
1839 1.183292
1840 1.182782
1841 1.183118
1842 1.182928
1843 1.182924
1844 1.182618
1845 1.183000
1846 1.183090
1847 1.182966
1848 1.183166
1849 1.184052
1850 1.183750
1851 1.183846
1852 1.184102
1853 1.184082
1854 1.184248
1855 1.184258
1856 1.184192
1857 1.183878
1858 1.183488
1859 1.183028
1860 1.183072
1861 1.182858
1862 1.182280
1863 1.182124
1864 1.182110
1865 1.182328
1866 1.182022
1867 1.181962
1868 1.181958
1869 1.181618
1870 1.181016
1871 1.180568
1872 1.181004
1873 1.181260
1874 1.181904
1875 1.181820
1876 1.182176
1877 1.181898
1878 1.181888
1879 1.181784
1880 1.181968
1881 1.181520
1882 1.181830
1883 1.181332
1884 1.181788
1885 1.181436
1886 1.181744
1887 1.181414
1888 1.181874
1889 1.182322
1890 1.182226
1891 1.182266
1892 1.183080
1893 1.182926
1894 1.182978
1895 1.183138
1896 1.183018
1897 1.183566
1898 1.183566
1899 1.183558
1900 1.183252
1901 1.183076
1902 1.182218
1903 1.182506
1904 1.181952
1905 1.181982
1906 1.181870
1907 1.181524
1908 1.180804
1909 1.180956
1910 1.181028
1911 1.180622
1912 1.180920
1913 1.180902
1914 1.181268
1915 1.181354
1916 1.181364
1917 1.181340
1918 1.181520
1919 1.182016
1920 1.182002
1921 1.181666
1922 1.181658
1923 1.181990
1924 1.181078
1925 1.181058
1926 1.181548
1927 1.181590
1928 1.181940
1929 1.182152
1930 1.181802
1931 1.181572
1932 1.181424
1933 1.180700
1934 1.181072
1935 1.181158
1936 1.180992
1937 1.181670
1938 1.181992
1939 1.181554
1940 1.182752
1941 1.182618
1942 1.182792
1943 1.182736
1944 1.182704
1945 1.182928
1946 1.182952
1947 1.183750
1948 1.183488
1949 1.183176
1950 1.182944
1951 1.182352
1952 1.182748
1953 1.182888
1954 1.182116
1955 1.181778
1956 1.181694
1957 1.181526
1958 1.181518
1959 1.181488
1960 1.181728
1961 1.182052
1962 1.182114
1963 1.182488
1964 1.182330
1965 1.182358
1966 1.181946
1967 1.181692
1968 1.181710
1969 1.181472
1970 1.182166
1971 1.182368
1972 1.181920
1973 1.181526
1974 1.181434
1975 1.181272
1976 1.181582
1977 1.181258
1978 1.181520
1979 1.181434
1980 1.181544
1981 1.182600
1982 1.182864
1983 1.182536
1984 1.182332
1985 1.181606
1986 1.181544
1987 1.181580
1988 1.181826
1989 1.182204
1990 1.182426
1991 1.183444
1992 1.183428
1993 1.183336
1994 1.183496
1995 1.183268
1996 1.182918
1997 1.183436
1998 1.183946
1999 1.183950
2000 1.183636
2001 1.183368
2002 1.183728
2003 1.183028
2004 1.182836
2005 1.182552
2006 1.181902
2007 1.181946
2008 1.182272
2009 1.181962
2010 1.182534
2011 1.182532
2012 1.182420
2013 1.182298
2014 1.181848
2015 1.181690
2016 1.181708
2017 1.181590
2018 1.181718
2019 1.182042
2020 1.182224
2021 1.182134
2022 1.183294
2023 1.183046
2024 1.182788
2025 1.182744
2026 1.182406
2027 1.182520
2028 1.182498
2029 1.182834
2030 1.182396
2031 1.182540
2032 1.182708
2033 1.181974
2034 1.182366
2035 1.181874
2036 1.182142
2037 1.181644
2038 1.181806
2039 1.181612
2040 1.182090
2041 1.182548
2042 1.182562
2043 1.183384
2044 1.182962
2045 1.182880
2046 1.182718
2047 1.182836
2048 1.182784
2049 1.182046
2050 1.181902
2051 1.182104
2052 1.182260
2053 1.182176
2054 1.181958
2055 1.182240
2056 1.182630
2057 1.182418
2058 1.182024
2059 1.181968
2060 1.182272
2061 1.182496
2062 1.182746
2063 1.183088
2064 1.183356
2065 1.183110
2066 1.183350
2067 1.182772
2068 1.183032
2069 1.182632
2070 1.182662
2071 1.182558
2072 1.181762
2073 1.181666
2074 1.181612
2075 1.181318
2076 1.181234
2077 1.181474
2078 1.181368
2079 1.181276
2080 1.182000
2081 1.182410
2082 1.182264
2083 1.182380
2084 1.182504
2085 1.182282
2086 1.181838
2087 1.181944
2088 1.180980
2089 1.180512
2090 1.180462
2091 1.180694
2092 1.180742
2093 1.181104
2094 1.181830
2095 1.181228
2096 1.181690
2097 1.182896
2098 1.183164
2099 1.183352
2100 1.183292
2101 1.183436
2102 1.183768
2103 1.184014
2104 1.184072
2105 1.183110
2106 1.182910
2107 1.183128
2108 1.183120
2109 1.182420
2110 1.181892
2111 1.181700
2112 1.181450
2113 1.182194
2114 1.182052
2115 1.181526
2116 1.182108
2117 1.181736
2118 1.180804
2119 1.181214
2120 1.180820
2121 1.181346
2122 1.182064
2123 1.182018
2124 1.182196
2125 1.182070
2126 1.182000
2127 1.181488
2128 1.181132
2129 1.181488
2130 1.181892
2131 1.181786
2132 1.181472
2133 1.181520
2134 1.181202
2135 1.181978
2136 1.181658
2137 1.181662
2138 1.182202
2139 1.182844
2140 1.182416
2141 1.181780
2142 1.182576
2143 1.183258
2144 1.183846
2145 1.183766
2146 1.184374
2147 1.183772
2148 1.183888
2149 1.183840
2150 1.182982
2151 1.183400
2152 1.183040
2153 1.182590
2154 1.182896
2155 1.182446
2156 1.182354
2157 1.181960
2158 1.181862
2159 1.182336
2160 1.182994
2161 1.182876
2162 1.183582
2163 1.184336
2164 1.184858
2165 1.184656
2166 1.184436
2167 1.184032
2168 1.183806
2169 1.183726
2170 1.183312
2171 1.183174
2172 1.182630
2173 1.182398
2174 1.182074
2175 1.181362
2176 1.181510
2177 1.181566
2178 1.181684
2179 1.182526
2180 1.182316
2181 1.182926
2182 1.182720
2183 1.182636
2184 1.182306
2185 1.182458
2186 1.182754
2187 1.182556
2188 1.182364
2189 1.182660
2190 1.182588
2191 1.183158
2192 1.183730
2193 1.183722
2194 1.183952
2195 1.184194
2196 1.183928
2197 1.184124
2198 1.183810
2199 1.183382
2200 1.183874
2201 1.183824
2202 1.183692
2203 1.183366
2204 1.183766
2205 1.183742
2206 1.184332
2207 1.184098
2208 1.183760
2209 1.183736
2210 1.183800
2211 1.183418
2212 1.183516
2213 1.183226
2214 1.182734
2215 1.182700
2216 1.182746
2217 1.182864
2218 1.181904
2219 1.181890
2220 1.182654
2221 1.182816
2222 1.182822
2223 1.182834
2224 1.182316
2225 1.182236
2226 1.181852
2227 1.182148
2228 1.182182
2229 1.182134
2230 1.182248
2231 1.181906
2232 1.181758
2233 1.181928
2234 1.182360
2235 1.182544
2236 1.182370
2237 1.182636
2238 1.182508
2239 1.182828
2240 1.182722
2241 1.182254
2242 1.182178
2243 1.181960
2244 1.182256
2245 1.182698
2246 1.182506
2247 1.182394
2248 1.182740
2249 1.182932
2250 1.182764
2251 1.183018
2252 1.182864
2253 1.183452
2254 1.183374
2255 1.183506
2256 1.183560
2257 1.183236
2258 1.183186
2259 1.183160
2260 1.182842
2261 1.182504
2262 1.182872
2263 1.182716
2264 1.182784
2265 1.182388
2266 1.182090
2267 1.182218
2268 1.182288
2269 1.181986
2270 1.182132
2271 1.181928
2272 1.181364
2273 1.181582
2274 1.181398
2275 1.181424
2276 1.182188
2277 1.181854
2278 1.182624
2279 1.183188
2280 1.182802
2281 1.182644
2282 1.183128
2283 1.183252
2284 1.183828
2285 1.184306
2286 1.184394
2287 1.184630
2288 1.184326
2289 1.183820
2290 1.183494
2291 1.183690
2292 1.183536
2293 1.183114
2294 1.182500
2295 1.182586
2296 1.183000
2297 1.182326
2298 1.182906
2299 1.182532
2300 1.182844
2301 1.183058
2302 1.184118
2303 1.184336
2304 1.183938
2305 1.184190
2306 1.184198
2307 1.184728
2308 1.184736
2309 1.184316
2310 1.184188
2311 1.183856
2312 1.184966
2313 1.185052
2314 1.185060
2315 1.185354
2316 1.185460
2317 1.185596
2318 1.185636
2319 1.185978
2320 1.185484
2321 1.185012
2322 1.185340
2323 1.184508
2324 1.184650
2325 1.184392
2326 1.183764
2327 1.183486
2328 1.183318
2329 1.183068
2330 1.182774
2331 1.183006
2332 1.183144
2333 1.183234
2334 1.183266
2335 1.183306
2336 1.182616
2337 1.182654
2338 1.182764
2339 1.182438
2340 1.182430
2341 1.182944
2342 1.182820
2343 1.182920
2344 1.183100
2345 1.183376
2346 1.183230
2347 1.183446
2348 1.183768
2349 1.183354
2350 1.183606
2351 1.184040
2352 1.184094
2353 1.184066
2354 1.183724
2355 1.183722
2356 1.184072
2357 1.184368
2358 1.184632
2359 1.184734
2360 1.184714
2361 1.185134
2362 1.184930
2363 1.184592
2364 1.184664
2365 1.184484
2366 1.184624
2367 1.184728
2368 1.185018
2369 1.185336
2370 1.185480
2371 1.185660
2372 1.185056
2373 1.185124
2374 1.185422
2375 1.185500
2376 1.185326
2377 1.185036
2378 1.185132
2379 1.184978
2380 1.183728
2381 1.182782
2382 1.182458
2383 1.182346
2384 1.182492
2385 1.182758
2386 1.182730
2387 1.182594
2388 1.183004
2389 1.182882
2390 1.183098
2391 1.183466
2392 1.182928
2393 1.182610
2394 1.182514
2395 1.182484
2396 1.182344
2397 1.181768
2398 1.181808
2399 1.181538
2400 1.181566
2401 1.182152
2402 1.182542
2403 1.183416
2404 1.183838
2405 1.184102
2406 1.184158
2407 1.183314
2408 1.182900
2409 1.182718
2410 1.182630
2411 1.182636
2412 1.182512
2413 1.182514
2414 1.182528
2415 1.183018
2416 1.183186
2417 1.182804
2418 1.181920
2419 1.181790
2420 1.182380
2421 1.182752
2422 1.182924
2423 1.183636
2424 1.184144
2425 1.184268
2426 1.184424
2427 1.183742
2428 1.184114
2429 1.184144
2430 1.184412
2431 1.184898
2432 1.185110
2433 1.185558
2434 1.184970
2435 1.184912
2436 1.184762
2437 1.185162
2438 1.184348
2439 1.184448
2440 1.184408
2441 1.184604
2442 1.185226
2443 1.185512
2444 1.185486
2445 1.185410
2446 1.185610
2447 1.185352
2448 1.184784
2449 1.184738
2450 1.184062
2451 1.184082
2452 1.183924
2453 1.183738
2454 1.183828
2455 1.183988
2456 1.183076
2457 1.182946
2458 1.183176
2459 1.182918
2460 1.182818
2461 1.182196
2462 1.181844
2463 1.182192
2464 1.182494
2465 1.182538
2466 1.183090
2467 1.183084
2468 1.183032
2469 1.182204
2470 1.182036
2471 1.182158
2472 1.182182
2473 1.182220
2474 1.182248
2475 1.182304
2476 1.182286
2477 1.181772
2478 1.181606
2479 1.181102
2480 1.180344
2481 1.180960
2482 1.181198
2483 1.180884
2484 1.181362
2485 1.181748
2486 1.181304
2487 1.181504
2488 1.181674
2489 1.181638
2490 1.181728
2491 1.181204
2492 1.181258
2493 1.181242
2494 1.181134
2495 1.181040
2496 1.180982
2497 1.181854
2498 1.181444
2499 1.181152
2500 1.180790
2501 1.180684
2502 1.180256
2503 1.180698
2504 1.180752
2505 1.181646
2506 1.181896
2507 1.181370
2508 1.181046
2509 1.181008
2510 1.181172
2511 1.181086
2512 1.180582
2513 1.181010
2514 1.180880
2515 1.181174
2516 1.180930
2517 1.181900
2518 1.182528
2519 1.182482
2520 1.182130
2521 1.182612
2522 1.182446
2523 1.182586
2524 1.182258
2525 1.182274
2526 1.182196
2527 1.182262
2528 1.181854
2529 1.181614
2530 1.181898
2531 1.182118
2532 1.182480
2533 1.182510
2534 1.182456
2535 1.182356
2536 1.182984
2537 1.183118
2538 1.182408
2539 1.181996
2540 1.181672
2541 1.181608
2542 1.181714
2543 1.181678
2544 1.182080
2545 1.181556
2546 1.181084
2547 1.181510
2548 1.181234
2549 1.181548
2550 1.180918
2551 1.181318
2552 1.181624
2553 1.182102
2554 1.181740
2555 1.182060
2556 1.181564
2557 1.180920
2558 1.181210
2559 1.181412
2560 1.181512
2561 1.181288
2562 1.181344
2563 1.181130
2564 1.181710
2565 1.181712
2566 1.181376
2567 1.180966
2568 1.180582
2569 1.180358
2570 1.179906
2571 1.179956
2572 1.179298
2573 1.179012
2574 1.178832
2575 1.178312
2576 1.178678
2577 1.178528
2578 1.179028
2579 1.179400
2580 1.179802
2581 1.180374
2582 1.180946
2583 1.181174
2584 1.181394
2585 1.181324
2586 1.181010
2587 1.181404
2588 1.181268
2589 1.181062
2590 1.181082
2591 1.181042
2592 1.180588
2593 1.180228
2594 1.180176
2595 1.180102
2596 1.180268
2597 1.180614
2598 1.180600
2599 1.180768
2600 1.181140
2601 1.181362
2602 1.181320
2603 1.181656
2604 1.182198
2605 1.181652
2606 1.181406
2607 1.181628
2608 1.181676
2609 1.181852
2610 1.181544
2611 1.181980
2612 1.181710
2613 1.181734
2614 1.181458
2615 1.181914
2616 1.182148
2617 1.182438
2618 1.181920
2619 1.182634
2620 1.182432
2621 1.183136
2622 1.183928
2623 1.184406
2624 1.184620
2625 1.184270
2626 1.183902
2627 1.182924
2628 1.182508
2629 1.182248
2630 1.181842
2631 1.181870
2632 1.181244
2633 1.180776
2634 1.181634
2635 1.181650
2636 1.181584
2637 1.181726
2638 1.181924
2639 1.181800
2640 1.181536
2641 1.181884
2642 1.181714
2643 1.181366
2644 1.181388
2645 1.182584
2646 1.182600
2647 1.182614
2648 1.183266
2649 1.183098
2650 1.183714
2651 1.183966
2652 1.184060
2653 1.183830
2654 1.183186
2655 1.183798
2656 1.183740
2657 1.184054
2658 1.184106
2659 1.183780
2660 1.183642
2661 1.183888
2662 1.183810
2663 1.184360
2664 1.183780
2665 1.183668
2666 1.183804
2667 1.183196
2668 1.182748
2669 1.182632
2670 1.182256
2671 1.182924
2672 1.183742
2673 1.183756
2674 1.183454
2675 1.183518
2676 1.183324
2677 1.183618
2678 1.183544
2679 1.183888
2680 1.184066
2681 1.183768
2682 1.183930
2683 1.184178
2684 1.184320
2685 1.183930
2686 1.183550
2687 1.183466
2688 1.184032
2689 1.183760
2690 1.184190
2691 1.184050
2692 1.184134
2693 1.184096
2694 1.184138
2695 1.184648
2696 1.184470
2697 1.184736
2698 1.184948
2699 1.184566
2700 1.184056
2701 1.184248
2702 1.184396
2703 1.183770
2704 1.183416
2705 1.183438
2706 1.182882
2707 1.182826
2708 1.182508
2709 1.182606
2710 1.182238
2711 1.182202
2712 1.182536
2713 1.182314
2714 1.182076
2715 1.181872
2716 1.182192
2717 1.182122
2718 1.182418
2719 1.181810
2720 1.182228
2721 1.182454
2722 1.182730
2723 1.182202
2724 1.182112
2725 1.181816
2726 1.181770
2727 1.182328
2728 1.182424
2729 1.182494
2730 1.183166
2731 1.183320
2732 1.183144
2733 1.183562
2734 1.183706
2735 1.183796
2736 1.184110
2737 1.183934
2738 1.183634
2739 1.183554
2740 1.183406
2741 1.183560
2742 1.183570
2743 1.183218
2744 1.183136
2745 1.182840
2746 1.183352
2747 1.182256
2748 1.181894
2749 1.181578
2750 1.182014
2751 1.181632
2752 1.181970
2753 1.181800
2754 1.182628
2755 1.182796
2756 1.182908
2757 1.182790
2758 1.182310
2759 1.182108
2760 1.181606
2761 1.181636
2762 1.181784
2763 1.182190
2764 1.181852
2765 1.181858
2766 1.181778
2767 1.182276
2768 1.182618
2769 1.182308
2770 1.182822
2771 1.182676
2772 1.182478
2773 1.182828
2774 1.182784
2775 1.183204
2776 1.183198
2777 1.183002
2778 1.182758
2779 1.183394
2780 1.184100
2781 1.184158
2782 1.183812
2783 1.183082
2784 1.183084
2785 1.182310
2786 1.181950
2787 1.181692
2788 1.181904
2789 1.182336
2790 1.182730
2791 1.182234
2792 1.181460
2793 1.181504
2794 1.181478
2795 1.181730
2796 1.181482
2797 1.182078
2798 1.181862
2799 1.181116
2800 1.180926
2801 1.180722
2802 1.180404
2803 1.179738
2804 1.178946
2805 1.179086
2806 1.179760
2807 1.179646
2808 1.179082
2809 1.179240
2810 1.178992
2811 1.179338
2812 1.179598
2813 1.180778
2814 1.180726
2815 1.181172
2816 1.180730
2817 1.181414
2818 1.180850
2819 1.181488
2820 1.181404
2821 1.181340
2822 1.181236
2823 1.181162
2824 1.180732
2825 1.179850
2826 1.179934
2827 1.180298
2828 1.180660
2829 1.180820
2830 1.181004
2831 1.181510
2832 1.181106
2833 1.181554
2834 1.181336
2835 1.180874
2836 1.180728
2837 1.180578
2838 1.180922
2839 1.181422
2840 1.181456
2841 1.181564
2842 1.181216
2843 1.180816
2844 1.180134
2845 1.179576
2846 1.180422
2847 1.180328
2848 1.180896
2849 1.181024
2850 1.181486
2851 1.181736
2852 1.181764
2853 1.182566
2854 1.182790
2855 1.183020
2856 1.182624
2857 1.182354
2858 1.182614
2859 1.182412
2860 1.182570
2861 1.182188
2862 1.182872
2863 1.182578
2864 1.182424
2865 1.181938
2866 1.181766
2867 1.181812
2868 1.181128
2869 1.181922
2870 1.181830
2871 1.181696
2872 1.182166
2873 1.182240
2874 1.182540
2875 1.182050
2876 1.181920
2877 1.181108
2878 1.181558
2879 1.181700
2880 1.182212
2881 1.182354
2882 1.182794
2883 1.182930
2884 1.182826
2885 1.182256
2886 1.183106
2887 1.183470
2888 1.183670
2889 1.183892
2890 1.183014
2891 1.183128
2892 1.183082
2893 1.183174
2894 1.182980
2895 1.182390
2896 1.183050
2897 1.182674
2898 1.182102
2899 1.182492
2900 1.182946
2901 1.183036
2902 1.182706
2903 1.183596
2904 1.183670
2905 1.183754
2906 1.183550
2907 1.183642
2908 1.183794
2909 1.183798
2910 1.183984
2911 1.183576
2912 1.183980
2913 1.183562
2914 1.184190
2915 1.184436
2916 1.184360
2917 1.183820
2918 1.183918
2919 1.184590
2920 1.184232
2921 1.183122
2922 1.183456
2923 1.183326
2924 1.183122
2925 1.183504
2926 1.183436
2927 1.183656
2928 1.183286
2929 1.183472
2930 1.183660
2931 1.183512
2932 1.182576
2933 1.182388
2934 1.182062
2935 1.181688
2936 1.181720
2937 1.182216
2938 1.182152
2939 1.182018
2940 1.181994
2941 1.182436
2942 1.183562
2943 1.183244
2944 1.183270
2945 1.182658
2946 1.182408
2947 1.182982
2948 1.182672
2949 1.181604
2950 1.181680
2951 1.182740
2952 1.182952
2953 1.182686
2954 1.182952
2955 1.182406
2956 1.182126
2957 1.182692
2958 1.182606
2959 1.182618
2960 1.182572
2961 1.182630
2962 1.182828
2963 1.183084
2964 1.183142
2965 1.183320
2966 1.183130
2967 1.182700
2968 1.182232
2969 1.182586
2970 1.182282
2971 1.182094
2972 1.181784
2973 1.181800
2974 1.181904
2975 1.181832
2976 1.181790
2977 1.181592
2978 1.181828
2979 1.181712
2980 1.181840
2981 1.182076
2982 1.182226
2983 1.181982
2984 1.181924
2985 1.182580
2986 1.183076
2987 1.182700
2988 1.182688
2989 1.182892
2990 1.183410
2991 1.184032
2992 1.184096
2993 1.184220
2994 1.184004
2995 1.183656
2996 1.183674
2997 1.183694
2998 1.183542
2999 1.183140
3000 1.182630
3001 1.182666
3002 1.182692
3003 1.182756
3004 1.183106
3005 1.182682
3006 1.182602
3007 1.182784
3008 1.182408
3009 1.183000
3010 1.182288
3011 1.182110
3012 1.181802
3013 1.182058
3014 1.181602
3015 1.181670
3016 1.181932
3017 1.182240
3018 1.182440
3019 1.182860
3020 1.182724
3021 1.182864
3022 1.182338
3023 1.182224
3024 1.182204
3025 1.181878
3026 1.181654
3027 1.182112
3028 1.182412
3029 1.182656
3030 1.182994
3031 1.182648
3032 1.183450
3033 1.183098
3034 1.182636
3035 1.182860
3036 1.182762
3037 1.182628
3038 1.182614
3039 1.183304
3040 1.183302
3041 1.182746
3042 1.183022
3043 1.183380
3044 1.183746
3045 1.184496
3046 1.184430
3047 1.185054
3048 1.185238
3049 1.184708
3050 1.185060
3051 1.184586
3052 1.184210
3053 1.184702
3054 1.184818
3055 1.184554
3056 1.184082
3057 1.183900
3058 1.184320
3059 1.184908
3060 1.184748
3061 1.184080
3062 1.183946
3063 1.183572
3064 1.183492
3065 1.183168
3066 1.183328
3067 1.183332
3068 1.183438
3069 1.183608
3070 1.183598
3071 1.183600
3072 1.184196
3073 1.184966
3074 1.184890
3075 1.184858
3076 1.184232
3077 1.183866
3078 1.183848
3079 1.184232
3080 1.183600
3081 1.183634
3082 1.183094
3083 1.182968
3084 1.182774
3085 1.182354
3086 1.181690
3087 1.181722
3088 1.182058
3089 1.181932
3090 1.182610
3091 1.183212
3092 1.183178
3093 1.182742
3094 1.182592
3095 1.182694
3096 1.182254
3097 1.182642
3098 1.182486
3099 1.182934
3100 1.183162
3101 1.183016
3102 1.183132
3103 1.182812
3104 1.183386
3105 1.183408
3106 1.183300
3107 1.183074
3108 1.183680
3109 1.183598
3110 1.183540
3111 1.183622
3112 1.183662
3113 1.183938
3114 1.183326
3115 1.183520
3116 1.183158
3117 1.183332
3118 1.183322
3119 1.184606
3120 1.184566
3121 1.184256
3122 1.184372
3123 1.184270
3124 1.183806
3125 1.183522
3126 1.183754
3127 1.183676
3128 1.183408
3129 1.183388
3130 1.183132
3131 1.183274
3132 1.182996
3133 1.182670
3134 1.183178
3135 1.183278
3136 1.183770
3137 1.184230
3138 1.183560
3139 1.183574
3140 1.183424
3141 1.183560
3142 1.183530
3143 1.183620
3144 1.183722
3145 1.183220
3146 1.183292
3147 1.183254
3148 1.183496
3149 1.183572
3150 1.183418
3151 1.183204
3152 1.182700
3153 1.183112
3154 1.182114
3155 1.182120
3156 1.182526
3157 1.182430
3158 1.182836
3159 1.183258
3160 1.183264
3161 1.183280
3162 1.183052
3163 1.182672
3164 1.182336
3165 1.181710
3166 1.181598
3167 1.182080
3168 1.182470
3169 1.182418
3170 1.182704
3171 1.182432
3172 1.182136
3173 1.181726
3174 1.181508
3175 1.181924
3176 1.182494
3177 1.182260
3178 1.182316
3179 1.182446
3180 1.182512
3181 1.182592
3182 1.182746
3183 1.182694
3184 1.182782
3185 1.182760
3186 1.182570
3187 1.182256
3188 1.182640
3189 1.182778
3190 1.182186
3191 1.182386
3192 1.182530
3193 1.182174
3194 1.181840
3195 1.181614
3196 1.181020
3197 1.180658
3198 1.180940
3199 1.181888
3200 1.181654
3201 1.182086
3202 1.182082
3203 1.182170
3204 1.182254
3205 1.183158
3206 1.183480
3207 1.183728
3208 1.183678
3209 1.183046
3210 1.182494
3211 1.182220
3212 1.181682
3213 1.181700
3214 1.181370
3215 1.180594
3216 1.180024
3217 1.179576
3218 1.179580
3219 1.179654
3220 1.180146
3221 1.180526
3222 1.180166
3223 1.180694
3224 1.181190
3225 1.181110
3226 1.181594
3227 1.181544
3228 1.181456
3229 1.181404
3230 1.180708
3231 1.180658
3232 1.180910
3233 1.180554
3234 1.180902
3235 1.180500
3236 1.181512
3237 1.181726
3238 1.181846
3239 1.181570
3240 1.181286
3241 1.182248
3242 1.181778
3243 1.181886
3244 1.182252
3245 1.182580
3246 1.182276
3247 1.182608
3248 1.182562
3249 1.182466
3250 1.182490
3251 1.182778
3252 1.182810
3253 1.183388
3254 1.183342
3255 1.183786
3256 1.183798
3257 1.184082
3258 1.183878
3259 1.183712
3260 1.183994
3261 1.183854
3262 1.183746
3263 1.183524
3264 1.183464
3265 1.183370
3266 1.183818
3267 1.184352
3268 1.184758
3269 1.184376
3270 1.184356
3271 1.184506
3272 1.184360
3273 1.184218
3274 1.183558
3275 1.183146
3276 1.183348
3277 1.182906
3278 1.183042
3279 1.182832
3280 1.183402
3281 1.183432
3282 1.184000
3283 1.183976
3284 1.184170
3285 1.183890
3286 1.183756
3287 1.184174
3288 1.184316
3289 1.184120
3290 1.183918
3291 1.183670
3292 1.183508
3293 1.183554
3294 1.183156
3295 1.183596
3296 1.182974
3297 1.182510
3298 1.183044
3299 1.182952
3300 1.183324
3301 1.183206
3302 1.183742
3303 1.183660
3304 1.183578
3305 1.183522
3306 1.184224
3307 1.184600
3308 1.184916
3309 1.184986
3310 1.184866
3311 1.184774
3312 1.184586
3313 1.184214
3314 1.183352
3315 1.182920
3316 1.182426
3317 1.182574
3318 1.182718
3319 1.182878
3320 1.183694
3321 1.183938
3322 1.183718
3323 1.183620
3324 1.184124
3325 1.184022
3326 1.183960
3327 1.183646
3328 1.183354
3329 1.183894
3330 1.184038
3331 1.183822
3332 1.183560
3333 1.183164
3334 1.183518
3335 1.183982
3336 1.184148
3337 1.184312
3338 1.184202
3339 1.184020
3340 1.184072
3341 1.184108
3342 1.184762
3343 1.184610
3344 1.184398
3345 1.184472
3346 1.184208
3347 1.184464
3348 1.184528
3349 1.184450
3350 1.184566
3351 1.183942
3352 1.184150
3353 1.184424
3354 1.184810
3355 1.184504
3356 1.183908
3357 1.183936
3358 1.183586
3359 1.183798
3360 1.184140
3361 1.184490
3362 1.184662
3363 1.185432
3364 1.185508
3365 1.185678
3366 1.185348
3367 1.184484
3368 1.184590
3369 1.183982
3370 1.183912
3371 1.182892
3372 1.183424
3373 1.183348
3374 1.182868
3375 1.182610
3376 1.182736
3377 1.182946
3378 1.182878
3379 1.182334
3380 1.183058
3381 1.183270
3382 1.183030
3383 1.183358
3384 1.183604
3385 1.183562
3386 1.182904
3387 1.183060
3388 1.183114
3389 1.183522
3390 1.183644
3391 1.183826
3392 1.184148
3393 1.184334
3394 1.184850
3395 1.184510
3396 1.184230
3397 1.183984
3398 1.183906
3399 1.183986
3400 1.184658
3401 1.185072
3402 1.184952
3403 1.185100
3404 1.185124
3405 1.185018
3406 1.184680
3407 1.184650
3408 1.184840
3409 1.184362
3410 1.184760
3411 1.185322
3412 1.184838
3413 1.185064
3414 1.185596
3415 1.185542
3416 1.185048
3417 1.185182
3418 1.184746
3419 1.184486
3420 1.184544
3421 1.185334
3422 1.185212
3423 1.185268
3424 1.185586
3425 1.185154
3426 1.185700
3427 1.186012
3428 1.185992
3429 1.186816
3430 1.186566
3431 1.187050
3432 1.187292
3433 1.187928
3434 1.188386
3435 1.188176
3436 1.187896
3437 1.187726
3438 1.188050
3439 1.187602
3440 1.187218
3441 1.186990
3442 1.186636
3443 1.186296
3444 1.186560
3445 1.187058
3446 1.186774
3447 1.186200
3448 1.185892
3449 1.185852
3450 1.186272
3451 1.186710
3452 1.186624
3453 1.186382
3454 1.186140
3455 1.185992
3456 1.185906
3457 1.185376
3458 1.185382
3459 1.185224
3460 1.184880
3461 1.184526
3462 1.184750
3463 1.184788
3464 1.184782
3465 1.184622
3466 1.184656
3467 1.184404
3468 1.184176
3469 1.184144
3470 1.184992
3471 1.184420
3472 1.184798
3473 1.184450
3474 1.184424
3475 1.184810
3476 1.184684
3477 1.184356
3478 1.184534
3479 1.184370
3480 1.184326
3481 1.184486
3482 1.183888
3483 1.183392
3484 1.182812
3485 1.182900
3486 1.182142
3487 1.182258
3488 1.182866
3489 1.182774
3490 1.182804
3491 1.182514
3492 1.182686
3493 1.182806
3494 1.183128
3495 1.182922
3496 1.182822
3497 1.182396
3498 1.182196
3499 1.182040
3500 1.181384
3501 1.181060
3502 1.181658
3503 1.182108
3504 1.182224
3505 1.182192
3506 1.182282
3507 1.182272
3508 1.182516
3509 1.182374
3510 1.182480
3511 1.182910
3512 1.182812
3513 1.183038
3514 1.183194
3515 1.183288
3516 1.183590
3517 1.183174
3518 1.182826
3519 1.182918
3520 1.183160
3521 1.183086
3522 1.182404
3523 1.182784
3524 1.182822
3525 1.182666
3526 1.183094
3527 1.182686
3528 1.183082
3529 1.183108
3530 1.183020
3531 1.182894
3532 1.183344
3533 1.183174
3534 1.183038
3535 1.183016
3536 1.182860
3537 1.182690
3538 1.183112
3539 1.183226
3540 1.182958
3541 1.182908
3542 1.182600
3543 1.182228
3544 1.182384
3545 1.182960
3546 1.182988
3547 1.182972
3548 1.182986
3549 1.183568
3550 1.183338
3551 1.182456
3552 1.182128
3553 1.182142
3554 1.181608
3555 1.180558
3556 1.181102
3557 1.181066
3558 1.181294
3559 1.181176
3560 1.181770
3561 1.181688
3562 1.181216
3563 1.181512
3564 1.181296
3565 1.181308
3566 1.181354
3567 1.181502
3568 1.182400
3569 1.183326
3570 1.183456
3571 1.183142
3572 1.183674
3573 1.183572
3574 1.183434
3575 1.183756
3576 1.183676
3577 1.184396
3578 1.183702
3579 1.184536
3580 1.184618
3581 1.184532
3582 1.184352
3583 1.183712
3584 1.184238
3585 1.183612
3586 1.184596
3587 1.184434
3588 1.184416
3589 1.185058
3590 1.185386
3591 1.184954
3592 1.185578
3593 1.185290
3594 1.184858
3595 1.184838
3596 1.184810
3597 1.185096
3598 1.185178
3599 1.184808
3600 1.184980
3601 1.185452
3602 1.185038
3603 1.184686
3604 1.184874
3605 1.185188
3606 1.185120
3607 1.184798
3608 1.184614
3609 1.184504
3610 1.184676
3611 1.184578
3612 1.184632
3613 1.184478
3614 1.184260
3615 1.183854
3616 1.184098
3617 1.183934
3618 1.183280
3619 1.183330
3620 1.183152
3621 1.183390
3622 1.183024
3623 1.183010
3624 1.182696
3625 1.182636
3626 1.182210
3627 1.182568
3628 1.182454
3629 1.182234
3630 1.181808
3631 1.181926
3632 1.181598
3633 1.181752
3634 1.181750
3635 1.182422
3636 1.182278
3637 1.182280
3638 1.182580
3639 1.182750
3640 1.182926
3641 1.183278
3642 1.183354
3643 1.183672
3644 1.182798
3645 1.182392
3646 1.181776
3647 1.181802
3648 1.181846
3649 1.181624
3650 1.182258
3651 1.182238
3652 1.182644
3653 1.182330
3654 1.181830
3655 1.181714
3656 1.182106
3657 1.182692
3658 1.183008
3659 1.182246
3660 1.182398
3661 1.182264
3662 1.182042
3663 1.181786
3664 1.182088
3665 1.182154
3666 1.181686
3667 1.181416
3668 1.181234
3669 1.181468
3670 1.181616
3671 1.181644
3672 1.182562
3673 1.182538
3674 1.182318
3675 1.181918
3676 1.182494
3677 1.182406
3678 1.182524
3679 1.182494
3680 1.182680
3681 1.182142
3682 1.181950
3683 1.182130
3684 1.182606
3685 1.182534
3686 1.182306
3687 1.182200
3688 1.182132
3689 1.182136
3690 1.182908
3691 1.183088
3692 1.182536
3693 1.182438
3694 1.182810
3695 1.183124
3696 1.182998
3697 1.182376
3698 1.182552
3699 1.183008
3700 1.183200
3701 1.183208


Active cycles: 2200
k_mean: 1.182747
k_stddev(cycle): 0.001306
k_stderr(mean): 0.000028
