1 1.000000
2 1.820301
3 1.024487
4 1.009245
5 1.005286
6 1.000933
7 1.002494
8 0.998533
9 1.000157
10 1.000551
11 0.997951
12 1.001636
13 1.000308
14 0.999717
15 0.999700
16 0.998838
17 1.001500
18 0.999907
19 0.998985
20 1.001108
21 1.000804
22 0.999286
23 1.001321
24 0.999654
25 0.998718
26 1.000086
27 1.000794
28 0.999564
29 1.001327
30 0.999180
31 1.000250
32 1.000571
33 0.997571
34 1.001999
35 0.999605
36 1.000638
37 1.000872
38 0.998151
39 1.000770
40 1.000238
41 0.999554
42 1.000166
43 0.999896
44 1.001355
45 0.998206
46 1.000672
47 0.998511
48 1.001156
49 0.999822
50 1.000751
51 0.999207
52 1.000207
53 1.000506
54 1.000267
55 0.999064
56 1.001203
57 0.999208
58 1.002026
59 0.999428
60 0.999724
61 0.998589
62 1.000864
63 1.000168
64 0.998273
65 1.002665
66 0.997620
67 1.002118
68 0.997939
69 1.001865
70 0.998908
71 1.000901
72 0.998838
73 0.999749
74 1.001592
75 0.998811
76 0.999463
77 1.001970
78 0.998438
79 0.999297
80 1.001302
81 1.000912
82 0.999646
83 0.999193
84 1.001072
85 1.000653
86 0.998794
87 0.999344
88 1.001248
89 0.999703
90 1.000052
91 0.998542
92 1.001160
93 1.000517
94 0.998177
95 1.002232
96 0.999382
97 0.999453
98 1.001469
99 0.996905
100 1.002764
101 0.998680
102 0.999457
103 1.000656
104 0.999832
105 0.999699
106 1.000383
107 1.000460
108 1.000512
109 0.999810
110 1.001191
111 0.998039
112 1.001214
113 0.998870
114 1.000164
115 1.000134
116 1.001440
117 0.999244
118 0.999786
119 1.000032
120 0.999958
121 0.999307
122 1.000992
123 0.998338
124 1.000314
125 1.001434
126 0.999075
127 1.000001
128 1.000945
129 0.999434
130 1.000452
131 1.000500
132 0.999000
133 0.998728
134 1.000990
135 1.000916
136 0.998851
137 1.001461
138 0.998316
139 1.000707
140 0.999567
141 1.001252
142 0.999417
143 0.999694
144 0.999873
145 0.999649
146 1.001180
147 0.998797
148 0.999704
149 1.000070
150 1.000142
151 1.000825
152 0.999942
153 0.999486
154 0.999403
155 1.000586
156 1.000275
157 1.000721
158 0.998169
159 0.999634
160 1.000013
161 1.001472
162 0.998747
163 1.002773
164 0.997394
165 1.000575
166 1.001125
167 0.999037
168 0.999584
169 1.003086
170 0.998362
171 0.999484
172 0.999611
173 1.001006
174 0.998182
175 1.000202
176 1.001167
177 0.999847
178 1.001518
179 0.999163
180 0.999093
181 1.001117
182 0.999037
183 1.000428
184 1.000366
185 1.000001
186 0.997891
187 1.000322
188 1.002402
189 0.998005
190 1.000324
191 0.999471
192 0.999681
193 1.001097
194 0.998929
195 1.001409
196 1.000116
197 0.999570
198 0.999195
199 0.998948
200 1.000504
201 1.000781
202 1.000142
203 1.001780
204 0.998069
205 0.998668
206 1.004052
207 0.996710
208 1.001650
209 0.999030
210 0.999692
211 0.999873
212 1.000754
213 1.000325
214 1.000156
215 0.997418
216 1.001339
217 1.000751
218 0.998442
219 1.001513
220 0.999800
221 0.999691
222 1.000196
223 0.999659
224 1.001966
225 0.999043
226 0.999150
227 1.001140
228 1.000856
229 0.999447
230 1.000177
231 0.998412
232 0.999199
233 1.000759
234 1.000140
235 1.000041
236 1.000499
237 1.000554
238 0.998758
239 1.000603
240 1.001020
241 0.999707
242 0.998522
243 1.000681
244 0.999968
245 0.999893
246 1.000570
247 0.998796
248 1.002118
249 0.998780
250 1.000534
251 1.000827
252 0.999984
253 0.999259
254 1.000331
255 0.999299
256 0.998814
257 1.000456
258 1.001928
259 0.998938
260 0.999028
261 0.999877
262 0.999531
263 1.001063
264 0.999179
265 1.000372
266 1.000796
267 0.999369
268 1.001755
269 0.996720
270 1.002065
271 0.999657
272 0.999369
273 1.000805
274 1.001312
275 0.997702
276 1.002008
277 0.999133
278 1.000295
279 1.001583
280 0.999570
281 0.998638
282 0.999323
283 1.000876
284 0.999481
285 0.999524
286 1.001340
287 0.999699
288 0.999821
289 1.000095
290 1.000280
291 0.999105
292 1.001333
293 0.999500
294 0.999411
295 1.000600
296 0.999185
297 0.999622
298 1.000491
299 0.999529
300 1.000517
301 1.000398
302 0.998242
303 1.001340
304 0.999161
305 1.001508
306 0.999711
307 0.999831
308 1.000365
309 1.000394
310 0.999779
311 0.999903
312 1.000823
313 0.997724
314 1.000186
315 0.999397
316 1.002161
317 1.000399
318 0.999231
319 0.998957
320 0.999823
321 1.002022
322 0.999088
323 0.999217
324 1.001248
325 0.999744
326 0.998829
327 1.001007
328 0.998246
329 1.000549
330 1.002459
331 0.999243
332 1.000116
333 0.999796
334 0.999598
335 1.000064
336 0.999027
337 0.998388
338 1.001388
339 0.999757
340 0.999238
341 1.001137
342 1.000331
343 1.000877
344 0.998331
345 1.001389
346 1.000123
347 0.999597
348 0.999950
349 1.001584
350 0.997660
351 1.000232
352 0.999911
353 1.001910
354 0.998915
355 0.998212
356 1.000635
357 1.001123
358 0.999536
359 1.001079
360 0.999442
361 1.001782
362 0.998203
363 1.000183
364 1.001111
365 1.000637
366 0.998091
367 1.001012
368 0.999586
369 0.999674
370 1.000271
371 0.999053
372 0.999732
373 1.000752
374 1.000882
375 1.000035
376 0.998141
377 1.000125
378 1.001475
379 1.000682
380 0.998512
381 1.001142
382 0.998058
383 1.001756
384 0.999407
385 0.999800
386 1.000079
387 1.001364
388 0.998538
389 1.000965
390 0.998443
391 1.000387
392 1.000062
393 1.000599
394 0.998416
395 0.999965
396 1.000445
397 1.001050
398 0.998822
399 1.001977
400 1.000835
401 0.997112
402 1.001421
403 1.000580
404 0.997891
405 1.001301
406 1.000197
407 0.999808
408 0.999986
409 0.999041
410 0.999578
411 0.999767
412 1.000910
413 1.001120
414 1.000491
415 0.999108
416 0.999837
417 0.999913
418 1.002276
419 0.997516
420 0.999232
421 1.000325
422 1.000637
423 1.000220
424 0.998613
425 1.001792
426 0.999211
427 1.000513
428 1.000515
429 0.998089
430 1.002460
431 0.998730
432 0.998666
433 1.000210
434 1.001772
435 0.998628
436 1.000302
437 0.999727
438 0.999571
439 1.000096
440 1.000005
441 1.001281
442 1.001299
443 0.998071
444 1.001235
445 0.999740
446 0.998856
447 1.000665
448 0.999225
449 1.001507
450 0.998402
451 0.999523
452 1.001013
453 0.999486
454 1.000620
455 0.999847
456 0.999082
457 1.000734
458 1.000227
459 1.000588
460 1.000739
461 1.001002
462 0.997192
463 1.001930
464 0.998781
465 0.999372
466 1.001033
467 0.999007
468 1.000022
469 1.001388
470 0.998840
471 1.000498
472 1.001030
473 0.999532
474 0.997863
475 1.002514
476 0.997989
477 1.002304
478 0.998218
479 1.000915
480 1.000365
481 0.999768
482 0.998165
483 1.001271
484 0.998506
485 1.001535
486 0.999127
487 1.000574
488 0.999323
489 1.000749
490 0.999289
491 1.000714
492 0.999667
493 1.001104
494 0.999865
495 0.998943
496 1.001702
497 0.999649
498 0.999263
499 1.000174
500 0.997919
501 1.001373
502 1.000078
503 1.000804
504 0.999098
505 0.999993
506 1.000890
507 0.999739
508 0.999360
509 1.000488
510 0.999611
511 1.001461
512 0.998714
513 0.999572
514 1.000025
515 1.000557
516 1.000091
517 0.998430
518 1.002018
519 0.999845
520 1.000503
521 0.999536
522 0.999823
523 0.999207
524 0.999088
525 0.999936
526 1.001085
527 1.000095
528 1.000069
529 0.999188
530 1.000167
531 1.000970
532 0.999921
533 0.999254
534 1.001334
535 0.999425
536 1.000664
537 0.999527
538 1.000705
539 0.999576
540 1.000155
541 0.998978
542 1.000368
543 0.998516
544 1.000888
545 0.999747
546 1.001883
547 0.997743
548 1.001603
549 0.997651
550 1.000925
551 1.000664
552 1.001625
553 0.998940
554 1.000284
555 0.999926
556 0.999024
557 1.000690
558 1.001868
559 0.998052
560 1.000810
561 0.998906
562 1.000201
563 1.001345
564 0.997749
565 1.001391
566 0.999114
567 0.999688
568 1.001063
569 0.997496
570 1.001802
571 1.001566
572 0.999253
573 0.999044
574 0.999457
575 1.003068
576 0.996915
577 1.001027
578 1.000513
579 0.998206
580 1.000579
581 1.001069
582 0.997868
583 1.001392
584 1.000196
585 1.000600
586 0.999707
587 1.000547
588 0.999852
589 0.999766
590 1.000192
591 0.999487
592 1.000652
593 1.000204
594 0.997568
595 1.001519
596 1.002149
597 0.999394
598 0.998483
599 1.000464
600 1.000382
601 1.000135


Active cycles: 400
k_mean: 1.000005
k_stddev(cycle): 0.001167
k_stderr(mean): 0.000058
Difference with the reference K: -0.183805, Per cent error: -15.526605
Reactivity(rho): 0.000005
Total Time: 3047.766351seconds. Average: 5.071159 seconds per cycle.
