1 1.209168
2 1.078504
3 1.112387
4 1.130583
5 1.142183
6 1.144163
7 1.156924
8 1.157244
9 1.160496
10 1.169218
11 1.171732
12 1.177474
13 1.170970
14 1.178314
15 1.175110
16 1.179245
17 1.176809
18 1.179362
19 1.179512
20 1.180493
21 1.181104
22 1.180085
23 1.180823
24 1.178974
25 1.181405
26 1.181687
27 1.183585
28 1.181745
29 1.181624
30 1.186244
31 1.181648
32 1.185317
33 1.178017
34 1.179775
35 1.185332
36 1.181459
37 1.179362
38 1.184638
39 1.179842
40 1.182522
41 1.178843
42 1.179775
43 1.177323
44 1.182750
45 1.179265
46 1.181148
47 1.184172
48 1.182861
49 1.182056
50 1.179498
51 1.182730
52 1.181177
53 1.182929
54 1.183609
55 1.184701
56 1.184444
57 1.182245
58 1.177615
59 1.181075
60 1.182095
61 1.179852
62 1.181265
63 1.183429
64 1.184706
65 1.183007
66 1.178391
67 1.182915
68 1.179852
69 1.185279
70 1.187084
71 1.185089
72 1.184021
73 1.184254
74 1.184982
75 1.185778
76 1.182517
77 1.182730
78 1.182415
79 1.179993
80 1.179474
81 1.184080
82 1.181910
83 1.180425
84 1.184322
85 1.183614
86 1.183424
87 1.183522
88 1.182759
89 1.183041
90 1.183221
91 1.178047
92 1.177183
93 1.180808
94 1.179469
95 1.182095
96 1.186579
97 1.180347
98 1.183056
99 1.185385
100 1.184152
101 1.180027
102 1.175256
103 1.181294
104 1.180765
105 1.189176
106 1.183361
107 1.182599
108 1.184473
109 1.182507
110 1.182444
111 1.181362
112 1.182512
113 1.178993
114 1.182609
115 1.180983
116 1.186783
117 1.181066
118 1.183876
119 1.179216
120 1.181522
121 1.183580
122 1.185575
123 1.185279
124 1.181260
125 1.182434
126 1.182119
127 1.184861
128 1.185788
129 1.180221
130 1.181629
131 1.180575
132 1.182983
133 1.186186
134 1.181954
135 1.182769
136 1.179202
137 1.183264
138 1.180702
139 1.184274
140 1.182400
141 1.175746
142 1.181881
143 1.184157
144 1.185468
145 1.182085
146 1.180012
147 1.182895
148 1.182386
149 1.184429
150 1.186919
151 1.183128
152 1.186288
153 1.183784
154 1.179847
155 1.177833
156 1.183614
157 1.183963
158 1.181837
159 1.181726
160 1.185973
161 1.186133
162 1.178828
163 1.185604
164 1.179105
165 1.184667
166 1.182400
167 1.177668
168 1.184356
169 1.182473
170 1.179915
171 1.183002
172 1.182808
173 1.186657
174 1.184041
175 1.182575
176 1.183754
177 1.181415
178 1.181997
179 1.176955
180 1.182400
181 1.181731
182 1.182070
183 1.186220
184 1.184458
185 1.180794
186 1.184609
187 1.183575
188 1.186414
189 1.184308
190 1.185288
191 1.183759
192 1.180318
193 1.184419
194 1.179226
195 1.184973
196 1.183759
197 1.181599
198 1.185012
199 1.185822
200 1.182755
201 1.182051
202 1.178435
203 1.183410
204 1.183619
205 1.185871
206 1.180231
207 1.178945
208 1.182895
209 1.180973
210 1.185468
211 1.185502
212 1.184512
213 1.183056
214 1.183119
215 1.181260
216 1.179988
217 1.178614
218 1.182837
219 1.181226
220 1.183745
221 1.184444
222 1.180891
223 1.183420
224 1.183104
225 1.183536
226 1.186201
227 1.183551
228 1.183041
229 1.185026
230 1.184638
231 1.186167
232 1.184827
233 1.184191
234 1.186322
235 1.183065
236 1.183012
237 1.187933
238 1.185308
239 1.187501
240 1.181808
241 1.180915
242 1.185031
243 1.183934
244 1.185288
245 1.181104
246 1.182769
247 1.184347
248 1.188618
249 1.187205
250 1.185934
251 1.182934
252 1.180920
253 1.181289
254 1.185982
255 1.185686
256 1.187511
257 1.183507
258 1.182730
259 1.183221
260 1.183230
261 1.181206
262 1.181726
263 1.179406
264 1.186186
265 1.182585
266 1.182425
267 1.177687
268 1.178799
269 1.182871
270 1.180653
271 1.187099
272 1.180774
273 1.182109
274 1.185497
275 1.183939
276 1.177430
277 1.182726
278 1.185240
279 1.183124
280 1.178289
281 1.184550
282 1.181250
283 1.178085
284 1.178610
285 1.183153
286 1.181061
287 1.179707
288 1.180595
289 1.180600
290 1.180483
291 1.184298
292 1.186730
293 1.184371
294 1.181075
295 1.179682
296 1.181643
297 1.181769
298 1.185817
299 1.184230
300 1.181100
301 1.180706
302 1.177624
303 1.179828
304 1.182095
305 1.182129
306 1.183434
307 1.181915
308 1.186366
309 1.181231
310 1.181648
311 1.185497
312 1.181182
313 1.185113
314 1.186128
315 1.181663
316 1.180808
317 1.181376
318 1.186744
319 1.183706
320 1.183454
321 1.184997
322 1.181498
323 1.184725
324 1.179964
325 1.182662
326 1.183502
327 1.182162
328 1.184182
329 1.184526
330 1.181832
331 1.184885
332 1.181857
333 1.181187
334 1.181740
335 1.181701
336 1.183667
337 1.183784
338 1.181551
339 1.184745
340 1.182604
341 1.179857
342 1.181973
343 1.179779
344 1.181993
345 1.183444
346 1.187419
347 1.182206
348 1.180876
349 1.181891
350 1.180158
351 1.185351
352 1.184041
353 1.182347
354 1.186075
355 1.189263
356 1.180915
357 1.180871
358 1.184516
359 1.184162
360 1.180168
361 1.181454
362 1.183080
363 1.178042
364 1.184648
365 1.184463
366 1.185754
367 1.181313
368 1.187443
369 1.182478
370 1.184783
371 1.183046
372 1.183216
373 1.184109
374 1.183478
375 1.182954
376 1.183259
377 1.182289
378 1.182730
379 1.181546
380 1.184298
381 1.182672
382 1.183944
383 1.184381
384 1.180716
385 1.187443
386 1.185113
387 1.179454
388 1.183987
389 1.181687
390 1.184507
391 1.182614
392 1.184725
393 1.187662
394 1.179711
395 1.181100
396 1.183060
397 1.182905
398 1.187060
399 1.186851
400 1.178561
401 1.182065
402 1.181498
403 1.182289
404 1.181925
405 1.181866
406 1.180007
407 1.183905
408 1.182866
409 1.184502
410 1.182012
411 1.181172
412 1.185283
413 1.180119
414 1.182468
415 1.182109
416 1.183070
417 1.179944
418 1.184851
419 1.180881
420 1.185225
421 1.183764
422 1.182031
423 1.180944
424 1.181347
425 1.184963
426 1.183240
427 1.184220
428 1.186206
429 1.182080
430 1.183900
431 1.186691
432 1.181687
433 1.184487
434 1.184507
435 1.178668
436 1.180139
437 1.187526
438 1.182381
439 1.179842
440 1.180192
441 1.180260
442 1.180308
443 1.182983
444 1.183653
445 1.184584
446 1.184085
447 1.187036
448 1.179493
449 1.184696
450 1.183764
451 1.187487
452 1.184157
453 1.181604
454 1.183560
455 1.186604
456 1.186094
457 1.187283
458 1.181362
459 1.183599
460 1.186041
461 1.179396
462 1.188268
463 1.178435
464 1.186633
465 1.184419
466 1.182667
467 1.177668
468 1.181396
469 1.183890
470 1.183007
471 1.184114
472 1.185715
473 1.179071
474 1.183992
475 1.185385
476 1.185468
477 1.185444
478 1.184046
479 1.186701
480 1.183327
481 1.187535
482 1.178372
483 1.181357
484 1.182391
485 1.181114
486 1.184361
487 1.180867
488 1.180522
489 1.177532
490 1.180794
491 1.186968
492 1.187021
493 1.187065
494 1.181813
495 1.182891
496 1.181963
497 1.183813
498 1.184138
499 1.182483
500 1.182565
501 1.179367
502 1.184288
503 1.183861
504 1.185123
505 1.184706
506 1.183721
507 1.185429
508 1.183565
509 1.179391
510 1.180143
511 1.180012
512 1.182658
513 1.187128
514 1.182488
515 1.182352
516 1.184201
517 1.186837
518 1.181206
519 1.181968
520 1.180498
521 1.180697
522 1.180483
523 1.179605
524 1.181075
525 1.184395
526 1.186953
527 1.183929
528 1.180794
529 1.181575
530 1.182352
531 1.183953
532 1.180270
533 1.184774
534 1.185948
535 1.179469
536 1.183269
537 1.185337
538 1.180236
539 1.180677
540 1.180629
541 1.188128
542 1.186181
543 1.184070
544 1.190715
545 1.182619
546 1.185434
547 1.185109
548 1.186929
549 1.177566
550 1.179386
551 1.185346
552 1.183847
553 1.185235
554 1.182891
555 1.182891
556 1.180915
557 1.181449
558 1.181449
559 1.182687
560 1.184065
561 1.186249
562 1.186327
563 1.183536
564 1.181143
565 1.181711
566 1.182633
567 1.182099
568 1.184191
569 1.180964
570 1.183114
571 1.182789
572 1.178993
573 1.182818
574 1.181036
575 1.179823
576 1.181357
577 1.183415
578 1.185439
579 1.183386
580 1.187516
581 1.186375
582 1.182992
583 1.182085
584 1.182434
585 1.181454
586 1.182551
587 1.181706
588 1.180687
589 1.183031
590 1.182556
591 1.186560
592 1.179731
593 1.182429
594 1.179920
595 1.183754
596 1.185482
597 1.181764
598 1.182294
599 1.187506
600 1.182745
601 1.183619


Active cycles: 100
k_mean: 1.183031
k_stddev(cycle): 0.002391
k_stderr(mean): 0.000239
Difference with the reference K: -0.000779
Reactivity(rho): 0.154714, Per Cent error compared to reference: -0.055610
Total Time: 1066.732106seconds. Average: 1.774929 seconds per cycle.
