1 1.349543
2 0.142057
3 5.066707
4 0.568229
5 0.970724
6 0.970724
7 0.852343
8 1.373220
9 1.420572
10 0.213086
11 2.486001
12 1.160134
13 1.041753
14 1.254839
15 1.065429
16 1.065429
17 1.207486
18 1.089105
19 0.947048
20 1.041753
21 1.160134
22 1.089105
23 1.136458
24 0.970724
25 1.231162
26 1.112781
27 1.183810
28 1.373220
29 0.094705
30 9.825623
31 0.284114
32 1.183810
33 0.331467
34 0.402495
35 4.380097
36 0.639257
37 0.970724
38 0.213086
39 1.041753
40 0.189410
41 12.453681
42 0.260438
43 1.183810
44 0.047352
45 20.692999
46 0.118381
47 0.923372
48 1.254839
49 1.065429
50 0.686610
51 0.378819
52 2.249239
53 1.136458
54 1.160134
55 1.089105
56 1.254839
57 0.923372
58 1.349543
59 1.160134
60 0.994400
61 1.278515
62 0.899696
63 1.231162
64 1.254839
65 1.089105
66 1.254839
67 0.876019
68 1.112781
69 1.089105
70 1.041753
71 1.160134
72 0.923372
73 1.207486
74 0.118381
75 7.836822
76 0.497200
77 1.089105
78 0.307791
79 0.947048
80 0.426172
81 3.859221
82 0.686610
83 1.349543
84 1.467924
85 0.189410
86 2.201887
87 1.396896
88 0.260438
89 1.846744
90 1.444248
91 0.023676
92 42.451427
93 0.047352
94 0.473524
95 1.089105
96 0.213086
97 1.467924
98 2.107182
99 1.160134
100 0.970724
101 1.254839
102 0.804991
103 1.373220
104 0.071029
105 13.092939
106 0.142057
107 0.757638
108 1.396896
109 1.302191
110 0.094705
111 11.080462


Active cycles: 10
k_mean: 3.011613
k_stddev(cycle): 4.833822
k_stderr(mean): 1.528589
Reactivity(rho): 0.667952, Per Cent error compared to reference: -51.268214
Total Time: 19.658028seconds. Average: 0.177099 seconds per cycle.
