1 1.020470
2 1.036856
3 1.054308
4 1.071524
5 1.087860
6 1.102054
7 1.115632
8 1.127648
9 1.137628
10 1.146766
11 1.154768
12 1.161616
13 1.168566
14 1.174366
15 1.179836
16 1.185518
17 1.190372
18 1.195066
19 1.199260
20 1.203210
21 1.207412
22 1.211162
23 1.215324
24 1.219028
25 1.222880
26 1.225818
27 1.228814
28 1.231518
29 1.234102
30 1.236280
31 1.238810
32 1.240336
33 1.242626
34 1.244314
35 1.246334
36 1.247912
37 1.249092
38 1.251288
39 1.252098
40 1.253230
41 1.253930
42 1.255140
43 1.256580
44 1.257586
45 1.257856
46 1.258310
47 1.258874
48 1.259624
49 1.260210
50 1.259738
51 1.260714
52 1.261236
53 1.261606
54 1.261770
55 1.262326
56 1.262668
57 1.262390
58 1.263282
59 1.263142
60 1.263574
61 1.263758
62 1.263906
63 1.263296
64 1.264332
65 1.264586
66 1.264644
67 1.265032
68 1.264928
69 1.264948
70 1.263920
71 1.263910
72 1.263626
73 1.263594
74 1.263370
75 1.263104
76 1.263046
77 1.262734
78 1.261490
79 1.261296
80 1.260980
81 1.260708
82 1.260718
83 1.259728
84 1.259558
85 1.258682
86 1.258270
87 1.257576
88 1.257578
89 1.257056
90 1.255856
91 1.255002
92 1.255104
93 1.254944
94 1.253868
95 1.253678
96 1.253746
97 1.253174
98 1.252648
99 1.251750
100 1.250766
101 1.250424
102 1.250276
103 1.249980
104 1.249524
105 1.249486
106 1.249112
107 1.249232
108 1.248974
109 1.248900
110 1.248448
111 1.248032
112 1.247782
113 1.246972
114 1.246192
115 1.244984
116 1.244330
117 1.244174
118 1.243706
119 1.243834
120 1.243286
121 1.243448
122 1.243106
123 1.242876
124 1.241966
125 1.241214
126 1.241134
127 1.240968
128 1.239784
129 1.239160
130 1.238928
131 1.238326
132 1.238474
133 1.237858
134 1.237150
135 1.236578
136 1.236320
137 1.234986
138 1.234478
139 1.233876
140 1.233540
141 1.233458
142 1.233022
143 1.233164
144 1.232662
145 1.231542
146 1.230394
147 1.230752
148 1.230680
149 1.230744
150 1.230382
151 1.230018
152 1.229458
153 1.229536
154 1.229030
155 1.228544
156 1.227956
157 1.227480
158 1.227658
159 1.227148
160 1.226448
161 1.225998
162 1.225738
163 1.225352
164 1.225428
165 1.225668
166 1.225276
167 1.225124
168 1.224330
169 1.224006
170 1.223010
171 1.222224
172 1.222058
173 1.221950
174 1.221868
175 1.221684
176 1.221130
177 1.220654
178 1.220132
179 1.219510
180 1.218864
181 1.218082
182 1.217434
183 1.216728
184 1.216114
185 1.215814
186 1.215898
187 1.215910
188 1.216010
189 1.215914
190 1.215762
191 1.215550
192 1.215660
193 1.215178
194 1.215150
195 1.215708
196 1.216474
197 1.215756
198 1.215216
199 1.214516
200 1.214314
201 1.214004
202 1.213428
203 1.213356
204 1.212748
205 1.212350
206 1.212604
207 1.212226
208 1.211764
209 1.211276
210 1.211202
211 1.210928
212 1.210664
213 1.210814
214 1.210810
215 1.210556
216 1.210086
217 1.210752
218 1.210076
219 1.209788
220 1.209462
221 1.208710
222 1.207842
223 1.208368
224 1.208336
225 1.207870
226 1.207322
227 1.207042
228 1.206678
229 1.206552
230 1.206522
231 1.206636
232 1.205814
233 1.205952
234 1.205880
235 1.205774
236 1.205552
237 1.205226
238 1.204964
239 1.204678
240 1.204070
241 1.203916
242 1.203462
243 1.203470
244 1.203716
245 1.203586
246 1.202920
247 1.202884
248 1.203458
249 1.203048
250 1.203050
251 1.202998
252 1.202750
253 1.202622
254 1.202442
255 1.202030
256 1.201752
257 1.201450
258 1.200692
259 1.200392
260 1.200716
261 1.200296
262 1.200042
263 1.199854
264 1.199708
265 1.199392
266 1.198908
267 1.199084
268 1.199282
269 1.199792
270 1.200276
271 1.200710
272 1.200358
273 1.200028
274 1.199788
275 1.199062
276 1.199296
277 1.199220
278 1.199180
279 1.198772
280 1.198206
281 1.198116
282 1.198166
283 1.198434
284 1.198496
285 1.197888
286 1.197752
287 1.197358
288 1.196992
289 1.196656
290 1.196290
291 1.195748
292 1.195650
293 1.196142
294 1.196180
295 1.196312
296 1.196072
297 1.195774
298 1.195584
299 1.195462
300 1.195714
301 1.195860
302 1.195490
303 1.195312
304 1.195430
305 1.195950
306 1.194816
307 1.195098
308 1.194504
309 1.194224
310 1.193748
311 1.193928
312 1.193702
313 1.193698
314 1.194302
315 1.194010
316 1.193862
317 1.193176
318 1.192346
319 1.191440
320 1.192178
321 1.191330
322 1.191288
323 1.191770
324 1.191824
325 1.191956
326 1.191206
327 1.190980
328 1.191030
329 1.191040
330 1.191780
331 1.192006
332 1.192102
333 1.191638
334 1.192028
335 1.191338
336 1.190854
337 1.190378
338 1.190692
339 1.190894
340 1.190876
341 1.190962
342 1.191234
343 1.191474
344 1.190908
345 1.191440
346 1.191378
347 1.190874
348 1.190314
349 1.190166
350 1.189910
351 1.189944
352 1.189358
353 1.189366
354 1.189654
355 1.189744
356 1.189888
357 1.188964
358 1.188218
359 1.187970
360 1.187954
361 1.187694
362 1.187818
363 1.188512
364 1.188562
365 1.187968
366 1.187958
367 1.188550
368 1.188778
369 1.188500
370 1.188292
371 1.188444
372 1.187942
373 1.188114
374 1.187978
375 1.188058
376 1.187992
377 1.188290
378 1.188834
379 1.188830
380 1.188856
381 1.189416
382 1.189286
383 1.188926
384 1.188856
385 1.189252
386 1.189934
387 1.189728
388 1.188998
389 1.188968
390 1.188698
391 1.188036
392 1.187696
393 1.187586
394 1.187542
395 1.187442
396 1.187642
397 1.187790
398 1.188066
399 1.187902
400 1.187706
401 1.188258
402 1.188346
403 1.188860
404 1.189240
405 1.189308
406 1.188732
407 1.189270
408 1.188836
409 1.188576
410 1.188916
411 1.188962
412 1.189674
413 1.189688
414 1.190158
415 1.189912
416 1.190196
417 1.190946
418 1.190596
419 1.190068
420 1.190248
421 1.190028
422 1.189942
423 1.190094
424 1.190120
425 1.189458
426 1.189562
427 1.190002
428 1.189738
429 1.189806
430 1.189060
431 1.188992
432 1.188984
433 1.189010
434 1.189398
435 1.189630
436 1.189822
437 1.189264
438 1.188788
439 1.188266
440 1.188644
441 1.188560
442 1.188606
443 1.188568
444 1.188588
445 1.188262
446 1.188194
447 1.188226
448 1.187718
449 1.187088
450 1.187646
451 1.187382
452 1.187240
453 1.187292
454 1.186654
455 1.186374
456 1.186524
457 1.186250
458 1.185626
459 1.185792
460 1.185692
461 1.186034
462 1.186016
463 1.186510
464 1.186794
465 1.186320
466 1.186914
467 1.186442
468 1.186534
469 1.186204
470 1.186042
471 1.185932
472 1.185808
473 1.185774
474 1.185418
475 1.186136
476 1.186572
477 1.186508
478 1.186276
479 1.185990
480 1.185750
481 1.186002
482 1.186486
483 1.186216
484 1.185692
485 1.186076
486 1.185722
487 1.185834
488 1.186064
489 1.185580
490 1.186070
491 1.186248
492 1.186050
493 1.186048
494 1.186382
495 1.186292
496 1.186202
497 1.186106
498 1.185942
499 1.185534
500 1.185986
501 1.185610
502 1.185436
503 1.185502
504 1.185548
505 1.186250
506 1.185710
507 1.185902
508 1.186366
509 1.186440
510 1.186958
511 1.186972
512 1.187236
513 1.187126
514 1.187044
515 1.187234
516 1.187430
517 1.187610
518 1.187138
519 1.187316
520 1.187548
521 1.187566
522 1.187070
523 1.187398
524 1.187086
525 1.186414
526 1.185570
527 1.185642
528 1.185734
529 1.185540
530 1.185638
531 1.185822
532 1.185460
533 1.185658
534 1.185482
535 1.185114
536 1.185372
537 1.185550
538 1.185788
539 1.186302
540 1.186078
541 1.186296
542 1.186486
543 1.186600
544 1.186530
545 1.186688
546 1.186008
547 1.185852
548 1.185588
549 1.185380
550 1.185114
551 1.185160
552 1.185336
553 1.185060
554 1.185430
555 1.185324
556 1.185956
557 1.186288
558 1.186178
559 1.187352
560 1.187148
561 1.187342
562 1.187120
563 1.187112
564 1.187332
565 1.187358
566 1.187782
567 1.187376
568 1.187886
569 1.187574
570 1.187712
571 1.188180
572 1.188278
573 1.188308
574 1.188614
575 1.187632
576 1.187176
577 1.187166
578 1.187014
579 1.187198
580 1.187218
581 1.187522
582 1.187784
583 1.187798
584 1.187766
585 1.187846
586 1.187470
587 1.188060
588 1.188292
589 1.188764
590 1.188362
591 1.188600
592 1.188336
593 1.187316
594 1.187462
595 1.187896
596 1.187872
597 1.188250
598 1.188410
599 1.189088
600 1.189060
601 1.189172
602 1.189148
603 1.188778
604 1.188424
605 1.188588
606 1.188832
607 1.188420
608 1.187848
609 1.187448
610 1.187402
611 1.186554
612 1.186528
613 1.186652
614 1.186966
615 1.186938
616 1.186736
617 1.186658
618 1.186400
619 1.186642
620 1.186574
621 1.186470
622 1.185894
623 1.186116
624 1.186758
625 1.186702
626 1.186652
627 1.186554
628 1.186044
629 1.186094
630 1.185930
631 1.185536
632 1.185744
633 1.186168
634 1.185940
635 1.185792
636 1.185404
637 1.185276
638 1.184488
639 1.184728
640 1.184442
641 1.185048
642 1.184874
643 1.184600
644 1.184188
645 1.184928
646 1.185084
647 1.185584
648 1.186004
649 1.186316
650 1.186356
651 1.186362
652 1.186386
653 1.185800
654 1.185852
655 1.186634
656 1.187402
657 1.187644
658 1.187834
659 1.187238
660 1.187002
661 1.186624
662 1.186688
663 1.186552
664 1.185914
665 1.185622
666 1.186068
667 1.185930
668 1.186164
669 1.186008
670 1.186086
671 1.185844
672 1.185576
673 1.184942
674 1.184534
675 1.183282
676 1.183222
677 1.183144
678 1.182674
679 1.182870
680 1.182592
681 1.182720
682 1.183326
683 1.182888
684 1.183070
685 1.182662
686 1.182774
687 1.182626
688 1.183048
689 1.183184
690 1.184024
691 1.184194
692 1.183906
693 1.184174
694 1.184620
695 1.184562
696 1.184662
697 1.184642
698 1.184884
699 1.184970
700 1.185246
701 1.184516
702 1.184422
703 1.184308
704 1.184194
705 1.184116
706 1.184890
707 1.185370
708 1.185744
709 1.186058
710 1.186212
711 1.185986
712 1.186434
713 1.186502
714 1.186140
715 1.186624
716 1.187072
717 1.186728
718 1.186052
719 1.186488
720 1.186568
721 1.186298
722 1.186160
723 1.186406
724 1.185486
725 1.186210
726 1.186068
727 1.185226
728 1.184934
729 1.185256
730 1.185884
731 1.185966
732 1.185782
733 1.185902
734 1.186100
735 1.186198
736 1.186434
737 1.186978
738 1.186500
739 1.186198
740 1.186050
741 1.186276
742 1.186434
743 1.186200
744 1.186386
745 1.186630
746 1.186532
747 1.186754
748 1.186974
749 1.187398
750 1.187128
751 1.187420
752 1.186600
753 1.186876
754 1.186764
755 1.186166
756 1.186210
757 1.185676
758 1.185560
759 1.185906
760 1.186116
761 1.186266
762 1.186732
763 1.186160
764 1.186332
765 1.185958
766 1.185606
767 1.185276
768 1.185006
769 1.185004
770 1.184778
771 1.184898
772 1.185040
773 1.185302
774 1.185020
775 1.185290
776 1.185348
777 1.184846
778 1.184924
779 1.185574
780 1.185600
781 1.185188
782 1.185524
783 1.185960
784 1.186222
785 1.186360
786 1.186272
787 1.186726
788 1.186988
789 1.186824
790 1.186936
791 1.187054
792 1.187034
793 1.187280
794 1.187396
795 1.187742
796 1.188752
797 1.189000
798 1.188248
799 1.187818
800 1.187570
801 1.187174
802 1.187112
803 1.186602
804 1.186746
805 1.187100
806 1.187080
807 1.187158
808 1.186520
809 1.187272
810 1.187018
811 1.187276
812 1.187358
813 1.187118
814 1.187094
815 1.187024
816 1.186722
817 1.186706
818 1.187342
819 1.187542
820 1.187948
821 1.187808
822 1.187516
823 1.187646
824 1.186764
825 1.186112
826 1.185802
827 1.185986
828 1.186176
829 1.186494
830 1.186130
831 1.185384
832 1.185500
833 1.184802
834 1.185142
835 1.185946
836 1.185964
837 1.186286
838 1.186388
839 1.186882
840 1.186700
841 1.186572
842 1.186056
843 1.185786
844 1.185532
845 1.185342
846 1.185428
847 1.185110
848 1.184938
849 1.184780
850 1.185460
851 1.185056
852 1.184800
853 1.185502
854 1.185102
855 1.184720
856 1.184952
857 1.185364
858 1.185222
859 1.184704
860 1.184450
861 1.184234
862 1.184148
863 1.184624
864 1.185474
865 1.185062
866 1.185312
867 1.184828
868 1.184432
869 1.184732
870 1.184694
871 1.184148
872 1.184698
873 1.185054
874 1.184830
875 1.185070
876 1.184784
877 1.185544
878 1.185746
879 1.186458
880 1.186132
881 1.186198
882 1.186334
883 1.186130
884 1.185800
885 1.186092
886 1.186492
887 1.186160
888 1.186204
889 1.186586
890 1.186496
891 1.186304
892 1.185712
893 1.185876
894 1.186116
895 1.186778
896 1.186942
897 1.187270
898 1.186990
899 1.186580
900 1.186014
901 1.186302
902 1.185768
903 1.185746
904 1.185448
905 1.185232
906 1.185538
907 1.186082
908 1.185892
909 1.186202
910 1.185792
911 1.186092
912 1.186620
913 1.186268
914 1.186256
915 1.185758
916 1.186054
917 1.187132
918 1.186800
919 1.186732
920 1.187014
921 1.187146
922 1.187546
923 1.187930
924 1.187752
925 1.187530
926 1.187250
927 1.187790
928 1.188108
929 1.187816
930 1.187866
931 1.187524
932 1.187006
933 1.186750
934 1.186562
935 1.186634
936 1.187158
937 1.187416
938 1.187762
939 1.186786
940 1.186230
941 1.185770
942 1.186018
943 1.185452
944 1.185646
945 1.186044
946 1.185980
947 1.185770
948 1.185482
949 1.185316
950 1.185300
951 1.185542
952 1.185494
953 1.186132
954 1.186048
955 1.186076
956 1.185666
957 1.185094
958 1.184570
959 1.185234
960 1.183896
961 1.183508
962 1.184530
963 1.185144
964 1.185108
965 1.185408
966 1.185088
967 1.185760
968 1.185642
969 1.185992
970 1.185954
971 1.186204
972 1.186352
973 1.185770
974 1.185770
975 1.185206
976 1.184780
977 1.185104
978 1.185294
979 1.185584
980 1.185434
981 1.186070
982 1.185698
983 1.185316
984 1.185258
985 1.185120
986 1.185144
987 1.185668
988 1.185470
989 1.185286
990 1.185036
991 1.184798
992 1.184522
993 1.184698
994 1.185478
995 1.185606
996 1.185690
997 1.186356
998 1.185968
999 1.186126
1000 1.186232
1001 1.186698
1002 1.186254
1003 1.186268
1004 1.187204
1005 1.186714
1006 1.186452
1007 1.186400
1008 1.185914
1009 1.185850
1010 1.185696
1011 1.185586
1012 1.185962
1013 1.185726
1014 1.186158
1015 1.186156
1016 1.186138
1017 1.186248
1018 1.185552
1019 1.185560
1020 1.185156
1021 1.185286
1022 1.185630
1023 1.185410
1024 1.184940
1025 1.185548
1026 1.185236
1027 1.185284
1028 1.185326
1029 1.186056
1030 1.185558
1031 1.185650
1032 1.185962
1033 1.186242
1034 1.186008
1035 1.186542
1036 1.185516
1037 1.185910
1038 1.185892
1039 1.185370
1040 1.185730
1041 1.185372
1042 1.185220
1043 1.185842
1044 1.184972
1045 1.184856
1046 1.185500
1047 1.185210
1048 1.184722
1049 1.184438
1050 1.184272
1051 1.184222
1052 1.184710
1053 1.184170
1054 1.184646
1055 1.184898
1056 1.184760
1057 1.184300
1058 1.184536
1059 1.184836
1060 1.185458
1061 1.185508
1062 1.185746
1063 1.185122
1064 1.184468
1065 1.184778
1066 1.184920
1067 1.185004
1068 1.185356
1069 1.185228
1070 1.184970
1071 1.184952
1072 1.184940
1073 1.185492
1074 1.185456
1075 1.185332
1076 1.185784
1077 1.185800
1078 1.185550
1079 1.185456
1080 1.185292
1081 1.185156
1082 1.184940
1083 1.185038
1084 1.184302
1085 1.183684
1086 1.184326
1087 1.184718
1088 1.184726
1089 1.184474
1090 1.184080
1091 1.184084
1092 1.183814
1093 1.183658
1094 1.183990
1095 1.184286
1096 1.183844
1097 1.184130
1098 1.183500
1099 1.183476
1100 1.183188
1101 1.183418
1102 1.183604
1103 1.183494
1104 1.183762
1105 1.183626
1106 1.183060
1107 1.182928
1108 1.182660
1109 1.182884
1110 1.183088
1111 1.182652
1112 1.182832
1113 1.182902
1114 1.182824
1115 1.183132
1116 1.182896
1117 1.183178
1118 1.183452
1119 1.183580
1120 1.183610
1121 1.184610
1122 1.184878
1123 1.184948
1124 1.185282
1125 1.185270
1126 1.185594
1127 1.185290
1128 1.185660
1129 1.185718
1130 1.185384
1131 1.185060
1132 1.185524
1133 1.185774
1134 1.186152
1135 1.185692
1136 1.185670
1137 1.185440
1138 1.185222
1139 1.185124
1140 1.185190
1141 1.186036
1142 1.186036
1143 1.186468
1144 1.186974
1145 1.186972
1146 1.187348
1147 1.187410
1148 1.187316
1149 1.187754
1150 1.187240
1151 1.186904
1152 1.186932
1153 1.187152
1154 1.187582
1155 1.188002
1156 1.187540
1157 1.187128
1158 1.187292
1159 1.187692
1160 1.187730
1161 1.187670
1162 1.187764
1163 1.187428
1164 1.187380
1165 1.186846
1166 1.186340
1167 1.186372
1168 1.186100
1169 1.185822
1170 1.185654
1171 1.185380
1172 1.185246
1173 1.185876
1174 1.186214
1175 1.186460
1176 1.185972
1177 1.186086
1178 1.186218
1179 1.186710
1180 1.186648
1181 1.186098
1182 1.186132
1183 1.186052
1184 1.186048
1185 1.186362
1186 1.186468
1187 1.186046
1188 1.185836
1189 1.186228
1190 1.186104
1191 1.186504
1192 1.186560
1193 1.186244
1194 1.186208
1195 1.185582
1196 1.185200
1197 1.185080
1198 1.184802
1199 1.184992
1200 1.184834
1201 1.184962
1202 1.184226
1203 1.183648
1204 1.183860
1205 1.183988
1206 1.184710
1207 1.184758
1208 1.184326
1209 1.183646
1210 1.184230
1211 1.184482
1212 1.184374
1213 1.184378
1214 1.184446
1215 1.184484
1216 1.184510
1217 1.183846
1218 1.183848
1219 1.183922
1220 1.183712
1221 1.184040
1222 1.184162
1223 1.184018
1224 1.184230
1225 1.184364
1226 1.184390
1227 1.183394
1228 1.183472
1229 1.183844
1230 1.184504
1231 1.184646
1232 1.184850
1233 1.185104
1234 1.185144
1235 1.185196
1236 1.185442
1237 1.185558
1238 1.185446
1239 1.184948
1240 1.184608
1241 1.184298
1242 1.184158
1243 1.184034
1244 1.183980
1245 1.184138
1246 1.184368
1247 1.184898
1248 1.185322
1249 1.185298
1250 1.185580
1251 1.186328
1252 1.186262
1253 1.186196
1254 1.186676
1255 1.186514
1256 1.185992
1257 1.186110
1258 1.186300
1259 1.186478
1260 1.185578
1261 1.185784
1262 1.185694
1263 1.185678
1264 1.185950
1265 1.186028
1266 1.186500
1267 1.186642
1268 1.186662
1269 1.186850
1270 1.186036
1271 1.185902
1272 1.186054
1273 1.185826
1274 1.185678
1275 1.185068
1276 1.184926
1277 1.185104
1278 1.185402
1279 1.185408
1280 1.185302
1281 1.184426
1282 1.184362
1283 1.185026
1284 1.184974
1285 1.184606
1286 1.184992
1287 1.185612
1288 1.185646
1289 1.186022
1290 1.185492
1291 1.185168
1292 1.185544
1293 1.185288
1294 1.184992
1295 1.185446
1296 1.185244
1297 1.185406
1298 1.186050
1299 1.186026
1300 1.186410
1301 1.186476
1302 1.186794
1303 1.187242
1304 1.186916
1305 1.186602
1306 1.186576
1307 1.186030
1308 1.185950
1309 1.185984
1310 1.186068
1311 1.186274
1312 1.186192
1313 1.185990
1314 1.186216
1315 1.186114
1316 1.185396
1317 1.185720
1318 1.185846
1319 1.185674
1320 1.185450
1321 1.185962
1322 1.185500
1323 1.185902
1324 1.186010
1325 1.186176
1326 1.185724
1327 1.185500
1328 1.184930
1329 1.185178
1330 1.185238
1331 1.185314
1332 1.184830
1333 1.184512
1334 1.184282
1335 1.183962
1336 1.184330
1337 1.184706
1338 1.185230
1339 1.185168
1340 1.185252
1341 1.185450
1342 1.185856
1343 1.185606
1344 1.186660
1345 1.186930
1346 1.186976
1347 1.187388
1348 1.187674
1349 1.187734
1350 1.187464
1351 1.187338
1352 1.187318
1353 1.186874
1354 1.187462
1355 1.187392
1356 1.187768
1357 1.187324
1358 1.186816
1359 1.186610
1360 1.186952
1361 1.186940
1362 1.187500
1363 1.187240
1364 1.186720
1365 1.186622
1366 1.187136
1367 1.187082
1368 1.186872
1369 1.186988
1370 1.187038
1371 1.186082
1372 1.186076
1373 1.185926
1374 1.185706
1375 1.185384
1376 1.185888
1377 1.186294
1378 1.185540
1379 1.185360
1380 1.185476
1381 1.185606
1382 1.185438
1383 1.185168
1384 1.185008
1385 1.185362
1386 1.185156
1387 1.185322
1388 1.184970
1389 1.184896
1390 1.184470
1391 1.184136
1392 1.184006
1393 1.184464
1394 1.183832
1395 1.184224
1396 1.183690
1397 1.183512
1398 1.184332
1399 1.184824
1400 1.184304
1401 1.183806
1402 1.183396
1403 1.183078
1404 1.182902
1405 1.182780
1406 1.182912
1407 1.182404
1408 1.182872
1409 1.182838
1410 1.182824
1411 1.183288
1412 1.183460
1413 1.183038
1414 1.183072
1415 1.183290
1416 1.183314
1417 1.183204
1418 1.183574
1419 1.184106
1420 1.184038
1421 1.183870
1422 1.183442
1423 1.183566
1424 1.183784
1425 1.183178
1426 1.182916
1427 1.182792
1428 1.183040
1429 1.182444
1430 1.183142
1431 1.183250
1432 1.183372
1433 1.183520
1434 1.182516
1435 1.182562
1436 1.182444
1437 1.182338
1438 1.182136
1439 1.182672
1440 1.182358
1441 1.183142
1442 1.183430
1443 1.183246
1444 1.183790
1445 1.184284
1446 1.183856
1447 1.184212
1448 1.184606
1449 1.184930
1450 1.185280
1451 1.185038
1452 1.184864
1453 1.184754
1454 1.184678
1455 1.184554
1456 1.184114
1457 1.184738
1458 1.184988
1459 1.185010
1460 1.184948
1461 1.184424
1462 1.184028
1463 1.183752
1464 1.183664
1465 1.183820
1466 1.184456
1467 1.184538
1468 1.184302
1469 1.184000
1470 1.183554
1471 1.182964
1472 1.183090
1473 1.183602
1474 1.183016
1475 1.183154
1476 1.182794
1477 1.182420
1478 1.182178
1479 1.182376
1480 1.182510
1481 1.182260
1482 1.182316
1483 1.182238
1484 1.182764
1485 1.183436
1486 1.184274
1487 1.183908
1488 1.183966
1489 1.183606
1490 1.182980
1491 1.182084
1492 1.182194
1493 1.182532
1494 1.182886
1495 1.183074
1496 1.184154
1497 1.184472
1498 1.184478
1499 1.184916
1500 1.184726
1501 1.184828
1502 1.184930
1503 1.184788
1504 1.184310
1505 1.184446
1506 1.183628
1507 1.184344
1508 1.184882
1509 1.184514
1510 1.184250
1511 1.183782
1512 1.184240
1513 1.183888
1514 1.183938
1515 1.183770
1516 1.183906
1517 1.184488
1518 1.184922
1519 1.185298
1520 1.184708
1521 1.184738
1522 1.184964
1523 1.184158
1524 1.184330
1525 1.184950
1526 1.184704
1527 1.184432
1528 1.184544
1529 1.184608
1530 1.184998
1531 1.184436
1532 1.184242
1533 1.183956
1534 1.184656
1535 1.184266
1536 1.184818
1537 1.185000
1538 1.185272
1539 1.185574
1540 1.186028
1541 1.186660
1542 1.186862
1543 1.186990
1544 1.186906
1545 1.186224
1546 1.185796
1547 1.186196
1548 1.185834
1549 1.185302
1550 1.184912
1551 1.184298
1552 1.183820
1553 1.184008
1554 1.183660
1555 1.183052
1556 1.182916
1557 1.183124
1558 1.182396
1559 1.182188
1560 1.182800
1561 1.182964
1562 1.183690
1563 1.183696
1564 1.184032
1565 1.184266
1566 1.183590
1567 1.182762
1568 1.183772
1569 1.183360
1570 1.183244
1571 1.183070
1572 1.183552
1573 1.183466
1574 1.183076
1575 1.183292
1576 1.183416
1577 1.183294
1578 1.183344
1579 1.183382
1580 1.183282
1581 1.183506
1582 1.184082
1583 1.183766
1584 1.184506
1585 1.184422
1586 1.184638
1587 1.184228
1588 1.184542
1589 1.184210
1590 1.184074
1591 1.183740
1592 1.183220
1593 1.183110
1594 1.183232
1595 1.183132
1596 1.183328
1597 1.183802
1598 1.183850
1599 1.184160
1600 1.184780
1601 1.185280
1602 1.185206
1603 1.185746
1604 1.185858
1605 1.185352
1606 1.184988
1607 1.185114
1608 1.185364
1609 1.184990
1610 1.184914
1611 1.184620
1612 1.184844
1613 1.185244
1614 1.185522
1615 1.186118
1616 1.186192
1617 1.186088
1618 1.185900
1619 1.185818
1620 1.185512
1621 1.185146
1622 1.185024
1623 1.184900
1624 1.184858
1625 1.184602
1626 1.184022
1627 1.183834
1628 1.183802
1629 1.183622
1630 1.183324
1631 1.183326
1632 1.183156
1633 1.183656
1634 1.183540
1635 1.183562
1636 1.184006
1637 1.184206
1638 1.183502
1639 1.183162
1640 1.183188
1641 1.182930
1642 1.183024
1643 1.183412
1644 1.183960
1645 1.184750
1646 1.184740
1647 1.185110
1648 1.184992
1649 1.184838
1650 1.185138
1651 1.185434
1652 1.185144
1653 1.185430
1654 1.185136
1655 1.185310
1656 1.185394
1657 1.185430
1658 1.185116
1659 1.184644
1660 1.184730
1661 1.184746
1662 1.185056
1663 1.185098
1664 1.185838
1665 1.185606
1666 1.185146
1667 1.184986
1668 1.184778
1669 1.184924
1670 1.184496
1671 1.184070
1672 1.184200
1673 1.184156
1674 1.183772
1675 1.183338
1676 1.183828
1677 1.183586
1678 1.183338
1679 1.182770
1680 1.182628
1681 1.182500
1682 1.182080
1683 1.182272
1684 1.182520
1685 1.182642
1686 1.182958
1687 1.183380
1688 1.183652
1689 1.183586
1690 1.184930
1691 1.185078
1692 1.184924
1693 1.184346
1694 1.184672
1695 1.185136
1696 1.185490
1697 1.185332
1698 1.185790
1699 1.185642
1700 1.185082
1701 1.184900
1702 1.184422
1703 1.185170
1704 1.185702
1705 1.185204
1706 1.185350
1707 1.185220
1708 1.185016
1709 1.185070
1710 1.184798
1711 1.184488
1712 1.184936
1713 1.185458
1714 1.185128
1715 1.184632
1716 1.184522
1717 1.184056
1718 1.184222
1719 1.184322
1720 1.184266
1721 1.184426
1722 1.184628
1723 1.184228
1724 1.183848
1725 1.184070
1726 1.184326
1727 1.184962
1728 1.184448
1729 1.184458
1730 1.184036
1731 1.183448
1732 1.184070
1733 1.184404
1734 1.183962
1735 1.184368
1736 1.184894
1737 1.184474
1738 1.184174
1739 1.183798
1740 1.183250
1741 1.183672
1742 1.183000
1743 1.182520
1744 1.182444
1745 1.182548
1746 1.182324
1747 1.181950
1748 1.182278
1749 1.182944
1750 1.183078
1751 1.183274
1752 1.183448
1753 1.183630
1754 1.183516
1755 1.183584
1756 1.183194
1757 1.182556
1758 1.182410
1759 1.182376
1760 1.182926
1761 1.183026
1762 1.182438
1763 1.183120
1764 1.182760
1765 1.182798
1766 1.183142
1767 1.182876
1768 1.182604
1769 1.182682
1770 1.181820
1771 1.182016
1772 1.182428
1773 1.182562
1774 1.182702
1775 1.182334
1776 1.182382
1777 1.182112
1778 1.181880
1779 1.181606
1780 1.181714
1781 1.182014
1782 1.182738
1783 1.182122
1784 1.182692
1785 1.183086
1786 1.183392
1787 1.183820
1788 1.183820
1789 1.183820
1790 1.183820
1791 1.183820
1792 1.183820
1793 1.183820
1794 1.183820
1795 1.183820
1796 1.183820


Active cycles: 295
k_mean: 1.184104
k_stddev(cycle): 0.001069
k_stderr(mean): 0.000062
