1 1.183810
2 19.683954
3 37.811690
4 55.832236
5 73.764755
6 91.677670
7 109.595544
8 127.595726
9 145.635505
10 163.608350
11 181.584048
12 199.602571
13 217.647728
14 235.644815
15 253.692312
16 271.778420
17 289.879063
18 307.900468
19 325.987928
20 342.221662
21 360.240343
22 378.199269
23 396.210171
24 414.262613
25 432.181767
26 450.111970
27 467.903790
28 485.692600
29 503.446684
30 521.211442
31 538.933476
32 556.668106
33 574.421492
34 592.241678
35 610.156606
36 628.114979
37 646.093637
38 664.023431
39 681.942862
40 699.859150
41 717.766725
42 735.685411
43 753.590637
44 771.503113
45 789.415170
46 807.346342
47 825.246618
48 843.104289
49 860.993680
50 878.906334
51 896.831271
52 914.776678
53 932.702135
54 950.631542
55 968.552800
56 986.476308
57 1004.396763
58 1022.313130
59 1040.230061
60 1058.138207
61 1076.061102
62 1093.995317
63 1111.899031
64 1129.769998
65 1147.636838
66 1165.475864
67 1183.255840
68 1201.059406
69 1218.878979
70 1236.738367
71 1254.594455
72 1272.410219
73 1290.202876
74 1307.984856
75 1325.764714
76 1343.564128
77 1361.337660
78 1379.104918
79 1396.886023
80 1414.645772
81 1432.376011
82 1450.102105
83 1467.841333
84 1485.574865
85 1503.304296
86 1521.037517
87 1538.789883
88 1556.560394
89 1574.309742
90 1592.086125
91 1609.121912
92 1626.941614
93 1644.794894
94 1662.649949
95 1680.516182
96 1698.395553
97 1716.290312
98 1734.216784
99 1752.157439
100 1770.109542
101 1788.065287
102 1805.992726
103 1823.971427
104 1841.920507
105 1859.850653
106 1876.981025
107 1894.932662
108 1912.947559
109 1931.064146
110 1949.199169
111 1967.330195
112 1981.993232
113 2000.004400
114 2018.052195
115 2036.087482
116 2054.118090
117 2072.149402
118 2090.155118
119 2108.131614
120 2126.054228
121 2142.408247
122 2160.360940
123 2178.365855
124 2196.327995
125 2214.284519
126 2232.243864
127 2248.816076
128 2266.775223
129 2284.041686
130 2300.437295
131 2318.432006
132 2336.427293
133 2354.083108
134 2372.031106
135 2389.990193
136 2407.923012
137 2425.855220
138 2443.775178
139 2461.671290
140 2479.603385
141 2497.535576
142 2515.461962
143 2533.379061
144 2551.285218
145 2569.127621
146 2586.969138
147 2604.810201
148 2622.675207
149 2640.559787
150 2658.418026
151 2676.255210
152 2694.086624
153 2711.931984
154 2729.790027
155 2747.608547
156 2765.416447
157 2783.226784
158 2801.010578
159 2818.805998
160 2836.586240
161 2854.374060
162 2872.128126
163 2889.855286
164 2907.590124
165 2925.317180
166 2943.089369
167 2960.875943
168 2978.633954
169 2996.396902
170 3014.194657
171 3031.972262
172 3049.750234
173 3066.533698
174 3084.280547
175 3102.022038
176 3119.741880
177 3137.414279
178 3155.124639
179 3172.835407
180 3190.538497
181 3208.246285
182 3225.930477
183 3243.617504
184 3261.282136
185 3278.933710
186 3296.555434
187 3314.259203
188 3331.929452
189 3349.604669
190 3367.289642
191 3384.990014
192 3402.685623
193 3420.425023
194 3438.146963
195 3455.883116
196 3473.633505
197 3491.393823
198 3509.105068
199 3526.788892
200 3544.472917
201 3562.164986
202 3579.844748
203 3597.544723
204 3615.243183
205 3632.954254
206 3650.656904
207 3668.378676
208 3686.099661
209 3703.772569
210 3721.429304
211 3739.126928
212 3756.800950
213 3772.025915
214 3789.715293
215 3807.415662
216 3825.116857
217 3842.789798
218 3860.449795
219 3878.150201
220 3895.852862
221 3913.569002
222 3931.304695
223 3949.064353
224 3966.813022
225 3984.522000
226 4002.173747
227 4019.838020
228 4037.490893
229 4055.129256
230 4072.665074
231 4090.191606
232 4107.706017
233 4125.126692
234 4142.506159
235 4159.861430
236 4177.229285
237 4194.579192
238 4211.939706
239 4229.324435
240 4246.711760
241 4264.147843
242 4281.635367
243 4299.155322
244 4316.617877
245 4334.074532
246 4351.541161
247 4369.034474
248 4386.536033
249 4404.093414
250 4421.602370
251 4439.104396
252 4456.582775
253 4474.049871
254 4491.499736
255 4509.013643
256 4526.560161
257 4544.097227
258 4561.652812
259 4579.208974
260 4596.754829
261 4614.254123
262 4631.750208
263 4649.239605
264 4666.719278
265 4684.233127
266 4701.721332
267 4719.204807
268 4736.664722
269 4754.118423
270 4771.558948
271 4788.991796
272 4806.404099
273 4823.809288
274 4841.176574
275 4858.514052
276 4875.870529
277 4893.225125
278 4910.584261
279 4927.950581
280 4945.326801
281 4962.676144
282 4980.016843
283 4997.327285
284 5014.679763
285 5031.982513
286 5049.234296
287 5066.424831
288 5083.601518
289 5100.784634
290 5117.950970
291 5134.080375
292 5151.252050
293 5168.444427
294 5185.648696
295 5202.892234
296 5217.648845
297 5234.892905
298 5252.165600
299 5269.420584
300 5286.656195
301 5303.926246
302 5321.213984
303 5338.518614
304 5355.833835
305 5373.155397
306 5390.433226
307 5407.732617
308 5425.061577
309 5442.389521
310 5457.136912
311 5471.906285
312 5486.668633
313 5501.433488
314 5516.156683
315 5530.905963
316 5545.688458
317 5560.426144
318 5575.163772
319 5589.872486
320 5604.588581
321 5618.210421
322 5632.871936
323 5647.090023
324 5661.717077
325 5676.329394
326 5690.927812
327 5705.512168
328 5720.121523
329 5734.714243
330 5749.276936
331 5763.808535
332 5778.358157
333 5792.867363
334 5807.367151
335 5821.841344
336 5836.335769
337 5850.775494
338 5865.229610
339 5879.648917
340 5894.059082
341 5908.433762
342 5922.817953
343 5937.184802
344 5951.555406
345 5965.926631
346 5980.333978
347 5994.753726
348 6009.144746
349 6023.532287
350 6036.945682
351 6051.320626
352 6065.184086
353 6079.497090
354 6093.814247
355 6108.151726
356 6122.501079
357 6136.853023
358 6151.175135
359 6165.496039
360 6179.838992
361 6194.269711
362 6208.723813
363 6223.122621
364 6237.587786
365 6252.051763
366 6266.492884
367 6280.893974
368 6295.330725
369 6309.781613
370 6324.237237
371 6338.614641
372 6352.989713
373 6367.352281
374 6381.684238
375 6396.022226
376 6410.370572
377 6424.707377
378 6439.054703
379 6453.386608
380 6467.720608
381 6482.044070
382 6496.372743
383 6510.684200
384 6524.983127
385 6539.266914
386 6553.549067
387 6567.826694
388 6582.154602
389 6596.477905
390 6610.852250
391 6625.275390
392 6639.727048
393 6654.136693
394 6668.617217
395 6683.091725
396 6697.542907
397 6711.982911
398 6726.434089
399 6740.903756
400 6755.395636
401 6769.892391
402 6783.461931
403 6797.946019
404 6811.557416
405 6825.995952
406 6840.421739
407 6854.853730
408 6869.257865
409 6883.651532
410 6898.047923
411 6912.434255
412 6926.798687
413 6941.147472
414 6955.492856
415 6969.839487
416 6984.240628
417 6998.671001
418 7013.084149
419 7027.538874
420 7041.988002
421 7056.426522
422 7070.843114
423 7085.249483
424 7099.642291
425 7114.021662
426 7128.422860
427 7142.802309
428 7157.197888
429 7171.599079
430 7186.049389
431 7199.386911
432 7213.827076
433 7228.322324
434 7242.807394
435 7257.287660
436 7271.764482
437 7286.292726
438 7300.754957
439 7315.286979
440 7329.832277
441 7344.384227
442 7358.912239
443 7373.410598
444 7387.906841
445 7402.397437
446 7416.865254
447 7431.313654
448 7445.757265
449 7460.220059
450 7474.732063
451 7489.279444
452 7503.840722
453 7518.416235
454 7532.999713
455 7547.601901
456 7560.416595
457 7575.023421
458 7589.642603
459 7604.270214
460 7618.893936
461 7633.515867
462 7648.170428
463 7662.791382
464 7677.447944
465 7692.123930
466 7706.836061
467 7721.558614
468 7736.292603
469 7751.045154
470 7765.810081
471 7780.565685
472 7795.312268
473 7810.079344
474 7824.837243
475 7839.589154
476 7854.303358
477 7869.046429
478 7883.814590
479 7898.609822
480 7913.421286
481 7928.219467
482 7943.017304
483 7957.823128
484 7972.683411
485 7987.536508
486 8002.373913
487 8017.239008
488 8032.141757
489 8047.014734
490 8061.854042
491 8076.675541
492 8091.504842
493 8106.322674
494 8121.131767
495 8135.994089
496 8150.871431
497 8164.593985
498 8179.443778
499 8194.308175
500 8209.176325
501 8224.050637
502 8238.930450
503 8253.818314
504 8268.728067
505 8283.625352
506 8298.528895
507 8313.411989
508 8326.960257
509 8341.854114
510 8356.756181
511 8371.690478
512 8386.708299
513 8401.722776
514 8416.766485
515 8431.175584
516 8446.191809
517 8461.188026
518 8476.205704
519 8491.246099
520 8504.939836
521 8520.020783
522 8535.127059
523 8550.246037
524 8565.386061
525 8580.523863
526 8595.654043
527 8610.764653
528 8625.903210
529 8641.058447
530 8656.253037
531 8671.448060
532 8686.628504
533 8701.760696
534 8716.913783
535 8732.072355
536 8747.199152
537 8762.330138
538 8777.479869
539 8791.104873
540 8806.255554
541 8821.415092
542 8836.614069
543 8851.862599
544 8867.092199
545 8882.320660
546 8897.558197
547 8912.776301
548 8928.029088
549 8943.272150
550 8958.538720
551 8973.799368
552 8989.046446
553 9004.275291
554 9019.506065
555 9034.758972
556 9050.008111
557 9065.282978
558 9080.559380
559 9095.848093
560 9111.097735
561 9126.388569
562 9141.711301
563 9157.025137
564 9172.355798
565 9187.669923
566 9202.957560
567 9218.227916
568 9233.505847
569 9248.783501
570 9264.091101
571 9279.372892
572 9294.644240
573 9309.921551
574 9325.165197
575 9340.394947
576 9355.642136
577 9370.893307
578 9386.130918
579 9401.339087
580 9416.512821
581 9431.691431
582 9446.904827
583 9462.111009
584 9477.321357
585 9492.506844
586 9507.692089
587 9522.876372
588 9538.086522
589 9553.297361
590 9568.506232
591 9583.687088
592 9598.855368
593 9614.034590
594 9629.253970
595 9644.459969
596 9659.627726
597 9674.815050
598 9689.962778
599 9705.084872
600 9720.217735
601 9735.365496
602 9749.917254
603 9765.085344
604 9780.260463
605 9793.439655
606 9808.520056
607 9823.589956
608 9838.636667
609 9853.643987
610 9868.662832
611 9883.654678
612 9898.653564
613 9913.639734
614 9928.615480
615 9943.576351
616 9958.514932
617 9973.376064
618 9988.259360
619 10003.136284
620 10018.009171
621 10032.872995
622 10047.729394
623 10062.574940
624 10077.416118
625 10092.260612
626 10107.114865
627 10121.958958
628 10136.824983
629 10151.718946
630 10166.590110
631 10181.485102
632 10196.378005
633 10211.240765
634 10226.090228
635 10240.905670
636 10255.743576
637 10270.578936
638 10284.773794
639 10299.576489
640 10312.596533
641 10327.346433
642 10342.114036
643 10356.112986
644 10370.878281
645 10385.220212
646 10399.984566
647 10414.762806
648 10429.548192
649 10444.371568
650 10459.200849
651 10474.032313
652 10488.863059
653 10503.716443
654 10518.571315
655 10533.418687
656 10548.244875
657 10563.075540
658 10577.897990
659 10592.733906
660 10607.599885
661 10622.483432
662 10637.356052
663 10652.230020
664 10667.078865
665 10681.928904
666 10696.757581
667 10711.575585
668 10726.390222
669 10741.192659
670 10755.959603
671 10770.733188
672 10785.517584
673 10800.321519
674 10815.150468
675 10828.774994
676 10843.646460
677 10858.512048
678 10873.376359
679 10888.279786
680 10902.776051
681 10917.728644
682 10932.649779
683 10947.574546
684 10962.495517
685 10977.419381
686 10992.356270
687 11007.262313
688 11022.167168
689 11037.047995
690 11051.941155
691 11066.843137
692 11081.764505
693 11096.663854
694 11111.556366
695 11126.479000
696 11141.388338
697 11156.306161
698 11171.227239
699 11186.148965
700 11201.088621
701 11216.015576
702 11230.939893
703 11245.849865
704 11260.770785
705 11275.690903
706 11290.637772
707 11305.567468
708 11320.496842
709 11333.841688
710 11347.164221
711 11360.492285
712 11373.829688
713 11387.174409
714 11400.539180
715 11413.893306
716 11427.267974
717 11440.633509
718 11453.994459
719 11467.341395
720 11480.722695
721 11494.017867
722 11507.300966
723 11520.594531
724 11533.892715
725 11545.259350
726 11558.527121
727 11571.785160
728 11585.042754
729 11598.269305
730 11611.490525
731 11624.295221
732 11637.576800
733 11650.848165
734 11664.140502
735 11677.444849
736 11690.730846
737 11703.984941
738 11717.193938
739 11730.358960
740 11743.525823
741 11756.641576
742 11769.769617
743 11782.912997
744 11796.064221
745 11809.222219
746 11822.373049
747 11835.541560
748 11848.673717
749 11861.766497
750 11874.847795
751 11887.908538
752 11900.971346
753 11914.068149
754 11927.181661
755 11940.292485
756 11953.373216
757 11966.437148
758 11977.591939
759 11990.626182
760 12003.631397
761 12016.674120
762 12029.770763
763 12042.878236
764 12055.933203
765 12069.029659
766 12082.116699
767 12095.191076
768 12108.245375
769 12121.349355
770 12134.447999
771 12147.531132
772 12160.165602
773 12173.272024
774 12186.367040
775 12199.485067
776 12212.614373
777 12225.734903
778 12238.827875
779 12251.639236
780 12264.738541
781 12277.850622
782 12290.953677
783 12304.062827
784 12317.173643
785 12330.269385
786 12343.365570
787 12356.441397
788 12369.533097
789 12382.001947
790 12394.537105
791 12407.626644
792 12420.715998
793 12433.745689
794 12446.796190
795 12459.843073
796 12472.877016
797 12485.915847
798 12498.963500
799 12512.004436
800 12525.076119
801 12538.208346
802 12551.397665
803 12564.589443
804 12577.807153
805 12591.026898
806 12604.281769
807 12617.499419
808 12630.689075
809 12643.890831
810 12657.076505
811 12670.253127
812 12683.419928
813 12696.580179
814 12709.737347
815 12722.878053
816 12736.016652
817 12749.197154
818 12762.349847
819 12775.513226
820 12788.654152
821 12801.793761
822 12814.956298
823 12828.092755
824 12841.260549
825 12854.390121
826 12867.524707
827 12878.834465
828 12892.015477
829 12905.224248
830 12918.430540
831 12931.610043
832 12944.791518
833 12957.989559
834 12971.185135
835 12984.384991
836 12997.623180
837 13010.839400
838 13024.065375
839 13037.305635
840 13050.497699
841 13063.690901
842 13076.903920
843 13090.093564
844 13103.254880
845 13116.450480
846 13129.646073
847 13141.958808
848 13154.237729
849 13167.441260
850 13180.636941
851 13193.863982
852 13207.103209
853 13220.346664
854 13233.600921
855 13246.850200
856 13260.113881
857 13273.277025
858 13286.414531
859 13299.561029
860 13312.740742
861 13325.923152
862 13339.102804
863 13352.289770
864 13365.464233
865 13378.630662
866 13391.748203
867 13404.823638
868 13417.908677
869 13431.007014
870 13444.071719
871 13457.128268
872 13470.179966
873 13483.236830
874 13496.320176
875 13509.409554
876 13522.509853
877 13535.580249
878 13548.666061
879 13561.748229
880 13574.822755
881 13587.876246
882 13600.919541
883 13613.960389
884 13626.994320
885 13640.004591
886 13652.982816
887 13665.937222
888 13678.866294
889 13691.792299
890 13704.680008
891 13717.566159
892 13730.451524
893 13743.347093
894 13756.268747
895 13769.172790
896 13782.133285
897 13795.073689
898 13808.061411
899 13821.065015
900 13834.086546
901 13847.103446
902 13860.127423
903 13873.160250
904 13886.201747
905 13899.285447
906 13912.421019
907 13925.563871
908 13938.720376
909 13951.850681
910 13964.958223
911 13978.094094
912 13991.203504
913 14004.306999
914 14017.385682
915 14030.455931
916 14043.441447
917 14056.430592
918 14069.437264
919 14082.464039
920 14095.497984
921 14108.527328
922 14121.604286
923 14134.711746
924 14147.819525
925 14160.911232
926 14173.980972
927 14187.070468
928 14200.209809
929 14212.930022
930 14226.051929
931 14239.192844
932 14252.338089
933 14265.489014
934 14278.626189
935 14291.762940
936 14304.087212
937 14317.132144
938 14330.141127
939 14343.153971
940 14356.220144
941 14369.285816
942 14382.297061
943 14395.319384
944 14408.397673
945 14421.439193
946 14434.494429
947 14447.557619
948 14460.630058
949 14473.671890
950 14486.728422
951 14499.814556
952 14512.893745
953 14525.970628
954 14539.067017
955 14552.177226
956 14565.242335
957 14578.333660
958 14591.383167
959 14604.407151
960 14617.450524
961 14630.494735
962 14643.527788
963 14656.521537
964 14669.513854
965 14682.489467
966 14695.461087
967 14708.442515
968 14721.417506
969 14734.397835
970 14747.403517
971 14760.404821
972 14773.416457
973 14786.451428
974 14799.494551
975 14812.541953
976 14825.575415
977 14838.095365
978 14851.105447
979 14864.094889
980 14875.805843
981 14888.781924
982 14901.759846
983 14914.728332
984 14927.675529
985 14940.607336
986 14953.535288
987 14966.456400
988 14979.330630
989 14992.240741
990 15005.206769
991 15018.168358
992 15031.120835
993 15044.086180
994 15056.534008
995 15069.472892
996 15082.447969
997 15095.419207
998 15108.379725
999 15121.289155
1000 15134.219083
1001 15147.141962
1002 15160.034159
1003 15172.937017
1004 15185.894398
1005 15198.842354
1006 15211.786035
1007 15224.728903
1008 15237.684065
1009 15250.618698
1010 15263.520572
1011 15276.404347
1012 15289.286837
1013 15302.193448
1014 15315.072064
1015 15327.970680
1016 15340.898057
1017 15351.964284
1018 15364.938906
1019 15377.937684
1020 15390.958457
1021 15403.962226
1022 15416.948275
1023 15429.905531
1024 15442.878516
1025 15455.828828
1026 15468.792044
1027 15481.719314
1028 15494.621374
1029 15507.512850
1030 15520.380531
1031 15533.284241
1032 15546.191357
1033 15559.073109
1034 15571.935420
1035 15584.805420
1036 15597.671721
1037 15610.535487
1038 15623.420921
1039 15636.308028
1040 15649.209645
1041 15662.089486
1042 15674.973935
1043 15687.864404
1044 15700.782283
1045 15712.927929
1046 15725.862715
1047 15738.813121
1048 15751.769857
1049 15764.748324
1050 15777.709587
1051 15790.660803
1052 15803.613951
1053 15816.593807
1054 15829.597581
1055 15842.659148
1056 15855.697645
1057 15868.746476
1058 15881.793539
1059 15894.815255
1060 15907.817810
1061 15920.853917
1062 15933.871478
1063 15946.902889
1064 15959.923725
1065 15973.015786
1066 15986.123816
1067 15999.231026
1068 16012.342012
1069 16025.410060
1070 16038.474743
1071 16051.501675
1072 16064.531583
1073 16077.568385
1074 16090.631624
1075 16103.693887
1076 16116.772128
1077 16129.828041
1078 16142.920064
1079 16156.021023
1080 16169.165023
1081 16180.320217
1082 16191.763944
1083 16204.932042
1084 16218.107441
1085 16231.281533
1086 16244.477499
1087 16257.701051
1088 16270.920768
1089 16284.143605
1090 16297.323484
1091 16310.496510
1092 16323.650032
1093 16336.824966
1094 16348.354829
1095 16361.553506
1096 16374.720077
1097 16387.887025
1098 16401.033553
1099 16414.141422
1100 16427.226701
1101 16440.309409
1102 16453.428765
1103 16466.558386
1104 16479.704332
1105 16492.852691
1106 16506.000300
1107 16519.182155
1108 16532.306135
1109 16545.377851
1110 16558.446826
1111 16571.527064
1112 16584.615342
1113 16597.687121
1114 16610.749644
1115 16623.852026
1116 16636.949659
1117 16649.349960
1118 16662.467630
1119 16675.587573
1120 16688.707035
1121 16701.816226
1122 16714.856726
1123 16727.914419
1124 16740.976558
1125 16754.024653
1126 16767.034208
1127 16780.034160
1128 16793.007053
1129 16806.009345
1130 16819.001842
1131 16831.265134
1132 16844.221382
1133 16857.133078
1134 16870.019855
1135 16882.909365
1136 16895.804696
1137 16908.663615
1138 16921.527854
1139 16934.382735
1140 16947.261279
1141 16960.148107
1142 16971.000488
1143 16983.822750
1144 16996.649228
1145 17009.462981
1146 17022.249413
1147 17035.039300
1148 17047.846987
1149 17060.674497
1150 17073.493199
1151 17086.352456
1152 17099.160680
1153 17111.979413
1154 17124.809069
1155 17137.599090
1156 17150.409270
1157 17163.200801
1158 17175.981021
1159 17188.747749
1160 17201.524729
1161 17214.318943
1162 17227.076463
1163 17239.842559
1164 17252.590915
1165 17265.333659
1166 17278.104577
1167 17290.889905
1168 17303.706535
1169 17316.560004
1170 17329.404172
1171 17342.267181
1172 17355.115469
1173 17367.938573
1174 17380.764067
1175 17393.591680
1176 17406.416822
1177 17419.296938
1178 17432.206705
1179 17445.109731
1180 17458.058242
1181 17471.034852
1182 17484.042322
1183 17497.044663
1184 17510.040229
1185 17523.013678
1186 17535.971101
1187 17548.909063
1188 17561.811832
1189 17574.695166
1190 17587.634585
1191 17600.571933
1192 17613.528299
1193 17626.472052
1194 17639.403722
1195 17652.325807
1196 17665.258648
1197 17678.188165
1198 17691.125638
1199 17704.025110
1200 17716.865727
1201 17729.609425
1202 17742.318967
1203 17754.962624
1204 17767.627925
1205 17780.311453
1206 17793.051483
1207 17805.792384
1208 17818.517030
1209 17830.463644
1210 17843.165760
1211 17854.996798
1212 17867.653182
1213 17880.288281
1214 17892.902958
1215 17905.532552
1216 17918.164247
1217 17930.780750
1218 17943.436556
1219 17956.062390
1220 17968.678756
1221 17981.326909
1222 17993.962995
1223 18006.542778
1224 18019.134829
1225 18031.703877
1226 18044.281289
1227 18056.822370
1228 18069.357028
1229 18081.886168
1230 18094.435725
1231 18106.973162
1232 18119.459799
1233 18131.977341
1234 18144.523516
1235 18157.081480
1236 18169.682316
1237 18182.292867
1238 18192.919627
1239 18205.549911
1240 18218.179903
1241 18230.796872
1242 18243.426273
1243 18256.068619
1244 18268.697818
1245 18281.330758
1246 18293.935078
1247 18306.540467
1248 18319.147750
1249 18331.791702
1250 18344.424668
1251 18357.122254
1252 18369.827002
1253 18382.507228
1254 18394.727994
1255 18407.459253
1256 18420.171822
1257 18432.896519
1258 18445.647194
1259 18458.438232
1260 18471.214479
1261 18483.969020
1262 18496.711716
1263 18509.467572
1264 18522.222951
1265 18534.973459
1266 18547.716105
1267 18560.486757
1268 18573.244029
1269 18585.995667
1270 18598.697010
1271 18611.387716
1272 18624.080949
1273 18636.792595
1274 18649.525886
1275 18662.271554
1276 18675.001341
1277 18687.761693
1278 18700.570515
1279 18713.378391
1280 18726.100558
1281 18738.822949
1282 18751.568037
1283 18764.331465
1284 18777.111125
1285 18789.883745
1286 18802.677172
1287 18815.489657
1288 18828.285418
1289 18841.082966
1290 18853.872183
1291 18866.648313
1292 18879.409609
1293 18892.179954
1294 18904.950890
1295 18917.756286
1296 18930.635134
1297 18943.461753
1298 18956.258817
1299 18969.067650
1300 18981.930842
1301 18994.821535
1302 19007.681375
1303 19020.564527
1304 19033.404597
1305 19046.229755
1306 19059.054016
1307 19071.910063
1308 19084.745484
1309 19097.640368
1310 19110.456074
1311 19123.309997
1312 19136.148152
1313 19149.004128
1314 19161.842803
1315 19174.660067
1316 19187.476066
1317 19200.341347
1318 19213.215117
1319 19226.078343
1320 19238.974290
1321 19251.879652
1322 19264.786073
1323 19277.695725
1324 19290.590654
1325 19303.497724
1326 19316.426547
1327 19329.354465
1328 19342.266229
1329 19355.170545
1330 19368.072235
1331 19380.977854
1332 19393.881991
1333 19406.796065
1334 19419.730808
1335 19432.666208
1336 19445.582611
1337 19458.493563
1338 19471.407520
1339 19484.269344
1340 19497.106259
1341 19509.985270
1342 19522.854891
1343 19535.786151
1344 19548.690066
1345 19561.603087
1346 19574.477369
1347 19587.345557
1348 19600.195763
1349 19613.022007
1350 19625.841998
1351 19638.651997
1352 19651.487689
1353 19664.290974
1354 19677.115059
1355 19689.959819
1356 19702.749160
1357 19715.505107
1358 19728.254307
1359 19740.996794
1360 19753.773251
1361 19766.557250
1362 19779.359635
1363 19792.159597
1364 19804.928321
1365 19817.225407
1366 19829.958866
1367 19842.658287
1368 19855.358967
1369 19868.030458
1370 19880.676158
1371 19893.321061
1372 19905.975305
1373 19918.607348
1374 19931.190524
1375 19943.687801
1376 19956.240952
1377 19968.801938
1378 19981.389006
1379 19993.984291
1380 20006.594264
1381 20019.214448
1382 20031.894743
1383 20044.603618
1384 20057.270393
1385 20069.965291
1386 20082.660007
1387 20095.373550
1388 20108.078244
1389 20120.803107
1390 20133.529742
1391 20146.309372
1392 20159.057120
1393 20171.846817
1394 20184.641848
1395 20197.395353
1396 20210.148325
1397 20222.891413
1398 20235.637139
1399 20248.355166
1400 20261.057583
1401 20273.770606
1402 20286.483220
1403 20299.204879
1404 20311.881746
1405 20324.581650
1406 20337.272177
1407 20349.951397
1408 20360.975515
1409 20373.696982
1410 20386.429092
1411 20399.190162
1412 20411.946499
1413 20424.674921
1414 20437.426187
1415 20450.193263
1416 20462.982501
1417 20475.772564
1418 20488.521011
1419 20501.208593
1420 20513.892217
1421 20526.570394
1422 20539.235919
1423 20551.916234
1424 20564.611359
1425 20577.285073
1426 20589.221408
1427 20601.868938
1428 20614.509896
1429 20627.102107
1430 20639.690100
1431 20652.284832
1432 20664.922425
1433 20677.560501
1434 20690.206937
1435 20702.891315
1436 20715.609403
1437 20727.604776
1438 20740.360614
1439 20753.094617
1440 20765.846711
1441 20778.517999
1442 20791.212576
1443 20803.876827
1444 20816.549381
1445 20829.178614
1446 20841.835011
1447 20854.514773
1448 20867.258030
1449 20880.030917
1450 20892.834588
1451 20905.641156
1452 20918.409381
1453 20931.135993
1454 20943.823986
1455 20956.488902
1456 20969.195422
1457 20981.952338
1458 20994.705971
1459 21007.491298
1460 21020.287976
1461 21033.060472
1462 21045.871986
1463 21058.660282
1464 21071.453295
1465 21084.241811
1466 21097.008740
1467 21109.763789
1468 21122.524624
1469 21135.257593
1470 21147.996859
1471 21160.747051
1472 21173.527281
1473 21186.317239
1474 21199.104104
1475 21211.874481
1476 21224.661895
1477 21237.438218
1478 21250.186603
1479 21262.940088
1480 21275.693294
1481 21288.469961
1482 21301.260510
1483 21314.071862
1484 21326.893934
1485 21338.998092
1486 21351.819325
1487 21364.667020
1488 21377.542778
1489 21390.424443
1490 21403.324370
1491 21416.242344
1492 21429.167920
1493 21442.103166
1494 21455.048358
1495 21468.011223
1496 21480.976353
1497 21493.956264
1498 21506.915813
1499 21519.888154
1500 21532.870989
1501 21545.875245
1502 21558.866127
1503 21571.885231
1504 21584.886228
1505 21597.891003
1506 21610.830549
1507 21623.788479
1508 21636.748296
1509 21649.715781
1510 21662.701239
1511 21675.699359
1512 21688.682427
1513 21701.661480
1514 21714.646072
1515 21727.626823
1516 21740.608175
1517 21753.570033
1518 21766.537819
1519 21779.523112
1520 21791.974180
1521 21805.004821
1522 21818.053497
1523 21831.122959
1524 21844.181354
1525 21857.226642
1526 21870.249871
1527 21883.309013
1528 21896.313026
1529 21909.314537
1530 21922.337628
1531 21935.347030
1532 21948.328500
1533 21961.334693
1534 21973.628354
1535 21986.621152
1536 21998.413375
1537 22011.350295
1538 22024.296740
1539 22037.260993
1540 22050.230133
1541 22062.030834
1542 22074.978114
1543 22087.958523
1544 22100.931845
1545 22113.911003
1546 22126.895939
1547 22139.944939
1548 22152.944905
1549 22165.952898
1550 22176.367277
1551 22189.345512
1552 22202.331406
1553 22215.301429
1554 22228.233007
1555 22241.165515
1556 22254.110530
1557 22265.331515
1558 22278.298646
1559 22291.257114
1560 22304.198963
1561 22317.128385
1562 22330.078640
1563 22343.034131
1564 22355.952009
1565 22368.848029
1566 22381.782984
1567 22394.665926
1568 22407.565282
1569 22420.458639
1570 22433.397676
1571 22446.295156
1572 22459.157174
1573 22472.018736
1574 22484.886047
1575 22497.742222
1576 22510.573439
1577 22523.390337
1578 22536.218419
1579 22549.047423
1580 22561.885791
1581 22574.701661
1582 22587.513422
1583 22600.330484
1584 22613.122513
1585 22625.927007
1586 22638.683434
1587 22651.434815
1588 22664.162311
1589 22676.893418
1590 22689.604107
1591 22702.319747
1592 22715.045453
1593 22727.767860
1594 22740.478281
1595 22753.186517
1596 22765.881638
1597 22778.585462
1598 22791.201266
1599 22803.833989
1600 22816.462101
1601 22829.071658
1602 22841.683611
1603 22854.281158
1604 22866.934478
1605 22879.606468
1606 22892.299193
1607 22904.985838
1608 22915.926604
1609 22928.679139
1610 22941.433779
1611 22954.239020
1612 22967.058165
1613 22979.892589
1614 22992.743862
1615 23005.587517
1616 23018.447727
1617 23031.308407
1618 23044.230413
1619 23057.151266
1620 23070.039973
1621 23082.910465
1622 23093.970972
1623 23106.847159
1624 23119.745454
1625 23132.236168
1626 23145.148171
1627 23158.091360
1628 23169.212769
1629 23182.154101
1630 23195.087993
1631 23206.936157
1632 23219.904068
1633 23231.348607
1634 23244.345453
1635 23257.346893
1636 23270.289541
1637 23283.223770
1638 23296.151848
1639 23309.084889
1640 23322.026583
1641 23334.923540
1642 23347.815556
1643 23360.731913
1644 23373.639540
1645 23386.530719
1646 23399.409404
1647 23412.276479
1648 23425.107976
1649 23437.915967
1650 23450.677798
1651 23463.419488
1652 23476.145870
1653 23488.896892
1654 23501.654945
1655 23512.633846
1656 23525.420822
1657 23538.222213
1658 23551.049386
1659 23563.887023
1660 23576.754626
1661 23589.616314
1662 23602.469415
1663 23615.330130
1664 23628.177287
1665 23641.023370
1666 23653.903036
1667 23666.780742
1668 23679.661731
1669 23692.509051
1670 23705.391499
1671 23718.290060
1672 23731.177949
1673 23744.062982
1674 23756.929833
1675 23769.116077
1676 23781.992262
1677 23794.857235
1678 23807.749561
1679 23820.652473
1680 23833.563915
1681 23846.473222
1682 23859.381575
1683 23872.305461
1684 23885.261625
1685 23898.212385
1686 23911.155369
1687 23924.107502
1688 23937.077059
1689 23950.038077
1690 23962.997608
1691 23975.951914
1692 23988.851450
1693 24001.728706
1694 24014.602529
1695 24027.476503
1696 24040.333740
1697 24053.208917
1698 24066.058125
1699 24078.920733
1700 24091.793440
1701 24104.679554
1702 24117.591266
1703 24130.511324
1704 24143.432346
1705 24156.310843
1706 24169.172183
1707 24182.015821
1708 24194.858749
1709 24207.689555
1710 24220.471262
1711 24233.259653
1712 24246.080279
1713 24258.912798
1714 24271.737597
1715 24284.541562
1716 24297.349979
1717 24310.169573
1718 24323.014253
1719 24335.850764
1720 24348.712377
1721 24361.546546
1722 24374.383533
1723 24387.249565
1724 24400.133553
1725 24413.017993
1726 24425.905910
1727 24438.788137
1728 24451.693408
1729 24464.614909
1730 24477.534996
1731 24490.428141
1732 24503.302174
1733 24516.165708
1734 24528.995633
1735 24541.831683
1736 24554.691436
1737 24567.545978
1738 24580.392459
1739 24593.219519
1740 24606.028643
1741 24618.830810
1742 24631.585061
1743 24644.383783
1744 24657.204539
1745 24670.010657
1746 24682.807630
1747 24695.134788
1748 24707.971331
1749 24720.799309
1750 24733.085706
1751 24745.932756
1752 24758.804616
1753 24771.672162
1754 24784.530299
1755 24797.400798
1756 24810.272517
1757 24823.165382
1758 24836.061465
1759 24848.941471
1760 24861.846875
1761 24874.750078
1762 24887.662560
1763 24900.585074
1764 24913.470935
1765 24926.341802
1766 24939.214957
1767 24952.093470
1768 24964.972875
1769 24977.876613
1770 24990.760596
1771 25003.106797
1772 25016.032582
1773 25028.957773
1774 25041.869585
1775 25054.779307
1776 25067.699520
1777 25080.604939
1778 25093.522170
1779 25106.419274
1780 25119.283648
1781 25132.143383
1782 25144.989072
1783 25157.815124
1784 25170.636408
1785 25183.475301
1786 25196.333478
1787 25209.264594
1788 25222.173911
1789 25235.083965
1790 25247.980501
1791 25260.864027
1792 25273.793353
1793 25286.729633
1794 25299.671756
1795 25312.611317
1796 25325.527996
1797 25338.417153
1798 25351.353928
1799 25364.282887
1800 25377.209037
1801 25390.129175
1802 25403.100149
1803 25416.069330
1804 25429.001654
1805 25441.973608
1806 25454.952214
1807 25467.927511
1808 25480.872604
1809 25493.824982
1810 25506.789806
1811 25519.767747
1812 25532.196386
1813 25545.163763
1814 25558.093511
1815 25571.015452
1816 25583.929010
1817 25596.816185
1818 25609.701760
1819 25622.037118
1820 25634.924875
1821 25647.794703
1822 25658.914129
1823 25671.797228
1824 25684.713125
1825 25697.657215
1826 25710.603099
1827 25723.551477
1828 25736.497882
1829 25749.429990
1830 25762.341922
1831 25775.244715
1832 25788.178471
1833 25801.151727
1834 25814.122870
1835 25827.097332
1836 25840.075401
1837 25853.041071
1838 25866.014079
1839 25878.990725
1840 25891.947112
1841 25904.913323
1842 25917.890661
1843 25930.892646
1844 25943.870237
1845 25956.826159
1846 25969.789798
1847 25982.716319
1848 25995.572454
1849 26008.415685
1850 26021.266615
1851 26034.117639
1852 26046.989154
1853 26059.822749
1854 26072.623866
1855 26085.393102
1856 26096.670402
1857 26109.419999
1858 26122.152096
1859 26134.929390
1860 26147.684962
1861 26160.460931
1862 26173.234732
1863 26186.016761
1864 26198.827567
1865 26211.635726
1866 26224.426399
1867 26237.164264
1868 26249.952430
1869 26262.771391
1870 26275.593610
1871 26288.409638
1872 26301.215941
1873 26313.997409
1874 26326.785279
1875 26339.565728
1876 26352.357659
1877 26365.147296
1878 26377.962544
1879 26390.768402
1880 26403.568645
1881 26416.360381
1882 26429.161133
1883 26441.958527
1884 26454.730597
1885 26467.505704
1886 26480.280013
1887 26493.074812
1888 26505.530407
1889 26518.339427
1890 26531.173398
1891 26544.020639
1892 26556.910626
1893 26569.833419
1894 26582.749309
1895 26595.708835
1896 26608.607592
1897 26621.515086
1898 26634.394751
1899 26647.246778
1900 26660.070546
1901 26672.878464
1902 26685.681486
1903 26698.499269
1904 26711.248474
1905 26724.025177
1906 26736.803303
1907 26749.586732
1908 26762.365453
1909 26775.124974
1910 26787.900371
1911 26800.716364
1912 26813.543911
1913 26826.346143
1914 26839.151011
1915 26852.004136
1916 26864.843316
1917 26877.690395
1918 26890.566470
1919 26903.424557
1920 26916.270576
1921 26929.102344
1922 26941.959746
1923 26954.815769
1924 26967.658398
1925 26980.490517
1926 26993.318257
1927 27006.154889
1928 27019.020476
1929 27031.917636
1930 27044.817415
1931 27057.690115
1932 27070.509822
1933 27083.372503
1934 27096.219156
1935 27109.098974
1936 27121.701466
1937 27134.634404
1938 27147.589466
1939 27160.523618
1940 27173.094984
1941 27186.019833
1942 27198.948354
1943 27211.900180
1944 27224.856281
1945 27237.837104
1946 27250.839234
1947 27263.813524
1948 27276.800555
1949 27289.789269
1950 27302.789952
1951 27315.785931
1952 27328.776190
1953 27341.826986
1954 27354.916216
1955 27367.991736
1956 27381.074738
1957 27394.210404
1958 27407.308881
1959 27420.399845
1960 27433.506971
1961 27446.598530
1962 27459.696628
1963 27472.808581
1964 27485.921238
1965 27499.005565
1966 27512.087721
1967 27525.158129
1968 27538.241734
1969 27551.337774
1970 27564.417508
1971 27577.527858
1972 27590.620106
1973 27603.726511
1974 27616.852962
1975 27630.039239
1976 27643.206951
1977 27656.354363
1978 27669.513970
1979 27682.680472
1980 27695.820032
1981 27708.992659
1982 27722.149863
1983 27735.257647
1984 27748.359794
1985 27761.430574
1986 27774.539855
1987 27787.669123
1988 27800.803234
1989 27813.916921
1990 27827.035857
1991 27840.125919
1992 27853.242710
1993 27866.352066
1994 27879.489174
1995 27892.560087
1996 27905.645653
1997 27918.711966
1998 27931.789334
1999 27944.849966
2000 27957.900765
2001 27969.132656
2002 27982.175365
2003 27995.146064
2004 28006.169414
2005 28019.103683
2006 28032.079233
2007 28045.039585
2008 28057.999081
2009 28070.947389
2010 28083.934735
2011 28096.885055
2012 28109.817642
2013 28122.785065
2014 28135.738848
2015 28148.668932
2016 28161.581821
2017 28174.488388
2018 28185.456623
2019 28198.351727
2020 28211.229460
2021 28224.088465
2022 28236.987022
2023 28249.892492
2024 28262.745724
2025 28275.621225
2026 28288.444635
2027 28301.242176
2028 28314.007936
2029 28326.733970
2030 28339.480238
2031 28352.275014
2032 28365.083704
2033 28377.824650
2034 28390.134705
2035 28402.873605
2036 28414.454404
2037 28427.205995
2038 28439.968412
2039 28452.733779
2040 28465.504700
2041 28478.280929
2042 28490.679261
2043 28503.085385
2044 28515.476453
2045 28527.867467
2046 28540.311284
2047 28552.725416
2048 28565.141905
2049 28577.569269
2050 28589.981717
2051 28602.386435
2052 28614.810345
2053 28627.178280
2054 28639.548188
2055 28651.946368
2056 28664.327898
2057 28676.702406
2058 28689.095428
2059 28701.496925
2060 28712.726921
2061 28725.173147
2062 28737.630044
2063 28750.099752
2064 28762.533779
2065 28774.957111
2066 28787.346161
2067 28799.742140
2068 28810.960364
2069 28823.291454
2070 28835.630234
2071 28847.948311
2072 28860.239059
2073 28872.535790
2074 28884.866905
2075 28897.172154
2076 28909.466852
2077 28919.891610
2078 28932.198497
2079 28944.531676
2080 28956.860558
2081 28969.201947
2082 28981.507122
2083 28993.808647
2084 29006.129200
2085 29018.448196
2086 29030.802188
2087 29043.142493
2088 29055.446660
2089 29067.737409
2090 29080.058674
2091 29092.379017
2092 29104.639328
2093 29116.833320
2094 29129.011079
2095 29141.217941
2096 29153.417992
2097 29165.622190
2098 29177.884147
2099 29190.170814
2100 29202.451425
2101 29214.763868
2102 29227.110347
2103 29239.459923
2104 29251.782922
2105 29264.130084
2106 29276.484633
2107 29288.907884
2108 29301.340984
2109 29313.766190
2110 29326.200374
2111 29338.682275
2112 29351.168226
2113 29363.668781
2114 29376.167884
2115 29388.618951
2116 29401.092953
2117 29413.543951
2118 29425.993502
2119 29438.433880
2120 29450.884705
2121 29463.382779
2122 29475.883522
2123 29488.397446
2124 29500.914667
2125 29513.459846
2126 29526.023090
2127 29538.569162
2128 29551.134912
2129 29563.708231
2130 29576.274820
2131 29588.811916
2132 29601.341478
2133 29613.873149
2134 29626.403777
2135 29638.899473
2136 29651.388503
2137 29663.891112
2138 29676.419643
2139 29688.973101
2140 29701.519895
2141 29714.056892
2142 29726.570359
2143 29739.023930
2144 29751.464029
2145 29763.902323
2146 29776.347835
2147 29788.783299
2148 29801.221859
2149 29813.684427
2150 29826.117753
2151 29837.806113
2152 29849.652185
2153 29862.039272
2154 29874.441813
2155 29886.842265
2156 29899.219487
2157 29911.590402
2158 29923.949008
2159 29936.296074
2160 29948.654414
2161 29961.009003
2162 29973.356379
2163 29985.745256
2164 29998.135913
2165 30008.620086
2166 30021.001208
2167 30033.351966
2168 30045.701950
2169 30058.084884
2170 30070.465868
2171 30082.837557
2172 30095.221537
2173 30107.615040
2174 30120.018912
2175 30132.467890
2176 30144.917071
2177 30157.348186
2178 30168.506509
2179 30180.949437
2180 30193.382143
2181 30205.814677
2182 30217.675727
2183 30230.110933
2184 30242.535045
2185 30254.997589
2186 30267.458675
2187 30279.904327
2188 30292.327939
2189 30304.740468
2190 30317.108097
2191 30329.471476
2192 30341.843203
2193 30354.218501
2194 30366.579167
2195 30378.924036
2196 30391.277184
2197 30403.618124
2198 30415.916851
2199 30428.225134
2200 30440.495266
2201 30452.789540
2202 30465.083516
2203 30477.357083
2204 30489.650733
2205 30501.968330
2206 30514.257808
2207 30526.522958
2208 30538.798988
2209 30551.088730
2210 30563.404257
2211 30575.726308
2212 30588.064722
2213 30600.398729
2214 30612.732709
2215 30625.062629
2216 30637.404198
2217 30649.746839
2218 30662.065769
2219 30674.380986
2220 30686.696575
2221 30699.032347
2222 30709.093304
2223 30721.439474
2224 30733.688738
2225 30745.948405
2226 30756.303093
2227 30768.508481
2228 30780.686559
2229 30792.868334
2230 30805.047893
2231 30817.200956
2232 30828.921250
2233 30841.073143
2234 30853.219076
2235 30865.361760
2236 30877.548520
2237 30889.688242
2238 30901.846670
2239 30913.987151
2240 30926.123335
2241 30938.303318
2242 30950.449065
2243 30962.574919
2244 30974.696591
2245 30986.831060
2246 30998.963587
2247 31011.073862
2248 31023.173291
2249 31035.245851
2250 31047.291086
2251 31059.295519
2252 31071.290712
2253 31083.297402
2254 31095.299372
2255 31107.339725
2256 31119.408079
2257 31131.447904
2258 31143.451173
2259 31155.443473
2260 31167.412358
2261 31179.354765
2262 31191.331189
2263 31203.294650
2264 31215.245669
2265 31227.190144
2266 31239.089151
2267 31250.951412
2268 31262.811850
2269 31274.726501
2270 31286.637513
2271 31298.604522
2272 31310.614807
2273 31322.615744
2274 31334.578529
2275 31346.520453
2276 31358.480482
2277 31370.374978
2278 31382.288772
2279 31394.209550
2280 31406.165283
2281 31418.127234
2282 31430.103714
2283 31442.084287
2284 31454.084844
2285 31466.022398
2286 31477.975799
2287 31489.951379
2288 31501.968934
2289 31513.997904
2290 31526.002485
2291 31537.970928
2292 31549.941847
2293 31561.890269
2294 31573.851909
2295 31585.832376
2296 31597.822827
2297 31609.791556
2298 31621.762005
2299 31632.395806
2300 31644.348750
2301 31656.307948
2302 31668.260859
2303 31680.216484
2304 31692.149047
2305 31704.062441
2306 31715.987342
2307 31727.900735
2308 31738.602810
2309 31750.528276
2310 31762.405628
2311 31774.294990
2312 31786.227541
2313 31798.169005
2314 31810.125995
2315 31822.134772
2316 31834.130419
2317 31846.127070
2318 31858.085542
2319 31870.031365
2320 31881.966760
2321 31893.899744
2322 31904.518631
2323 31916.435288
2324 31928.358880
2325 31940.255400
2326 31952.203475
2327 31964.157269
2328 31976.078213
2329 31988.031754
2330 31999.974297
2331 32011.919132
2332 32023.851716
2333 32035.772943
2334 32047.687493
2335 32059.219824
2336 32071.154746
2337 32083.080657
2338 32094.584409
2339 32106.503187
2340 32118.447375
2341 32130.375558
2342 32142.300506
2343 32154.289688
2344 32166.305981
2345 32178.329802
2346 32190.345790
2347 32202.376231
2348 32214.416336
2349 32226.510677
2350 32238.603154
2351 32250.683475
2352 32262.767356
2353 32274.840159
2354 32286.927845
2355 32299.020107
2356 32311.109747
2357 32323.188950
2358 32335.279617
2359 32347.324670
2360 32359.377611
2361 32371.420572
2362 32383.505347
2363 32395.587242
2364 32407.667310
2365 32419.737915
2366 32431.847047
2367 32443.970932
2368 32456.122947
2369 32468.265860
2370 32480.401613
2371 32492.522790
2372 32504.645968
2373 32516.205456
2374 32528.331059
2375 32540.452755
2376 32552.564007
2377 32563.356813
2378 32574.168433
2379 32584.967657
2380 32595.770498
2381 32606.599947
2382 32617.429314
2383 32628.253859
2384 32639.099647
2385 32649.937199
2386 32660.802837
2387 32671.698606
2388 32682.640496
2389 32693.588164
2390 32704.523741
2391 32715.391859
2392 32726.278194
2393 32737.178215
2394 32748.069620
2395 32758.924413
2396 32769.783997
2397 32780.632244
2398 32791.465930
2399 32802.301940
2400 32813.109296
2401 32823.956918
2402 32834.809419
2403 32845.661278
2404 32856.508665
2405 32867.426278
2406 32878.410453
2407 32889.402916
2408 32900.399351
2409 32910.008189
2410 32920.955794
2411 32931.927785
2412 32942.921615
2413 32953.876426
2414 32964.874626
2415 32975.869786
2416 32986.875236
2417 32997.898822
2418 33008.937032
2419 33020.004475
2420 33031.087425
2421 33042.181127
2422 33053.280922
2423 33064.348864
2424 33075.410850
2425 33085.883066
2426 33096.929844
2427 33108.007242
2428 33118.958337
2429 33129.979108
2430 33141.002855
2431 33152.076069
2432 33163.160079
2433 33174.213444
2434 33185.274980
2435 33196.345427
2436 33207.408913
2437 33218.448576
2438 33229.484796
2439 33240.568797
2440 33251.636980
2441 33262.694177
2442 33273.762466
2443 33284.779189
2444 33295.810235
2445 33306.855273
2446 33317.939036
2447 33329.004491
2448 33340.138475
2449 33351.291649
2450 33362.455991
2451 33373.625762
2452 33384.797164
2453 33395.997980
2454 33407.184818
2455 33416.931299
2456 33428.115230
2457 33439.297685
2458 33450.482579
2459 33461.621911
2460 33472.756535
2461 33483.916216
2462 33495.054634
2463 33506.207125
2464 33517.359147
2465 33528.531577
2466 33539.675722
2467 33550.826623
2468 33561.986576
2469 33573.150876
2470 33584.297852
2471 33595.422092
2472 33606.566692
2473 33617.731892
2474 33628.909294
2475 33640.058860
2476 33651.195445
2477 33662.380333
2478 33673.512307
2479 33684.647563
2480 33695.772474
2481 33706.898685
2482 33718.023546
2483 33729.161312
2484 33740.293632
2485 33751.411972
2486 33762.527215
2487 33773.663315
2488 33784.766715
2489 33795.860887
2490 33806.925146
2491 33817.968405
2492 33829.008934
2493 33840.090058
2494 33851.217566
2495 33862.348364
2496 33873.466847
2497 33884.592450
2498 33895.676505
2499 33906.753612
2500 33917.803668
2501 33928.728563
2502 33939.771071
2503 33950.821960
2504 33961.878754
2505 33972.913531
2506 33983.934061
2507 33995.000885
2508 34006.072974
2509 34017.167462
2510 34028.250955
2511 34039.332622
2512 34048.445986
2513 34059.612344
2514 34070.810034
2515 34082.027148
2516 34093.220141
2517 34104.431358
2518 34115.660428
2519 34126.912974
2520 34138.212687
2521 34149.533967
2522 34160.840311
2523 34172.170285
2524 34183.456551
2525 34194.729730
2526 34205.997543
2527 34217.298551
2528 34228.545504
2529 34239.763166
2530 34250.959124
2531 34262.147409
2532 34273.351654
2533 34284.565763
2534 34295.776853
2535 34307.001782
2536 34318.269354
2537 34329.550616
2538 34340.786402
2539 34352.008438
2540 34363.229329
2541 34374.461218
2542 34385.710426
2543 34397.023105
2544 34408.338922
2545 34419.661742
2546 34430.492786
2547 34441.827423
2548 34453.119736
2549 34464.394699
2550 34475.660410
2551 34486.947811
2552 34498.240722
2553 34509.558051
2554 34520.823893
2555 34532.072931
2556 34543.322542
2557 34554.563847
2558 34565.807902
2559 34577.055843
2560 34588.313135
2561 34599.583144
2562 34610.831241
2563 34622.052957
2564 34633.266907
2565 34644.499166
2566 34655.753713
2567 34667.023058
2568 34678.300781
2569 34689.580940
2570 34700.842826
2571 34712.080185
2572 34723.281767
2573 34733.016745
2574 34744.283812
2575 34754.058630
2576 34765.321209
2577 34776.615029
2578 34787.910931
2579 34799.213688
2580 34810.034532
2581 34821.379319
2582 34832.716103
2583 34844.074106
2584 34855.449507
2585 34866.792170
2586 34878.145321
2587 34889.513859
2588 34900.881986
2589 34912.244314
2590 34923.585020
2591 34934.931159
2592 34946.272056
2593 34957.620342
2594 34968.966960
2595 34980.339013
2596 34991.704258
2597 35003.064267
2598 35014.433714
2599 35025.870992
2600 35037.299811
2601 35048.733281
2602 35060.187953
2603 35071.638755
2604 35083.087106
2605 35094.500294
2606 35105.944375
2607 35117.373562
2608 35128.785659
2609 35140.199888
2610 35151.619393
2611 35163.027083
2612 35174.455053
2613 35185.858025
2614 35197.246233
2615 35208.649029
2616 35220.049337
2617 35231.456017
2618 35242.836658
2619 35254.221276
2620 35265.632771
2621 35277.032228
2622 35288.411742
2623 35299.798425
2624 35311.183572
2625 35322.567922
2626 35333.996657
2627 35345.434563
2628 35356.901013
2629 35368.358606
2630 35379.823871
2631 35391.297118
2632 35402.787805
2633 35414.271441
2634 35425.758029
2635 35437.266753
2636 35447.976189
2637 35459.479723
2638 35470.959903
2639 35482.450664
2640 35493.946836
2641 35505.465746
2642 35517.010398
2643 35528.562065
2644 35540.108175
2645 35551.661577
2646 35563.245425
2647 35574.803444
2648 35586.379047
2649 35597.931060
2650 35609.461492
2651 35621.021168
2652 35632.539980
2653 35644.050824
2654 35655.579276
2655 35667.102980
2656 35678.627173
2657 35690.145326
2658 35701.698774
2659 35713.248188
2660 35724.813393
2661 35736.402701
2662 35747.980124
2663 35759.553795
2664 35771.127725
2665 35782.707114
2666 35794.300986
2667 35805.891154
2668 35817.501305
2669 35829.106009
2670 35840.682276
2671 35852.264235
2672 35863.838321
2673 35875.402758
2674 35886.990725
2675 35898.591380
2676 35910.239790
2677 35921.882240
2678 35933.523588
2679 35945.141872
2680 35956.752205
2681 35968.375557
2682 35980.034548
2683 35991.694030
2684 36003.344753
2685 36014.989429
2686 36026.648592
2687 36038.317531
2688 36049.998727
2689 36061.672017
2690 36072.950594
2691 36084.624951
2692 36096.297615
2693 36107.984368
2694 36119.675992
2695 36131.340577
2696 36143.031759
2697 36154.724388
2698 36166.413450
2699 36178.131715
2700 36189.869550
2701 36201.592387
2702 36213.350926
2703 36225.111813
2704 36236.873679
2705 36248.628512
2706 36260.385107
2707 36272.121522
2708 36283.840977
2709 36295.563508
2710 36307.301934
2711 36319.031268
2712 36330.759935
2713 36342.490041
2714 36354.297279
2715 36366.111188
2716 36375.921132
2717 36387.713352
2718 36399.575501
2719 36411.438506
2720 36423.307661
2721 36435.186006
2722 36445.188885
2723 36457.086071
2724 36468.984844
2725 36480.895063
2726 36492.815204
2727 36504.747560
2728 36516.710974
2729 36528.673812
2730 36540.660743
2731 36552.629233
2732 36564.596871
2733 36576.576119
2734 36588.556600
2735 36600.539429
2736 36612.545471
2737 36624.600952
2738 36636.661043
2739 36648.688405
2740 36659.035033
2741 36671.016189
2742 36683.004511
2743 36694.988176
2744 36706.969177
2745 36718.959658
2746 36730.914163
2747 36742.887507
2748 36754.863616
2749 36766.860651
2750 36778.850979
2751 36790.840528
2752 36802.852083
2753 36814.863333
2754 36825.212282
2755 36837.204935
2756 36849.171312
2757 36861.138705
2758 36873.113276
2759 36885.064109
2760 36896.242319
2761 36907.533269
2762 36919.434379
2763 36931.291945
2764 36943.139304
2765 36955.020578
2766 36966.865128
2767 36978.689103
2768 36990.540106
2769 37002.377596
2770 37014.213041
2771 37026.060531
2772 37037.921140
2773 37049.792119
2774 37061.659894
2775 37073.532230
2776 37085.400749
2777 37097.253906
2778 37109.096592
2779 37120.966392
2780 37132.855813
2781 37144.761560
2782 37156.655206
2783 37168.529302
2784 37180.450670
2785 37192.349281
2786 37204.225969
2787 37216.098898
2788 37227.979750
2789 37239.862380
2790 37251.773887
2791 37263.630219
2792 37275.537690
2793 37287.490633
2794 37299.412717
2795 37311.284943
2796 37323.136375
2797 37334.978572
2798 37346.848190
2799 37358.702464
2800 37370.551154
2801 37382.392878
2802 37394.218641
2803 37406.038537
2804 37417.841002
2805 37429.691972
2806 37441.520255
2807 37453.339739
2808 37465.169457
2809 37476.990367
2810 37488.809244
2811 37500.641799
2812 37512.478342
2813 37524.313796
2814 37536.141714
2815 37547.973219
2816 37559.809528
2817 37571.668008
2818 37583.533154
2819 37595.382344
2820 37607.201119
2821 37619.052047
2822 37630.907625
2823 37642.745427
2824 37654.605611
2825 37666.463780
2826 37678.318592
2827 37690.166266
2828 37702.021442
2829 37713.879352
2830 37725.733872
2831 37737.587988
2832 37749.423764
2833 37761.280375
2834 37773.111694
2835 37784.945597
2836 37796.767092
2837 37808.570418
2838 37820.373859
2839 37832.164123
2840 37843.973128
2841 37854.057475
2842 37865.851596
2843 37877.633773
2844 37889.432460
2845 37900.769516
2846 37912.573059
2847 37924.387793
2848 37936.172914
2849 37947.966985
2850 37959.758716
2851 37971.557458
2852 37983.349996
2853 37995.150301
2854 38006.932672
2855 38018.677196
2856 38030.441168
2857 38042.199366
2858 38053.936481
2859 38065.685703
2860 38077.376939
2861 38089.069508
2862 38100.783584
2863 38112.491989
2864 38124.201549
2865 38135.904369
2866 38147.622858
2867 38159.344418
2868 38171.050011
2869 38182.778555
2870 38194.512927
2871 38206.244933
2872 38217.982013
2873 38229.736355
2874 38241.489564
2875 38253.260960
2876 38265.078929
2877 38276.892694
2878 38288.683749
2879 38300.477779
2880 38312.291464
2881 38324.098369
2882 38335.909510
2883 38347.707562
2884 38359.535325
2885 38371.354100
2886 38383.194945
2887 38395.058390
2888 38406.897858
2889 38418.746934
2890 38430.600815
2891 38442.479979
2892 38454.376257
2893 38466.279277
2894 38478.181700
2895 38490.073495
2896 38501.948765
2897 38513.807928
2898 38525.632450
2899 38537.479013
2900 38549.315783
2901 38561.161244
2902 38573.012345
2903 38584.864384
2904 38596.693828
2905 38608.509034
2906 38620.311180
2907 38632.156769
2908 38643.988270
2909 38655.789570
2910 38667.605481
2911 38679.424681
2912 38691.246887
2913 38703.070719
2914 38714.872422
2915 38726.638186
2916 38738.372757
2917 38750.099005
2918 38761.856430
2919 38773.586599
2920 38785.351075
2921 38797.146938
2922 38808.947369
2923 38820.706755
2924 38832.480388
2925 38844.287778
2926 38856.083155
2927 38867.884002
2928 38879.684362
2929 38891.444838
2930 38903.204466
2931 38914.963375
2932 38926.722052
2933 38938.455498
2934 38950.184789
2935 38961.936165
2936 38973.685458
2937 38985.399748
2938 38997.194017
2939 39009.009528
2940 39020.834928
2941 39032.657826
2942 39044.534532
2943 39056.422182
2944 39068.309775
2945 39080.204499
2946 39092.084151
2947 39103.950712
2948 39115.806692
2949 39127.685680
2950 39139.540605
2951 39149.903581
2952 39161.719151
2953 39173.550095
2954 39185.403328
2955 39197.261708
2956 39207.199721
2957 39216.726429
2958 39226.674000
2959 39236.589719
2960 39246.518373
2961 39254.467412
2962 39264.383854
2963 39274.320369
2964 39284.297995
2965 39294.227482
2966 39304.187525
2967 39314.150323
2968 39324.092718
2969 39334.046494
2970 39343.978003
2971 39353.940097
2972 39363.865689
2973 39373.805623
2974 39383.758317
2975 39393.729288
2976 39403.686183
2977 39413.648652
2978 39423.622031
2979 39433.595319
2980 39443.574851
2981 39453.566307
2982 39463.568585
2983 39473.548444
2984 39483.547717
2985 39493.541656
2986 39503.508507
2987 39513.489362
2988 39523.490210
2989 39533.504845
2990 39543.518207
2991 39553.558953
2992 39563.578943
2993 39573.575275
2994 39583.565424
2995 39593.583763
2996 39603.598602
2997 39613.620609
2998 39623.628344
2999 39633.607396
3000 39643.628909
3001 39653.661129
3002 39663.704548
3003 39673.784964
3004 39683.825370
3005 39693.858406
3006 39703.879199
3007 39713.911311
3008 39723.961520
3009 39734.014316
3010 39744.081216
3011 39754.149065
3012 39764.222902
3013 39774.294480
3014 39784.379347
3015 39794.460802
3016 39804.539894
3017 39814.655047
3018 39824.781671
3019 39834.930867
3020 39845.104027
3021 39855.262075
3022 39865.442390
3023 39875.647273
3024 39885.854195
3025 39896.081096
3026 39906.327686
3027 39916.600637
3028 39926.860838
3029 39937.141283
3030 39947.372375
3031 39957.587645
3032 39967.848072
3033 39978.096826
3034 39988.396063
3035 39998.735152
3036 40009.066343
3037 40019.338925
3038 40029.610802
3039 40039.868348
3040 40050.193696
3041 40060.519852
3042 40070.855250
3043 40081.184014
3044 40091.515068
3045 40101.800527
3046 40112.076908
3047 40122.389494
3048 40132.693029
3049 40143.045305
3050 40153.379073
3051 40163.698769
3052 40173.441914
3053 40183.810537
3054 40194.161943
3055 40204.529809
3056 40214.887176
3057 40225.258844
3058 40235.631578
3059 40245.952879
3060 40256.245633
3061 40266.552308
3062 40276.008382
3063 40286.341852
3064 40296.695447
3065 40307.043617
3066 40317.409285
3067 40327.816506
3068 40338.239032
3069 40348.678226
3070 40359.122442
3071 40369.620619
3072 40380.133150
3073 40390.644024
3074 40401.135171
3075 40411.630176
3076 40422.130344
3077 40432.598235
3078 40443.036681
3079 40453.491782
3080 40463.932212
3081 40474.364955
3082 40484.803591
3083 40495.268163
3084 40505.735903
3085 40516.204154
3086 40526.673785
3087 40537.141360
3088 40547.591739
3089 40558.065048
3090 40568.506961
3091 40578.932339
3092 40589.356722
3093 40599.780087
3094 40610.202868
3095 40620.643861
3096 40631.104835
3097 40641.555116
3098 40652.000659
3099 40662.401051
3100 40672.803543
3101 40683.241553
3102 40693.658347
3103 40704.052820
3104 40714.520274
3105 40725.009849
3106 40735.476578
3107 40745.996733
3108 40756.498130
3109 40767.011468
3110 40777.509726
3111 40788.022774
3112 40798.529026
3113 40809.017097
3114 40819.588501
3115 40830.152537
3116 40840.717250
3117 40851.272369
3118 40861.805014
3119 40872.366823
3120 40882.901400
3121 40891.452647
3122 40901.997564
3123 40912.518428
3124 40923.073483
3125 40933.586957
3126 40944.080949
3127 40954.563401
3128 40965.029413
3129 40975.466616
3130 40985.883645
3131 40996.271235
3132 41006.720321
3133 41017.181329
3134 41027.656247
3135 41038.125029
3136 41048.595128
3137 41059.045575
3138 41069.450873
3139 41079.299635
3140 41089.733682
3141 41100.205030
3142 41110.671765
3143 41121.196360
3144 41131.743389
3145 41141.725955
3146 41152.291874
3147 41162.863598
3148 41173.446642
3149 41184.031538
3150 41194.591054
3151 41205.124321
3152 41215.641120
3153 41226.151718
3154 41236.639536
3155 41247.110767
3156 41257.597126
3157 41268.069398
3158 41278.532621
3159 41289.009495
3160 41299.517808
3161 41310.009998
3162 41320.508634
3163 41331.027861
3164 41341.555847
3165 41352.124304
3166 41362.712346
3167 41373.327936
3168 41383.963058
3169 41394.608401
3170 41405.347233
3171 41416.088202
3172 41426.794090
3173 41437.480134
3174 41448.217168
3175 41458.952267
3176 41469.669465
3177 41480.366225
3178 41491.070072
3179 41501.784699
3180 41512.496715
3181 41523.202915
3182 41533.925407
3183 41544.647371
3184 41555.364996
3185 41566.062082
3186 41576.752226
3187 41587.479360
3188 41598.228059
3189 41608.978284
3190 41619.710031
3191 41630.351680
3192 41641.011714
3193 41651.657989
3194 41662.295671
3195 41672.902587
3196 41683.511872
3197 41694.133896
3198 41704.790582
3199 41715.453087
3200 41726.092708
3201 41736.744890
3202 41747.352096
3203 41757.976365
3204 41768.556554
3205 41779.170448
3206 41789.777747
3207 41800.410909
3208 41811.019027
3209 41821.616701
3210 41832.216434
3211 41842.785512
3212 41853.356931
3213 41863.959414
3214 41874.571412
3215 41885.202371
3216 41895.830868
3217 41906.483889
3218 41917.123968
3219 41927.292873
3220 41937.926342
3221 41948.543297
3222 41959.127580
3223 41969.729443
3224 41980.331455
3225 41990.953984
3226 42001.565418
3227 42012.158433
3228 42022.769200
3229 42033.377874
3230 42043.987655
3231 42054.587118
3232 42065.223676
3233 42075.850648
3234 42086.480924
3235 42097.089746
3236 42107.731319
3237 42118.383637
3238 42129.005636
3239 42139.620297
3240 42150.237175
3241 42160.864625
3242 42171.490428
3243 42182.154365
3244 42192.828665
3245 42203.479353
3246 42214.134387
3247 42223.908579
3248 42234.563744
3249 42245.214626
3250 42255.842418
3251 42266.470093
3252 42277.102756
3253 42287.735880
3254 42298.427874
3255 42309.106660
3256 42319.782714
3257 42330.477571
3258 42341.204085
3259 42351.919706
3260 42362.655871
3261 42373.406393
3262 42384.150470
3263 42394.891463
3264 42405.644651
3265 42416.394685
3266 42427.129981
3267 42437.873390
3268 42448.613330
3269 42459.327287
3270 42470.030332
3271 42480.754767
3272 42491.481386
3273 42502.199384
3274 42512.926077
3275 42523.660326
3276 42534.410834
3277 42545.164296
3278 42555.913109
3279 42566.642173
3280 42577.373877
3281 42588.116373
3282 42598.845741
3283 42607.818439
3284 42618.511454
3285 42629.209723
3286 42638.477890
3287 42649.080258
3288 42659.685133
3289 42670.258950
3290 42680.861589
3291 42691.059884
3292 42701.693608
3293 42712.355371
3294 42723.017156
3295 42733.685563
3296 42744.339715
3297 42755.008647
3298 42765.681677
3299 42776.377913
3300 42787.091512
3301 42797.840209
3302 42808.643576
3303 42819.464418
3304 42830.295860
3305 42841.117478
3306 42851.952036
3307 42862.800103
3308 42873.685643
3309 42884.572415
3310 42895.457155
3311 42906.324476
3312 42917.192468
3313 42928.083040
3314 42938.931170
3315 42949.786000
3316 42960.568071
3317 42971.335460
3318 42982.090003
3319 42992.850370
3320 43003.639144
3321 43014.404139
3322 43025.177528
3323 43035.990139
3324 43046.789116
3325 43057.628118
3326 43068.479655
3327 43079.072713
3328 43089.918388
3329 43100.741521
3330 43111.592424
3331 43122.511829
3332 43133.453142
3333 43144.364928
3334 43155.267636
3335 43165.498972
3336 43176.413797
3337 43187.322022
3338 43198.229208
3339 43209.165606
3340 43220.129108
3341 43231.090087
3342 43242.038269
3343 43252.709232
3344 43263.700538
3345 43274.700260
3346 43285.716005
3347 43296.750383
3348 43307.809951
3349 43318.881834
3350 43329.930600
3351 43341.029036
3352 43352.128412
3353 43361.153336
3354 43372.275352
3355 43383.415312
3356 43394.546435
3357 43405.651601
3358 43416.756479
3359 43427.893753
3360 43439.003597
3361 43449.140560
3362 43460.227180
3363 43471.297583
3364 43482.342573
3365 43493.369229
3366 43504.374136
3367 43515.370712
3368 43525.418074
3369 43534.615507
3370 43545.546163
3371 43556.432442
3372 43567.318296
3373 43577.730162
3374 43588.636622
3375 43599.544333
3376 43610.464871
3377 43621.369492
3378 43632.262480
3379 43643.170544
3380 43654.109976
3381 43665.054012
3382 43676.006465
3383 43686.946964
3384 43697.876657
3385 43708.797258
3386 43719.740708
3387 43730.690157
3388 43741.659958
3389 43752.635756
3390 43763.614474
3391 43774.589182
3392 43785.570155
3393 43796.641520
3394 43807.729100
3395 43818.803989
3396 43829.895892
3397 43841.002030
3398 43852.115510
3399 43863.206309
3400 43874.329138
3401 43885.463681
3402 43896.580227
3403 43907.747489
3404 43918.969400
3405 43930.203041
3406 43941.404977
3407 43952.582804
3408 43963.759680
3409 43974.950101
3410 43986.137624
3411 43997.313182
3412 44008.469349
3413 44019.640357
3414 44030.822213
3415 44041.490610
3416 44052.736723
3417 44064.015967
3418 44075.336255
3419 44086.665903
3420 44098.018098
3421 44109.368182
3422 44120.701212
3423 44132.047485
3424 44143.388171
3425 44154.716899
3426 44166.073577
3427 44177.441867
3428 44188.816457
3429 44200.200076
3430 44211.574438
3431 44222.923580
3432 44234.263690
3433 44245.617259
3434 44256.952285
3435 44268.295561
3436 44279.635753
3437 44290.973672
3438 44302.317809
3439 44313.660375
3440 44325.012295
3441 44336.373699
3442 44347.742789
3443 44359.063345
3444 44368.291343
3445 44379.603666
3446 44390.914444
3447 44402.209637
3448 44413.467692
3449 44424.717948
3450 44435.959057
3451 44447.203726
3452 44458.454669
3453 44469.710391
3454 44481.017138
3455 44492.328071
3456 44503.646651
3457 44514.956998
3458 44525.866642
3459 44537.158314
3460 44548.430880
3461 44559.698809
3462 44570.950779
3463 44582.165865
3464 44593.416427
3465 44604.649899
3466 44615.908131
3467 44627.136555
3468 44638.357323
3469 44649.578722
3470 44660.797450
3471 44672.024571
3472 44683.295517
3473 44694.576912
3474 44705.865420
3475 44717.167113
3476 44728.448246
3477 44739.695452
3478 44750.982097
3479 44762.246840
3480 44773.503468
3481 44784.754193
3482 44796.009219
3483 44807.244607
3484 44818.491418
3485 44827.692753
3486 44838.907190
3487 44850.108341
3488 44861.338843
3489 44872.579436
3490 44883.775607
3491 44894.989317
3492 44906.169957
3493 44917.395966
3494 44928.623222
3495 44939.844325
3496 44951.083946
3497 44962.333172
3498 44973.578346
3499 44984.804356
3500 44996.030218
3501 45007.241968
3502 45018.441355
3503 45027.648678
3504 45037.448218
3505 45048.637100
3506 45059.814833
3507 45070.989741
3508 45082.134437
3509 45093.280084
3510 45104.402213
3511 45115.516245
3512 45126.632118
3513 45137.733023
3514 45148.810609
3515 45159.870777
3516 45170.963602
3517 45182.046034
3518 45193.151281
3519 45204.278313
3520 45215.400278
3521 45226.459219
3522 45237.518927
3523 45248.560787
3524 45259.607314
3525 45270.654256
3526 45281.715147
3527 45292.746051
3528 45303.780864
3529 45314.794434
3530 45325.788162
3531 45336.764034
3532 45347.744778
3533 45358.715719
3534 45369.650540
3535 45380.586624
3536 45391.524201
3537 45402.470680
3538 45413.434242
3539 45424.374131
3540 45435.335071
3541 45446.309109
3542 45457.326260
3543 45468.351292
3544 45479.370990
3545 45490.415481
3546 45501.471907
3547 45512.522208
3548 45523.577973
3549 45534.652494
3550 45545.733548
3551 45556.842237
3552 45567.998156
3553 45579.105907
3554 45590.240189
3555 45601.365420
3556 45612.481185
3557 45623.596235
3558 45634.703050
3559 45645.802075
3560 45656.932694
3561 45668.029502
3562 45679.129253
3563 45690.225889
3564 45701.340992
3565 45712.461367
3566 45723.575367
3567 45734.693054
3568 45745.806177
3569 45756.910335
3570 45768.017037
3571 45779.139134
3572 45790.263396
3573 45801.398946
3574 45812.539951
3575 45823.689096
3576 45834.814400
3577 45845.937650
3578 45857.046893
3579 45868.151208
3580 45879.238034
3581 45890.342205
3582 45901.419121
3583 45912.497244
3584 45921.793689
3585 45932.839299
3586 45943.876441
3587 45954.920400
3588 45965.965284
3589 45976.998501
3590 45988.036714
3591 45999.078870
3592 46010.099032
3593 46021.114239
3594 46032.131659
3595 46043.167887
3596 46054.215360
3597 46065.285036
3598 46076.330987
3599 46087.384927
3600 46098.448823
3601 46109.525731
3602 46120.597710
3603 46131.668966
3604 46142.734162
3605 46153.776885
3606 46164.849209
3607 46175.876670
3608 46186.906946
3609 46197.920489
3610 46208.991708
3611 46220.080812
3612 46231.191998
3613 46242.309735
3614 46253.417123
3615 46264.525854
3616 46275.638916
3617 46286.767282
3618 46297.889305
3619 46309.002858
3620 46320.117931
3621 46331.241968
3622 46342.393122
3623 46353.568112
3624 46364.761000
3625 46375.959016
3626 46387.178498
3627 46398.410457
3628 46409.648783
3629 46420.888256
3630 46432.113489
3631 46443.331926
3632 46454.573430
3633 46465.853142
3634 46477.129667
3635 46488.421425
3636 46499.712719
3637 46510.364844
3638 46521.694814
3639 46533.011283
3640 46544.306325
3641 46555.599628
3642 46566.912446
3643 46578.218736
3644 46589.531833
3645 46600.836725
3646 46612.166846
3647 46623.514371
3648 46634.851580
3649 46646.187819
3650 46657.551581
3651 46668.887369
3652 46679.759240
3653 46691.116717
3654 46702.473761
3655 46713.817876
3656 46725.158375
3657 46736.504386
3658 46747.834995
3659 46759.200169
3660 46770.585452
3661 46781.978825
3662 46793.381937
3663 46804.796835
3664 46816.199917
3665 46827.615762
3666 46839.016915
3667 46850.447326
3668 46859.818017
3669 46871.163540
3670 46882.527104
3671 46893.880920
3672 46905.248497
3673 46916.624442
3674 46927.977788
3675 46939.358008
3676 46950.736672
3677 46962.122281
3678 46973.520747
3679 46984.918527
3680 46996.324457
3681 47007.748808
3682 47019.169435
3683 47030.569430
3684 47041.962371
3685 47053.356142
3686 47064.739773
3687 47076.121004
3688 47087.498013
3689 47098.855965
3690 47110.198385
3691 47121.562089
3692 47132.918566
3693 47144.295019
3694 47155.693392
3695 47167.083478
3696 47178.492546
3697 47189.907792
3698 47201.343155
3699 47212.794479
3700 47224.248396
3701 47233.666689
3702 47245.119010
3703 47256.567626
3704 47268.081575
3705 47279.594917
3706 47291.102790
3707 47302.604909
3708 47314.116601
3709 47325.619868
3710 47337.138661
3711 47348.665623
3712 47360.206132
3713 47371.311087
3714 47382.848225
3715 47394.393983
3716 47405.921340
3717 47417.430082
3718 47428.958923
3719 47440.508032
3720 47452.028432
3721 47463.579725
3722 47475.135580
3723 47486.695126
3724 47498.213251
3725 47509.705525
3726 47521.197920
3727 47532.701881
3728 47544.211201
3729 47555.713822
3730 47567.229386
3731 47578.755964
3732 47590.260706
3733 47601.785933
3734 47613.319207
3735 47624.824644
3736 47636.320930
3737 47647.828060
3738 47659.347747
3739 47670.872859
3740 47682.391281
3741 47693.933763
3742 47705.481706
3743 47717.009897
3744 47728.523790
3745 47740.006040
3746 47751.463978
3747 47762.936850
3748 47774.420552
3749 47785.920232
3750 47797.399342
3751 47808.893910
3752 47820.351740
3753 47831.768115
3754 47843.152281
3755 47854.554500
3756 47865.929389
3757 47877.288203
3758 47888.660284
3759 47900.040326
3760 47911.434926
3761 47922.836931
3762 47934.253726
3763 47945.627031
3764 47957.000558
3765 47968.392500
3766 47979.748542
3767 47991.082368
3768 48002.372139
3769 48013.651877
3770 48024.931410
3771 48036.250737
3772 48047.573339
3773 48058.904457
3774 48070.236343
3775 48081.586234
3776 48092.914366
3777 48104.239416
3778 48115.515196
3779 48126.799096
3780 48138.072948
3781 48149.334937
3782 48160.562059
3783 48171.787800
3784 48183.009334
3785 48194.226584
3786 48205.423650
3787 48216.618652
3788 48227.801693
3789 48238.968215
3790 48250.113068
3791 48261.263562
3792 48272.420170
3793 48283.599780
3794 48294.057857
3795 48305.193192
3796 48316.330991
3797 48327.458089
3798 48338.574364
3799 48349.641065
3800 48360.664013
3801 48370.722101
3802 48380.849679
3803 48390.984237
3804 48401.093040
3805 48411.174634
3806 48421.285997
3807 48431.400922
3808 48441.482635
3809 48451.568767
3810 48461.648551
3811 48471.738877
3812 48481.804179
3813 48491.906810
3814 48501.995497
3815 48512.079548
3816 48522.171152
3817 48532.240284
3818 48542.309478
3819 48552.412818
3820 48562.516385
3821 48572.042187
3822 48582.155616
3823 48592.307332
3824 48602.467539
3825 48612.631925
3826 48622.773447
3827 48632.932076
3828 48643.136342
3829 48652.631369
3830 48662.813414
3831 48672.062495
3832 48682.190381
3833 48692.324067
3834 48700.473705
3835 48710.587248
3836 48720.705613
3837 48730.823269
3838 48740.933391
3839 48751.036959
3840 48761.122228
3841 48771.195945
3842 48781.213481
3843 48791.179603
3844 48801.136701
3845 48811.069016
3846 48821.021710
3847 48831.002773
3848 48840.972161
3849 48850.937499
3850 48860.880053
3851 48870.779796
3852 48880.694666
3853 48890.615093
3854 48900.575016
3855 48910.569448
3856 48920.565689
3857 48929.242128
3858 48939.296189
3859 48949.345492
3860 48959.411546
3861 48969.432274
3862 48978.767842
3863 48988.815644
3864 48998.913260
3865 49007.674994
3866 49017.782969
3867 49027.904912
3868 49038.031811
3869 49048.132721
3870 49058.258540
3871 49068.380145
3872 49078.458917
3873 49088.523211
3874 49098.587189
3875 49108.651146
3876 49118.683955
3877 49128.706804
3878 49138.707683
3879 49148.736904
3880 49158.748033
3881 49168.752261
3882 49178.768964
3883 49188.779699
3884 49198.798018
3885 49208.817427
3886 49218.844579
3887 49228.886114
3888 49238.896143
3889 49248.911016
3890 49258.906744
3891 49268.887683
3892 49278.876915
3893 49288.886252
3894 49298.901704
3895 49308.913812
3896 49318.923626
3897 49328.943521
3898 49338.952856
3899 49348.960481
3900 49358.974643
3901 49369.001147
3902 49378.993826
3903 49388.980331
3904 49398.382270
3905 49408.305613
3906 49418.234026
3907 49428.161278
3908 49438.105105
3909 49448.046226
3910 49458.002286
3911 49467.979413
3912 49477.964945
3913 49487.965231
3914 49497.979775
3915 49507.998841
3916 49518.028698
3917 49528.074484
3918 49538.063878
3919 49548.061271
3920 49558.049203
3921 49568.038795
3922 49578.019679
3923 49588.014082
3924 49598.019073
3925 49608.005775
3926 49617.997268
3927 49627.989092
3928 49637.982741
3929 49647.926262
3930 49657.869049
3931 49667.843068
3932 49677.825089
3933 49687.847131
3934 49697.895360
3935 49707.937634
3936 49717.986541
3937 49728.035811
3938 49738.077219
3939 49748.186303
3940 49756.302143
3941 49766.399404
3942 49776.513468
3943 49786.661184
3944 49796.819348
3945 49806.983963
3946 49817.154584
3947 49827.304538
3948 49837.456299
3949 49847.628024
3950 49857.799322
3951 49867.971518
3952 49878.123363
3953 49888.287083
3954 49898.451230
3955 49908.580922
3956 49918.696741
3957 49928.809313
3958 49938.932561
3959 49949.017430
3960 49959.108186
3961 49969.178186
3962 49979.238868
3963 49989.299976
3964 49999.351228
3965 50009.398300
3966 50019.443841
3967 50029.490087
3968 50039.553833
3969 50049.622718
3970 50059.680431
3971 50069.734901
3972 50078.063797
3973 50088.110280
3974 50098.177661
3975 50108.260183
3976 50118.354593
3977 50128.426401
3978 50138.461970
3979 50148.451083
3980 50158.440421
3981 50167.679323
3982 50177.670589
3983 50187.665339
3984 50197.631404
3985 50207.591301
3986 50217.545081
3987 50227.532836
3988 50237.545545
3989 50247.586377
3990 50257.633893
3991 50267.657381
3992 50276.946495
3993 50286.948154
3994 50296.964058
3995 50307.000343
3996 50317.007517
3997 50327.037776
3998 50337.045621
3999 50347.031503
4000 50357.024270
4001 50366.990960
4002 50376.974212
4003 50386.977943
4004 50396.957689
4005 50406.946867
4006 50416.931764
4007 50426.933992
4008 50436.919620
4009 50446.887976
4010 50456.845066
4011 50466.792626
4012 50476.708179
4013 50486.631036
4014 50496.528981
4015 50506.412025
4016 50516.302207
4017 50526.176653
4018 50536.039832
4019 50545.900457
4020 50555.771341
4021 50565.637787
4022 50575.514663
4023 50585.382530
4024 50595.260820
4025 50605.145272
4026 50615.017252
4027 50624.872026
4028 50634.748698
4029 50644.626552
4030 50654.511736
4031 50664.424590
4032 50674.353875
4033 50684.306772
4034 50694.272187
4035 50704.257892
4036 50714.230712
4037 50724.192463
4038 50734.101869
4039 50744.005655
4040 50753.907214
4041 50763.806288
4042 50773.696029
4043 50783.605544
4044 50793.524060
4045 50803.412583
4046 50813.289123
4047 50823.162224
4048 50833.029736
4049 50842.892929
4050 50851.393178
4051 50861.240393
4052 50871.093186
4053 50880.953086
4054 50890.803433
4055 50900.621521
4056 50910.466692
4057 50920.341349
4058 50930.218365
4059 50940.091359
4060 50949.974710
4061 50959.836737
4062 50969.754510
4063 50979.674898
4064 50989.606239
4065 50999.559689
4066 51009.499215
4067 51019.406000
4068 51029.273509
4069 51039.139024
4070 51048.991788
4071 51058.853314
4072 51068.729624
4073 51078.632959
4074 51088.537157
4075 51098.431662
4076 51108.337319
4077 51118.258129
4078 51128.188820
4079 51138.138530
4080 51148.051304
4081 51157.856870
4082 51167.791851
4083 51177.716788
4084 51187.602130
4085 51197.484526
4086 51207.359803
4087 51217.215593
4088 51227.061424
4089 51236.898741
4090 51246.741242
4091 51256.606710
4092 51266.468149
4093 51276.315253
4094 51286.139106
4095 51295.943445
4096 51305.723776
4097 51315.513635
4098 51325.282569
4099 51335.053957
4100 51344.811501
4101 51354.566921
4102 51364.296303
4103 51374.083004
4104 51383.864226
4105 51393.647180
4106 51403.414309
4107 51413.216110
4108 51423.019783
4109 51432.818155
4110 51442.621394
4111 51452.420011
4112 51462.222754
4113 51472.028106
4114 51481.803587
4115 51491.574414
4116 51501.320380
4117 51511.043035
4118 51520.756921
4119 51530.467112
4120 51540.195634
4121 51549.886601
4122 51559.583778
4123 51569.263832
4124 51578.926579
4125 51588.600290
4126 51598.281031
4127 51607.979170
4128 51617.665144
4129 51627.370257
4130 51637.066163
4131 51646.773981
4132 51656.491965
4133 51666.241872
4134 51675.978476
4135 51685.726471
4136 51695.541236
4137 51705.359516
4138 51715.212067
4139 51725.080377
4140 51734.960326
4141 51744.833849
4142 51754.678483
4143 51764.529734
4144 51774.388761
4145 51784.236820
4146 51794.074913
4147 51803.892510
4148 51813.686702
4149 51823.487183
4150 51833.300274
4151 51843.115001
4152 51852.913911
4153 51862.729611
4154 51872.546613
4155 51882.370471
4156 51892.189947
4157 51901.993477
4158 51911.797018
4159 51921.635683
4160 51931.472657
4161 51941.313168
4162 51951.139783
4163 51960.974590
4164 51970.794945
4165 51980.604705
4166 51990.386786
4167 52000.180748
4168 52009.958336
4169 52019.761257
4170 52029.547743
4171 52039.340086
4172 52049.133496
4173 52058.932100
4174 52068.726543
4175 52078.531310
4176 52088.316680
4177 52098.092603
4178 52107.856770
4179 52117.623531
4180 52127.370013
4181 52137.101163
4182 52146.825177
4183 52156.554241
4184 52166.314265
4185 52176.040619
4186 52185.750900
4187 52195.442825
4188 52205.143378
4189 52214.835650
4190 52224.564216
4191 52234.297368
4192 52243.999941
4193 52253.717978
4194 52263.442347
4195 52273.181778
4196 52282.918234
4197 52292.632715
4198 52302.366242
4199 52312.077836
4200 52321.792987
4201 52331.496459
4202 52341.209382
4203 52350.931420
4204 52360.643679
4205 52370.335310
4206 52380.040731
4207 52389.198326
4208 52398.895522
4209 52408.590813
4210 52418.304654
4211 52427.982528
4212 52437.664086
4213 52447.366822
4214 52457.067257
4215 52466.763256
4216 52476.454713
4217 52486.159835
4218 52495.892946
4219 52505.615903
4220 52515.405156
4221 52525.127490
4222 52534.872311
4223 52544.613243
4224 52554.374648
4225 52564.140924
4226 52573.886154
4227 52583.635617
4228 52593.365153
4229 52603.090732
4230 52612.815026
4231 52622.529396
4232 52632.243842
4233 52641.960957
4234 52651.677789
4235 52661.377777
4236 52671.064595
4237 52680.807818
4238 52690.554011
4239 52700.255889
4240 52709.935561
4241 52719.626483
4242 52729.330686
4243 52739.023280
4244 52748.710502
4245 52758.379870
4246 52768.017778
4247 52777.667573
4248 52787.329038
4249 52796.986362
4250 52806.649261
4251 52816.259637
4252 52825.890427
4253 52835.523047
4254 52845.154973
4255 52854.794607
4256 52864.459535
4257 52874.110288
4258 52883.794700
4259 52893.484751
4260 52903.186302
4261 52912.875888
4262 52922.582335
4263 52931.766117
4264 52941.488537
4265 52951.159821
4266 52960.849582
4267 52970.604520
4268 52980.354979
4269 52990.098149
4270 52999.833049
4271 53009.547220
4272 53019.272593
4273 53028.982433
4274 53038.685344
4275 53048.392798
4276 53058.087678
4277 53067.776630
4278 53077.454338
4279 53087.129292
4280 53096.813979
4281 53106.480156
4282 53116.145031
4283 53125.785911
4284 53135.418491
4285 53144.991736
4286 53154.568478
4287 53164.202714
4288 53173.791669
4289 53183.405708
4290 53193.008350
4291 53202.607399
4292 53212.202528
4293 53221.811951
4294 53231.339820
4295 53240.869370
4296 53250.369640
4297 53259.892858
4298 53269.417518
4299 53278.925975
4300 53288.437894
4301 53297.944120
4302 53307.454784
4303 53315.007997
4304 53324.536526
4305 53334.053898
4306 53343.592459
4307 53353.145543
4308 53362.696613
4309 53372.245923
4310 53381.794123
4311 53391.335357
4312 53400.873010
4313 53410.436270
4314 53420.005156
4315 53429.575506
4316 53439.148082
4317 53448.684103
4318 53458.212769
4319 53467.718690
4320 53477.219768
4321 53486.733267
4322 53496.256408
4323 53505.774630
4324 53515.278123
4325 53524.786018
4326 53534.281957
4327 53543.778393
4328 53553.274608
4329 53562.767655
4330 53572.260726
4331 53581.754209
4332 53591.242586
4333 53600.727531
4334 53610.202651
4335 53619.628680
4336 53629.067436
4337 53638.530344
4338 53648.007888
4339 53657.489995
4340 53666.968696
4341 53676.427658
4342 53685.891027
4343 53695.382589
4344 53704.881613
4345 53714.363113
4346 53723.850822
4347 53733.340446
4348 53742.824040
4349 53752.303599
4350 53761.777373
4351 53771.284453
4352 53780.785867
4353 53790.288036
4354 53799.744419
4355 53809.199375
4356 53818.658341
4357 53828.105860
4358 53837.569125
4359 53847.027200
4360 53856.476886
4361 53865.906256
4362 53875.332806
4363 53884.748457
4364 53894.167374
4365 53903.581175
4366 53912.969212
4367 53922.343887
4368 53931.730838
4369 53941.126991
4370 53950.535938
4371 53959.915475
4372 53969.269168
4373 53978.632388
4374 53987.988789
4375 53997.328915
4376 54006.677734
4377 54016.046477
4378 54025.428095
4379 54034.809202
4380 54044.178265
4381 54051.465893
4382 54060.899268
4383 54070.349015
4384 54079.776087
4385 54089.164347
4386 54098.549254
4387 54107.992530
4388 54117.436975
4389 54126.882844
4390 54136.323975
4391 54145.817626
4392 54155.287711
4393 54164.751817
4394 54174.209956
4395 54183.703299
4396 54193.199044
4397 54202.733300
4398 54212.291872
4399 54221.837561
4400 54231.376975
4401 54240.893722
4402 54250.397375
4403 54259.906210
4404 54269.408293
4405 54278.918609
4406 54288.433444
4407 54296.623089
4408 54304.811380
4409 54313.000651
4410 54321.163682
4411 54329.332714
4412 54336.799019
4413 54344.951095
4414 54353.119420
4415 54361.263372
4416 54369.414225
4417 54377.528896
4418 54385.666108
4419 54393.803761
4420 54401.958622
4421 54410.120032
4422 54418.283293
4423 54426.406541
4424 54434.508754
4425 54442.609559
4426 54450.743322
4427 54458.829232
4428 54466.466805
4429 54474.567303
4430 54482.680577
4431 54490.815478
4432 54498.933785
4433 54507.059529
4434 54515.175533
4435 54523.298825
4436 54531.413911
4437 54539.508996
4438 54547.576690
4439 54555.635199
4440 54563.685707
4441 54571.350627
4442 54579.423286
4443 54587.524216
4444 54595.625981
4445 54603.552530
4446 54611.621852
4447 54619.731110
4448 54627.834669
4449 54635.925246
4450 54644.002491
4451 54652.058929
4452 54660.116693
4453 54668.183993
4454 54676.230743
4455 54684.265464
4456 54692.289510
4457 54700.329775
4458 54708.373497
4459 54716.412139
4460 54724.458591
4461 54732.508787
4462 54740.543536
4463 54748.590986
4464 54756.627262
4465 54764.675286
4466 54772.715634
4467 54780.748468
4468 54788.769273
4469 54796.774730
4470 54804.820009
4471 54812.868884
4472 54820.913562
4473 54829.005653
4474 54837.114008
4475 54845.227738
4476 54853.341199
4477 54861.456426
4478 54869.600463
4479 54877.714968
4480 54885.843779
4481 54893.965936
4482 54902.078725
4483 54910.192501
4484 54918.311986
4485 54926.428109
4486 54934.547447
4487 54942.675990
4488 54950.801795
4489 54958.910930
4490 54967.015766
4491 54975.125417
4492 54983.237848
4493 54991.360035
4494 54999.460792
4495 55007.573961
4496 55015.680549
4497 55023.794440
4498 55031.921987
4499 55040.025841
4500 55048.107825
4501 55056.189049


Active cycles: 2000
k_mean: 44912.405697
k_stddev(cycle): 6172.548218
k_stderr(mean): 138.022374
Reactivity(rho): 0.999978, Per Cent error compared to reference: -84.470789
Total Time: 11.941395seconds. Average: 0.002653 seconds per cycle.
