1 1.209168
2 1.078038
3 1.110246
4 1.130578
5 1.144042
6 1.148789
7 1.152507
8 1.162146
9 1.167437
10 1.168398
11 1.170975
12 1.170087
13 1.178216
14 1.177226
15 1.173290
16 1.174809
17 1.177731
18 1.179750
19 1.181619
20 1.179833
21 1.176236
22 1.178483
23 1.180061
24 1.178464
25 1.181420
26 1.177246
27 1.183041
28 1.180386
29 1.180551
30 1.181352
31 1.182410
32 1.178197
33 1.181517
34 1.185147
35 1.183337
36 1.180604
37 1.183444
38 1.183075
39 1.181172
40 1.182415
41 1.183090
42 1.181493
43 1.179542
44 1.180430
45 1.181930
46 1.180634
47 1.180090
48 1.182861
49 1.185487
50 1.182444
51 1.183992
52 1.180765
53 1.185754
54 1.180648
55 1.179745
56 1.176668
57 1.179736
58 1.181949
59 1.182274
60 1.183225
61 1.183745
62 1.181002
63 1.183585
64 1.181124
65 1.183269
66 1.182012
67 1.183381
68 1.180682
69 1.185478
70 1.183541
71 1.181711
72 1.187773
73 1.183483
74 1.185084
75 1.183279
76 1.181022
77 1.183983
78 1.177566
79 1.178260
80 1.182294
81 1.182226
82 1.184895
83 1.184225
84 1.182187
85 1.180566
86 1.178682
87 1.183017
88 1.184099
89 1.181507
90 1.179508
91 1.178877
92 1.179668
93 1.177775
94 1.178129
95 1.181221
96 1.186841
97 1.182958
98 1.183638
99 1.181638
100 1.182886
101 1.184982
102 1.185686
103 1.181493
104 1.180643
105 1.182929
106 1.183716
107 1.185264
108 1.183983
109 1.183560
110 1.183177
111 1.176959
112 1.181852
113 1.185880
114 1.183934
115 1.178891
116 1.183124
117 1.181963
118 1.177571
119 1.186710
120 1.183041
121 1.182750
122 1.179090
123 1.180202
124 1.187162
125 1.184424
126 1.181104
127 1.184701
128 1.184157
129 1.181726
130 1.181221
131 1.179517
132 1.179309
133 1.183793
134 1.181119
135 1.181362
136 1.185652
137 1.181726
138 1.186662
139 1.183002
140 1.180779
141 1.185565
142 1.180604
143 1.183958
144 1.182764
145 1.182968
146 1.184182
147 1.182429
148 1.182454
149 1.182308
150 1.181701
151 1.187569
152 1.183002
153 1.185594
154 1.178425
155 1.183648
156 1.180619
157 1.186458
158 1.181711
159 1.179716
160 1.182978
161 1.182750
162 1.183949
163 1.184526
164 1.182361
165 1.184031
166 1.180842
167 1.182429
168 1.184584
169 1.188196
170 1.182381
171 1.182594
172 1.183759
173 1.185541
174 1.183386
175 1.181866
176 1.180435
177 1.183420
178 1.182114
179 1.186793
180 1.181891
181 1.184356
182 1.180702
183 1.183953
184 1.182963
185 1.186516
186 1.185041
187 1.184968
188 1.176794
189 1.188725
190 1.183386
191 1.180313
192 1.182793
193 1.183589
194 1.185177
195 1.181755
196 1.184677
197 1.182793
198 1.180677
199 1.181789
200 1.182148
201 1.181226
202 1.186414
203 1.180221
204 1.185346
205 1.186269
206 1.183454
207 1.180459
208 1.181527
209 1.186638
210 1.183560
211 1.186104
212 1.179721
213 1.182745
214 1.181993
215 1.182900
216 1.182493
217 1.181366
218 1.187336
219 1.185647
220 1.183342
221 1.176964
222 1.182468
223 1.185312
224 1.185215
225 1.180604
226 1.180949
227 1.186244
228 1.184089
229 1.182182
230 1.183924
231 1.182352
232 1.184317
233 1.183497
234 1.180886
235 1.181541
236 1.176396
237 1.179071
238 1.185162
239 1.184085
240 1.184609
241 1.185764
242 1.185677
243 1.185026
244 1.181963
245 1.183366
246 1.185866
247 1.180648
248 1.181993
249 1.182095
250 1.181692
251 1.183017
252 1.183478
253 1.184453
254 1.185376
255 1.179304
256 1.183682
257 1.183371
258 1.182216
259 1.181260
260 1.179498
261 1.179381
262 1.182658
263 1.182473
264 1.180561
265 1.180527
266 1.181308
267 1.185036
268 1.180682
269 1.183177
270 1.181764
271 1.184055
272 1.182308
273 1.183895
274 1.180760
275 1.184648
276 1.179862
277 1.184720
278 1.184206
279 1.182497
280 1.181643
281 1.182735
282 1.182502
283 1.183264
284 1.181007
285 1.182250
286 1.184119
287 1.183507
288 1.182978
289 1.187730
290 1.182080
291 1.184385
292 1.185749
293 1.186841
294 1.184390
295 1.183080
296 1.184934
297 1.181896
298 1.180949
299 1.183240
300 1.182745
301 1.179464
302 1.179478
303 1.181167
304 1.183793
305 1.185332
306 1.183881
307 1.184497
308 1.182488
309 1.181692
310 1.183910
311 1.181638
312 1.182730
313 1.184643
314 1.184269
315 1.178338
316 1.181561
317 1.183599
318 1.180648
319 1.187259
320 1.180240
321 1.181604
322 1.185012
323 1.184609
324 1.184871
325 1.181565
326 1.181075
327 1.182085
328 1.183109
329 1.183565
330 1.183390
331 1.183386
332 1.185162
333 1.183114
334 1.181386
335 1.186293
336 1.179255
337 1.183468
338 1.184211
339 1.182230
340 1.181328
341 1.185366
342 1.184041
343 1.185274
344 1.186375
345 1.182298
346 1.184075
347 1.185657
348 1.185162
349 1.182415
350 1.181022
351 1.181532
352 1.183837
353 1.185191
354 1.181100
355 1.183036
356 1.181847
357 1.179008
358 1.181468
359 1.182420
360 1.185254
361 1.183531
362 1.183104
363 1.185157
364 1.183478
365 1.184483
366 1.181221
367 1.184978
368 1.179852
369 1.183361
370 1.189822
371 1.178624
372 1.185570
373 1.183075
374 1.187933
375 1.180143
376 1.180056
377 1.181245
378 1.184536
379 1.182298
380 1.182992
381 1.183323
382 1.181226
383 1.181032
384 1.187108
385 1.181216
386 1.182716
387 1.182376
388 1.184089
389 1.185147
390 1.186230
391 1.181973
392 1.182036
393 1.187065
394 1.183691
395 1.185545
396 1.182958
397 1.181565
398 1.182361
399 1.184036
400 1.180075
401 1.182031
402 1.179658
403 1.186065
404 1.182109
405 1.183386
406 1.185541
407 1.181798
408 1.184740
409 1.184473
410 1.182274
411 1.181823
412 1.183162
413 1.179668
414 1.181265
415 1.181726
416 1.181740
417 1.179464
418 1.185735
419 1.181930
420 1.181536
421 1.181143
422 1.184109
423 1.181279
424 1.191331
425 1.183803
426 1.184201
427 1.178935
428 1.182735
429 1.185788
430 1.182085
431 1.181565
432 1.181638
433 1.182793
434 1.182963
435 1.184230
436 1.185943
437 1.186055
438 1.185211
439 1.185065
440 1.185905
441 1.185099
442 1.182764
443 1.182711
444 1.183973
445 1.179585
446 1.188924
447 1.183347
448 1.185439
449 1.181959
450 1.183148
451 1.186011
452 1.185667
453 1.181774
454 1.180046
455 1.182895
456 1.181095
457 1.181837
458 1.185939
459 1.185594
460 1.184657
461 1.185759
462 1.183284
463 1.180648
464 1.183750
465 1.178022
466 1.181818
467 1.182410
468 1.183827
469 1.182764
470 1.179420
471 1.178095
472 1.179925
473 1.185681
474 1.183075
475 1.185113
476 1.181638
477 1.184356
478 1.184390
479 1.183939
480 1.186477
481 1.184216
482 1.181366
483 1.184648
484 1.184385
485 1.179716
486 1.181299
487 1.184492
488 1.182080
489 1.183361
490 1.179736
491 1.178158
492 1.182405
493 1.181313
494 1.180871
495 1.180716
496 1.178566
497 1.178372
498 1.186812
499 1.179464
500 1.179110
501 1.186419
502 1.182027
503 1.185041
504 1.184958
505 1.184982
506 1.181269
507 1.185308
508 1.183560
509 1.181832
510 1.182517
511 1.179561
512 1.179284
513 1.182129
514 1.181959
515 1.183463
516 1.182837
517 1.183400
518 1.185570
519 1.187404
520 1.179852
521 1.182124
522 1.178901
523 1.185177
524 1.178818
525 1.178479
526 1.184618
527 1.184308
528 1.180478
529 1.179978
530 1.183716
531 1.181313
532 1.184536
533 1.183502
534 1.184628
535 1.183628
536 1.180852
537 1.182527
538 1.185871
539 1.186186
540 1.183876
541 1.188108
542 1.182861
543 1.181687
544 1.185686
545 1.180745
546 1.184662
547 1.185424
548 1.188302
549 1.187006
550 1.185507
551 1.184361
552 1.181420
553 1.186162
554 1.183997
555 1.181517
556 1.182551
557 1.183187
558 1.183235
559 1.185463
560 1.182823
561 1.184415
562 1.183910
563 1.183182
564 1.181143
565 1.184871
566 1.183381
567 1.179566
568 1.185468
569 1.184274
570 1.182182
571 1.182497
572 1.185138
573 1.183080
574 1.185599
575 1.179925
576 1.177061
577 1.179896
578 1.183492
579 1.181808
580 1.186278
581 1.183987
582 1.182779
583 1.183119
584 1.186346
585 1.182764
586 1.183512
587 1.181522
588 1.186172
589 1.187045
590 1.184929
591 1.182895
592 1.187671
593 1.184861
594 1.183162
595 1.184798
596 1.185342
597 1.184934
598 1.185686
599 1.186210
600 1.183924
601 1.182847


Active cycles: 400
k_mean: 1.183102
k_stddev(cycle): 0.002277
k_stderr(mean): 0.000114
Difference with the reference K: -0.000708, Per cent error: -0.059817
Reactivity(rho): 0.154764
Total Time: 1057.139294seconds. Average: 1.758967 seconds per cycle.
