1 0.989512
2 0.984522
3 0.983044
4 0.983376
5 0.983872
6 0.983468
7 0.982894
8 0.982160
9 0.981196
10 0.979530
11 0.979146
12 0.977770
13 0.976076
14 0.975324
15 0.974728
16 0.973558
17 0.972714
18 0.972234
19 0.972150
20 0.972504
21 0.972642
22 0.973428
23 0.974236
24 0.974330
25 0.974670
26 0.975050
27 0.975572
28 0.976316
29 0.977752
30 0.978648
31 0.979688
32 0.980398
33 0.981874
34 0.983362
35 0.984760
36 0.986266
37 0.987456
38 0.989002
39 0.990562
40 0.991856
41 0.993468
42 0.995426
43 0.996888
44 0.998758
45 0.999814
46 1.001764
47 1.003682
48 1.006168
49 1.007754
50 1.009718
51 1.011344
52 1.013166
53 1.014402
54 1.015824
55 1.017974
56 1.019630
57 1.021152
58 1.023176
59 1.024682
60 1.026748
61 1.029780
62 1.031600
63 1.033180
64 1.035102
65 1.037010
66 1.039420
67 1.041116
68 1.042674
69 1.044528
70 1.046446
71 1.048092
72 1.049820
73 1.051234
74 1.052206
75 1.053764
76 1.055512
77 1.056804
78 1.058316
79 1.059742
80 1.061588
81 1.063116
82 1.064720
83 1.066042
84 1.067928
85 1.070036
86 1.071692
87 1.072662
88 1.074356
89 1.075534
90 1.076786
91 1.077320
92 1.078642
93 1.079838
94 1.081034
95 1.082496
96 1.083672
97 1.084986
98 1.086228
99 1.087890
100 1.089496
101 1.090826
102 1.091606
103 1.092758
104 1.094044
105 1.095114
106 1.095856
107 1.097226
108 1.098284
109 1.099902
110 1.101552
111 1.102732
112 1.104044
113 1.105186
114 1.106384
115 1.107392
116 1.107668
117 1.108662
118 1.109250
119 1.110426
120 1.111562
121 1.113362
122 1.114208
123 1.114760
124 1.115584
125 1.116690
126 1.117082
127 1.117550
128 1.118220
129 1.119052
130 1.120540
131 1.120758
132 1.121386
133 1.122564
134 1.123486
135 1.124214
136 1.124738
137 1.125550
138 1.125848
139 1.126414
140 1.127172
141 1.128360
142 1.128654
143 1.129336
144 1.129488
145 1.130018
146 1.130760
147 1.130838
148 1.131198
149 1.132028
150 1.133050
151 1.133820
152 1.134896
153 1.135196
154 1.135564
155 1.136486
156 1.137150
157 1.137842
158 1.138588
159 1.139480
160 1.140558
161 1.141798
162 1.142200
163 1.142644
164 1.142866
165 1.143600
166 1.144030
167 1.145222
168 1.146158
169 1.146412
170 1.146580
171 1.147170
172 1.147610
173 1.148362
174 1.148834
175 1.148960
176 1.149108
177 1.149102
178 1.149858
179 1.150388
180 1.149992
181 1.150506
182 1.150460
183 1.150828
184 1.151750
185 1.152172
186 1.152560
187 1.153074
188 1.153866
189 1.154118
190 1.155090
191 1.155246
192 1.155660
193 1.156084
194 1.156234
195 1.156698
196 1.156304
197 1.156868
198 1.156838
199 1.156796
200 1.157102
201 1.157108
202 1.157532
203 1.158372
204 1.158610
205 1.159484
206 1.159156
207 1.158746
208 1.158886
209 1.159516
210 1.159496
211 1.159744
212 1.160598
213 1.160106
214 1.159948
215 1.160450
216 1.160970
217 1.160784
218 1.161140
219 1.161498
220 1.162008
221 1.162240
222 1.161934
223 1.161970
224 1.162790
225 1.162818
226 1.163152
227 1.163402
228 1.163720
229 1.163468
230 1.163814
231 1.164130
232 1.163686
233 1.164346
234 1.164990
235 1.165156
236 1.164672
237 1.164744
238 1.165466
239 1.165842
240 1.165776
241 1.165208
242 1.165028
243 1.164922
244 1.164592
245 1.164684
246 1.165226
247 1.165382
248 1.165680
249 1.165782
250 1.165852
251 1.166084
252 1.166672
253 1.166396
254 1.166630
255 1.166864
256 1.166958
257 1.167370
258 1.167498
259 1.167188
260 1.167142
261 1.167530
262 1.168212
263 1.167886
264 1.167778
265 1.167728
266 1.167362
267 1.167112
268 1.167128
269 1.167732
270 1.167834
271 1.167226
272 1.167488
273 1.167262
274 1.167878
275 1.167902
276 1.168290
277 1.168402
278 1.168776
279 1.168294
280 1.168230
281 1.168528
282 1.169496
283 1.169706
284 1.170034
285 1.170034
286 1.170358
287 1.170224
288 1.170320
289 1.170614
290 1.170516
291 1.170440
292 1.170764
293 1.171192
294 1.171606
295 1.171324
296 1.170840
297 1.170752
298 1.171098
299 1.171398
300 1.171488
301 1.171324
302 1.172026
303 1.172004
304 1.172534
305 1.171488
306 1.171886
307 1.172536
308 1.172506
309 1.173048
310 1.173196
311 1.173738
312 1.174046
313 1.173862
314 1.174052
315 1.174198
316 1.173484
317 1.173968
318 1.174048
319 1.174334
320 1.173796
321 1.174038
322 1.174148
323 1.173972
324 1.173756
325 1.174430
326 1.174428
327 1.174912
328 1.174958
329 1.174560
330 1.174680
331 1.174678
332 1.175014
333 1.174902
334 1.175094
335 1.174934
336 1.174884
337 1.175088
338 1.175484
339 1.174904
340 1.174838
341 1.174762
342 1.174638
343 1.175234
344 1.174824
345 1.174646
346 1.174742
347 1.174766
348 1.174156
349 1.173968
350 1.173840
351 1.174380
352 1.174388
353 1.174854
354 1.174602
355 1.174406
356 1.175238
357 1.175390
358 1.175636
359 1.175576
360 1.176148
361 1.175534
362 1.175844
363 1.175584
364 1.175278
365 1.175660
366 1.176156
367 1.176196
368 1.176480
369 1.176788
370 1.177108
371 1.176898
372 1.176566
373 1.176612
374 1.176812
375 1.176922
376 1.177260
377 1.177598
378 1.177560
379 1.178338
380 1.179212
381 1.178892
382 1.179524
383 1.179624
384 1.180270
385 1.180758
386 1.180204
387 1.180224
388 1.180096
389 1.180060
390 1.180312
391 1.180494
392 1.179206
393 1.179238
394 1.179382
395 1.179644
396 1.180028
397 1.180978
398 1.180766
399 1.180836
400 1.180976
401 1.180156
402 1.179620
403 1.179258
404 1.179042
405 1.178298
406 1.178886
407 1.179408
408 1.179142
409 1.179598
410 1.179328
411 1.179452
412 1.179246
413 1.179076
414 1.178610
415 1.178654
416 1.178494
417 1.178046
418 1.178504
419 1.177902
420 1.177934
421 1.178134
422 1.177972
423 1.177816
424 1.177410
425 1.177292
426 1.177598
427 1.177702
428 1.177374
429 1.177526
430 1.177910
431 1.177660
432 1.176842
433 1.177384
434 1.177948
435 1.178416
436 1.177688
437 1.177432
438 1.177830
439 1.177464
440 1.177396
441 1.177306
442 1.177636
443 1.177486
444 1.177900
445 1.177496
446 1.177312
447 1.176732
448 1.177088
449 1.177190
450 1.177396
451 1.177708
452 1.177998
453 1.177946
454 1.178390
455 1.177878
456 1.177792
457 1.178032
458 1.178158
459 1.177872
460 1.178112
461 1.178306
462 1.178260
463 1.178306
464 1.178530
465 1.178262
466 1.178344
467 1.177998
468 1.178672
469 1.178456
470 1.178994
471 1.178724
472 1.178748
473 1.177846
474 1.178084
475 1.177942
476 1.177816
477 1.177312
478 1.177054
479 1.176856
480 1.177926
481 1.178378
482 1.178076
483 1.178112
484 1.178454
485 1.178490
486 1.178688
487 1.178798
488 1.179142
489 1.179412
490 1.179156
491 1.179074
492 1.179030
493 1.178420
494 1.178766
495 1.179290
496 1.179234
497 1.179324
498 1.178684
499 1.178314
500 1.178028
501 1.178370
502 1.178448
503 1.178702
504 1.178746
505 1.178918
506 1.178720
507 1.178540
508 1.179042
509 1.179196
510 1.179728
511 1.180514
512 1.180832
513 1.180948
514 1.181068
515 1.180850
516 1.179734
517 1.179538
518 1.179312
519 1.179012
520 1.178856
521 1.178952
522 1.178562
523 1.178686
524 1.179096
525 1.178882
526 1.179298
527 1.179788
528 1.179498
529 1.179456
530 1.179892
531 1.180140
532 1.180576
533 1.181374
534 1.180870
535 1.180776
536 1.180616
537 1.181070
538 1.181062
539 1.180948
540 1.180446
541 1.180518
542 1.180144
543 1.179678
544 1.179958
545 1.179672
546 1.179812
547 1.180326
548 1.180544
549 1.180522
550 1.180688
551 1.179928
552 1.179262
553 1.179948
554 1.179684
555 1.180360
556 1.180864
557 1.180766
558 1.181388
559 1.181162
560 1.181340
561 1.181070
562 1.180840
563 1.181120
564 1.180672
565 1.180428
566 1.180082
567 1.180552
568 1.180550
569 1.180870
570 1.180650
571 1.180932
572 1.181092
573 1.181266
574 1.181252
575 1.180544
576 1.180534
577 1.180458
578 1.180336
579 1.180556
580 1.180374
581 1.180392
582 1.180420
583 1.180682
584 1.180784
585 1.180570
586 1.180676
587 1.180450
588 1.180586
589 1.180924
590 1.180600
591 1.180434
592 1.180138
593 1.179848
594 1.179878
595 1.179726
596 1.179538
597 1.179280
598 1.179176
599 1.178788
600 1.178850
601 1.179116
602 1.178928
603 1.178758
604 1.178806
605 1.178664
606 1.178382
607 1.178656
608 1.179390
609 1.180124
610 1.180168
611 1.180170
612 1.180148
613 1.179988
614 1.179728
615 1.179880
616 1.179818
617 1.179882
618 1.179948
619 1.180714
620 1.181304
621 1.181256
622 1.180914
623 1.180264
624 1.179734
625 1.179946
626 1.179264
627 1.179760
628 1.179690
629 1.180120
630 1.180002
631 1.179832
632 1.180576
633 1.180754
634 1.181122
635 1.181520
636 1.181716
637 1.181524
638 1.181188
639 1.181180
640 1.180560
641 1.180718
642 1.180362
643 1.180280
644 1.180560
645 1.180812
646 1.180432
647 1.180250
648 1.180352
649 1.180536
650 1.180958
651 1.180624
652 1.180318
653 1.180324
654 1.180858
655 1.180400
656 1.180410
657 1.181306
658 1.181644
659 1.181354
660 1.181400
661 1.181898
662 1.181570
663 1.181466
664 1.180842
665 1.180826
666 1.181166
667 1.180816
668 1.181112
669 1.181424
670 1.181714
671 1.181368
672 1.182012
673 1.182480
674 1.182970
675 1.182946
676 1.182460
677 1.182098
678 1.181770
679 1.181666
680 1.181292
681 1.181120
682 1.181268
683 1.181364
684 1.182434
685 1.182906
686 1.183614
687 1.183502
688 1.183456
689 1.183978
690 1.184150
691 1.183660
692 1.184434
693 1.184788
694 1.183924
695 1.183848
696 1.184076
697 1.183936
698 1.183238
699 1.182838
700 1.183102
701 1.182904
702 1.182986
703 1.182326
704 1.182068
705 1.182546
706 1.182864
707 1.183136
708 1.182754
709 1.183178
710 1.183538
711 1.183744
712 1.183342
713 1.183690
714 1.183616
715 1.184084
716 1.184368
717 1.184582
718 1.184698
719 1.184384
720 1.183720
721 1.183202
722 1.183302
723 1.182938
724 1.182982
725 1.182508
726 1.181770
727 1.181454
728 1.181886
729 1.181834
730 1.181848
731 1.182268
732 1.182314
733 1.182222
734 1.181294
735 1.181368
736 1.181290
737 1.180664
738 1.180546
739 1.180408
740 1.180166
741 1.180040
742 1.180350
743 1.179832
744 1.179746
745 1.179126
746 1.178994
747 1.179402
748 1.179570
749 1.179196
750 1.179260
751 1.179164
752 1.179622
753 1.179042
754 1.179168
755 1.178790
756 1.178916
757 1.179038
758 1.179504
759 1.179664
760 1.179836
761 1.179940
762 1.180308
763 1.180874
764 1.180434
765 1.180172
766 1.180594
767 1.180902
768 1.180622
769 1.181084
770 1.180788
771 1.180316
772 1.180822
773 1.181196
774 1.180902
775 1.181136
776 1.180960
777 1.181476
778 1.181350
779 1.181198
780 1.180738
781 1.180634
782 1.180934
783 1.181462
784 1.181534
785 1.181468
786 1.181510
787 1.181418
788 1.181436
789 1.181948
790 1.182280
791 1.182334
792 1.182490
793 1.182690
794 1.182550
795 1.182430
796 1.182618
797 1.182302
798 1.182766
799 1.183236
800 1.183634
801 1.183552
802 1.183136
803 1.183130
804 1.183224
805 1.182906
806 1.182642
807 1.182580
808 1.182590
809 1.182630
810 1.182620
811 1.182462
812 1.182444
813 1.182130
814 1.182618
815 1.182330
816 1.182044
817 1.181644
818 1.181688
819 1.181642
820 1.181518
821 1.181082
822 1.181276
823 1.181148
824 1.180918
825 1.180902
826 1.181286
827 1.180960
828 1.180956
829 1.181094
830 1.181270
831 1.181644
832 1.181984
833 1.182060
834 1.181804
835 1.181280
836 1.181676
837 1.181528
838 1.180896
839 1.180692
840 1.180434
841 1.180638
842 1.180944
843 1.180746
844 1.180654
845 1.180486
846 1.180842
847 1.181028
848 1.181452
849 1.181628
850 1.181092
851 1.181234
852 1.181168
853 1.180374
854 1.179878
855 1.179664
856 1.180634
857 1.180304
858 1.180586
859 1.180096
860 1.180132
861 1.180372
862 1.180750
863 1.181332
864 1.180946
865 1.180774
866 1.180726
867 1.180752
868 1.181436
869 1.180984
870 1.180942
871 1.180648
872 1.180012
873 1.179674
874 1.178984
875 1.179182
876 1.179628
877 1.179528
878 1.178938
879 1.179090
880 1.180114
881 1.180134
882 1.180282
883 1.180676
884 1.180660
885 1.180808
886 1.180822
887 1.180554
888 1.180818
889 1.180832
890 1.180452
891 1.180436
892 1.180760
893 1.181192
894 1.181888
895 1.181302
896 1.181152
897 1.181212
898 1.181000
899 1.180628
900 1.180042
901 1.179944
902 1.179754
903 1.179712
904 1.179694
905 1.179848
906 1.179836
907 1.180288
908 1.180328
909 1.181072
910 1.181418
911 1.181786
912 1.181886
913 1.181806
914 1.182020
915 1.181384
916 1.181330
917 1.180368
918 1.180206
919 1.180380
920 1.180452
921 1.181188
922 1.181694
923 1.181296
924 1.181616
925 1.181748
926 1.180710
927 1.181120
928 1.182008
929 1.182182
930 1.181316
931 1.181712
932 1.181904
933 1.181514
934 1.181680
935 1.181268
936 1.181010
937 1.181236
938 1.180656
939 1.180648
940 1.180958
941 1.180122
942 1.180130
943 1.180340
944 1.180610
945 1.180900
946 1.180602
947 1.180916
948 1.181162
949 1.181878
950 1.182498
951 1.182314
952 1.182272
953 1.181810
954 1.182366
955 1.182284
956 1.183330
957 1.183418
958 1.183844
959 1.183728
960 1.183622
961 1.183004
962 1.183648
963 1.183324
964 1.183242
965 1.182786
966 1.182908
967 1.183364
968 1.183884
969 1.184264
970 1.184100
971 1.184122
972 1.184192
973 1.183758
974 1.183784
975 1.184102
976 1.184138
977 1.183918
978 1.183520
979 1.183022
980 1.183634
981 1.183696
982 1.182830
983 1.183386
984 1.183644
985 1.183468
986 1.183692
987 1.183024
988 1.183152
989 1.183224
990 1.182810
991 1.182806
992 1.182704
993 1.182012
994 1.182018
995 1.181658
996 1.181852
997 1.181808
998 1.181594
999 1.181944
1000 1.182028
1001 1.181842
1002 1.182058
1003 1.181750
1004 1.181458
1005 1.181670
1006 1.181426
1007 1.181146
1008 1.181596
1009 1.182350
1010 1.182436
1011 1.181916
1012 1.181182
1013 1.182204
1014 1.182042
1015 1.182472
1016 1.181876
1017 1.181654
1018 1.181844
1019 1.181778
1020 1.181872
1021 1.181550
1022 1.181684
1023 1.181282
1024 1.181630
1025 1.181440
1026 1.181766
1027 1.181536
1028 1.181364
1029 1.181070
1030 1.181562
1031 1.181168
1032 1.181564
1033 1.181810
1034 1.181868
1035 1.182002
1036 1.181588
1037 1.182374
1038 1.182124
1039 1.181810
1040 1.182578
1041 1.182698
1042 1.182860
1043 1.182690
1044 1.182910
1045 1.182756
1046 1.183582
1047 1.183300
1048 1.182980
1049 1.182452
1050 1.182186
1051 1.182020
1052 1.182704
1053 1.182218
1054 1.182236
1055 1.182256
1056 1.181688
1057 1.181604
1058 1.180978
1059 1.180892
1060 1.180618
1061 1.180590
1062 1.180854
1063 1.181018
1064 1.181574
1065 1.181730
1066 1.181964
1067 1.182350
1068 1.182750
1069 1.182350
1070 1.182742
1071 1.182548
1072 1.182526
1073 1.182496
1074 1.182364
1075 1.182498
1076 1.182426
1077 1.182284
1078 1.182374
1079 1.182580
1080 1.182460
1081 1.182070
1082 1.182046
1083 1.182152
1084 1.182188
1085 1.182406
1086 1.182482
1087 1.182022
1088 1.181804
1089 1.181918
1090 1.182088
1091 1.182314
1092 1.181716
1093 1.181650
1094 1.181946
1095 1.182156
1096 1.182698
1097 1.182030
1098 1.181044
1099 1.181050
1100 1.181224
1101 1.181158
1102 1.180672
1103 1.180458
1104 1.180668
1105 1.180776
1106 1.180876
1107 1.180562
1108 1.181480
1109 1.181216
1110 1.181442
1111 1.181764
1112 1.182388
1113 1.182258
1114 1.182382
1115 1.182744
1116 1.182596
1117 1.182590
1118 1.182734
1119 1.182332
1120 1.182340
1121 1.182366
1122 1.181930
1123 1.181420
1124 1.181700
1125 1.181938
1126 1.182674
1127 1.182270
1128 1.181714
1129 1.181708
1130 1.182022
1131 1.181640
1132 1.181606
1133 1.181510
1134 1.181424
1135 1.181324
1136 1.180974
1137 1.181030
1138 1.181016
1139 1.181328
1140 1.181466
1141 1.181488
1142 1.181704
1143 1.181940
1144 1.181510
1145 1.181412
1146 1.181326
1147 1.181152
1148 1.182058
1149 1.181938
1150 1.181812
1151 1.181154
1152 1.180702
1153 1.180242
1154 1.180026
1155 1.180022
1156 1.179948
1157 1.180006
1158 1.179556
1159 1.179286
1160 1.179632
1161 1.180014
1162 1.179378
1163 1.180090
1164 1.179194
1165 1.179074
1166 1.178754
1167 1.178556
1168 1.179000
1169 1.179566
1170 1.180058
1171 1.180212
1172 1.179764
1173 1.179750
1174 1.179834
1175 1.180002
1176 1.180056
1177 1.179794
1178 1.179990
1179 1.180334
1180 1.180544
1181 1.180614
1182 1.181224
1183 1.181096
1184 1.180654
1185 1.180882
1186 1.180422
1187 1.180334
1188 1.180400
1189 1.179982
1190 1.180284
1191 1.179548
1192 1.179720
1193 1.180306
1194 1.179940
1195 1.180182
1196 1.180320
1197 1.180028
1198 1.180396
1199 1.180256
1200 1.179972
1201 1.179628
1202 1.179920
1203 1.180592
1204 1.180812
1205 1.181042
1206 1.180852
1207 1.180704
1208 1.180918
1209 1.181098
1210 1.181146
1211 1.181202
1212 1.181184
1213 1.181782
1214 1.182012
1215 1.182582
1216 1.182700
1217 1.182600
1218 1.182212
1219 1.182194
1220 1.182186
1221 1.181818
1222 1.181984
1223 1.182102
1224 1.182326
1225 1.182980
1226 1.182994
1227 1.182632
1228 1.182264
1229 1.181820
1230 1.181462
1231 1.181370
1232 1.180782
1233 1.181242
1234 1.181280
1235 1.181256
1236 1.181894
1237 1.181788
1238 1.181278
1239 1.182386
1240 1.182152
1241 1.182152
1242 1.182030
1243 1.181776
1244 1.181672
1245 1.181956
1246 1.182226
1247 1.182104
1248 1.182658
1249 1.182746
1250 1.182672
1251 1.183194
1252 1.182898
1253 1.182860
1254 1.182872
1255 1.182588
1256 1.183600
1257 1.182674
1258 1.182350
1259 1.183000
1260 1.182926
1261 1.183266
1262 1.183262
1263 1.183086
1264 1.182828
1265 1.183528
1266 1.184048
1267 1.184118
1268 1.184556
1269 1.184834
1270 1.184992
1271 1.183920
1272 1.183482
1273 1.184256
1274 1.184502
1275 1.185012
1276 1.185156
1277 1.185290
1278 1.185058
1279 1.184110
1280 1.183248
1281 1.183360
1282 1.182998
1283 1.182734
1284 1.182716
1285 1.182836
1286 1.182438
1287 1.182310
1288 1.181352
1289 1.181072
1290 1.182188
1291 1.182142
1292 1.182374
1293 1.181620
1294 1.182186
1295 1.181644
1296 1.181770
1297 1.181966
1298 1.182250
1299 1.182136
1300 1.182352
1301 1.181886
1302 1.182288
1303 1.182704
1304 1.182686
1305 1.183070
1306 1.183352
1307 1.182704
1308 1.182716
1309 1.181756
1310 1.181450
1311 1.181748
1312 1.181532
1313 1.181914
1314 1.182548
1315 1.182938
1316 1.183630
1317 1.183346
1318 1.182980
1319 1.183702
1320 1.183864
1321 1.183608
1322 1.183950
1323 1.183172
1324 1.182896
1325 1.182482
1326 1.182004
1327 1.181400
1328 1.181004
1329 1.181094
1330 1.181404
1331 1.181452
1332 1.181836
1333 1.181616
1334 1.181022
1335 1.180746
1336 1.181254
1337 1.180772
1338 1.180676
1339 1.180614
1340 1.180420
1341 1.180624
1342 1.180984
1343 1.181238
1344 1.180904
1345 1.181314
1346 1.181218
1347 1.180890
1348 1.180636
1349 1.180074
1350 1.180304
1351 1.180668
1352 1.181016
1353 1.181226
1354 1.181268
1355 1.181510
1356 1.181380
1357 1.180862
1358 1.181670
1359 1.181896
1360 1.181772
1361 1.182042
1362 1.181950
1363 1.181904
1364 1.181986
1365 1.181762
1366 1.181904
1367 1.182214
1368 1.182566
1369 1.182862
1370 1.183090
1371 1.182670
1372 1.182140
1373 1.181846
1374 1.182174
1375 1.182122
1376 1.181948
1377 1.181834
1378 1.181672
1379 1.181624
1380 1.181424
1381 1.181956
1382 1.181988
1383 1.181568
1384 1.181878
1385 1.182068
1386 1.181992
1387 1.182306
1388 1.182386
1389 1.182308
1390 1.182510
1391 1.182190
1392 1.182156
1393 1.181908
1394 1.181852
1395 1.181872
1396 1.181892
1397 1.181554
1398 1.181190
1399 1.181160
1400 1.181730
1401 1.181462
1402 1.181394
1403 1.180914
1404 1.181094
1405 1.181170
1406 1.181052
1407 1.181784
1408 1.181118
1409 1.180990
1410 1.181216
1411 1.180884
1412 1.181098
1413 1.180678
1414 1.180852
1415 1.181014
1416 1.180450
1417 1.180610
1418 1.180350
1419 1.180918
1420 1.181192
1421 1.181330
1422 1.180936
1423 1.180426
1424 1.180730
1425 1.180596
1426 1.180542
1427 1.180280
1428 1.179986
1429 1.179630
1430 1.179938
1431 1.180374
1432 1.180796
1433 1.181276
1434 1.180916
1435 1.180992
1436 1.181002
1437 1.180690
1438 1.180976
1439 1.180854
1440 1.181092
1441 1.180724
1442 1.180590
1443 1.180208
1444 1.180058
1445 1.180006
1446 1.180566
1447 1.180624
1448 1.181350
1449 1.181528
1450 1.182070
1451 1.182484
1452 1.182176
1453 1.182296
1454 1.182678
1455 1.182546
1456 1.182886
1457 1.183302
1458 1.183188
1459 1.183568
1460 1.184058
1461 1.183374
1462 1.183666
1463 1.183698
1464 1.183316
1465 1.183342
1466 1.182940
1467 1.182622
1468 1.182078
1469 1.181342
1470 1.181478
1471 1.181130
1472 1.181308
1473 1.181244
1474 1.180980
1475 1.181844
1476 1.182082
1477 1.181828
1478 1.182154
1479 1.181986
1480 1.181910
1481 1.181842
1482 1.182496
1483 1.182452
1484 1.182536
1485 1.182816
1486 1.182770
1487 1.182704
1488 1.182886
1489 1.183094
1490 1.182190
1491 1.182558
1492 1.182168
1493 1.181928
1494 1.181642
1495 1.181368
1496 1.181698
1497 1.181460
1498 1.181376
1499 1.181962
1500 1.182352
1501 1.182108
1502 1.182062
1503 1.182318
1504 1.182440
1505 1.182168
1506 1.182204
1507 1.181790
1508 1.181802
1509 1.181684
1510 1.181952
1511 1.182170
1512 1.181734
1513 1.182412
1514 1.182824
1515 1.183362
1516 1.183298
1517 1.182880
1518 1.182832
1519 1.182498
1520 1.182200
1521 1.182180
1522 1.182824
1523 1.182764
1524 1.182530
1525 1.182510
1526 1.182548
1527 1.182718
1528 1.182954
1529 1.183962
1530 1.183876
1531 1.183888
1532 1.184312
1533 1.184838
1534 1.184682
1535 1.184674
1536 1.185252
1537 1.184812
1538 1.184374
1539 1.184410
1540 1.184508
1541 1.184528
1542 1.183844
1543 1.183656
1544 1.183034
1545 1.183000
1546 1.182674
1547 1.182898
1548 1.183122
1549 1.183420
1550 1.183574
1551 1.182634
1552 1.182640
1553 1.182552
1554 1.182150
1555 1.182518
1556 1.182936
1557 1.183038
1558 1.183296
1559 1.183110
1560 1.183430
1561 1.182828
1562 1.183436
1563 1.183096
1564 1.183332
1565 1.183108
1566 1.183498
1567 1.182812
1568 1.183008
1569 1.182886
1570 1.183088
1571 1.182086
1572 1.182398
1573 1.181946
1574 1.181218
1575 1.181198
1576 1.180318
1577 1.181246
1578 1.181272
1579 1.181124
1580 1.181238
1581 1.181900
1582 1.181820
1583 1.182998
1584 1.182778
1585 1.182486
1586 1.182506
1587 1.182768
1588 1.182256
1589 1.182428
1590 1.182396
1591 1.183330
1592 1.183728
1593 1.183772
1594 1.183188
1595 1.183590
1596 1.183096
1597 1.182950
1598 1.183004
1599 1.182918
1600 1.182482
1601 1.182648
1602 1.183188
1603 1.182800
1604 1.183374
1605 1.183586
1606 1.183762
1607 1.184098
1608 1.183806
1609 1.183456
1610 1.183050
1611 1.182996
1612 1.182640
1613 1.182104
1614 1.181862
1615 1.182392
1616 1.182816
1617 1.182982
1618 1.183568
1619 1.183834
1620 1.183752
1621 1.183854
1622 1.183770
1623 1.184028
1624 1.184256
1625 1.184260
1626 1.183982
1627 1.184348
1628 1.183998
1629 1.183926
1630 1.184262
1631 1.183674
1632 1.182692
1633 1.182406
1634 1.182352
1635 1.182348
1636 1.182484
1637 1.182198
1638 1.182366
1639 1.182742
1640 1.183194
1641 1.183070
1642 1.182508
1643 1.182722
1644 1.183072
1645 1.182302
1646 1.182240
1647 1.181958
1648 1.181808
1649 1.182204
1650 1.181644
1651 1.182296
1652 1.182040
1653 1.182454
1654 1.181764
1655 1.181948
1656 1.181874
1657 1.181788
1658 1.182090
1659 1.181986
1660 1.182198
1661 1.182742
1662 1.182854
1663 1.182208
1664 1.182846
1665 1.183498
1666 1.183812
1667 1.183580
1668 1.183876
1669 1.183564
1670 1.182630
1671 1.182308
1672 1.182138
1673 1.181648
1674 1.181162
1675 1.181498
1676 1.181444
1677 1.181018
1678 1.181008
1679 1.181780
1680 1.181954
1681 1.182524
1682 1.182240
1683 1.182746
1684 1.183804
1685 1.183150
1686 1.183660
1687 1.183230
1688 1.183404
1689 1.183026
1690 1.183036
1691 1.182914
1692 1.182686
1693 1.182960
1694 1.182658
1695 1.182666
1696 1.182376
1697 1.181832
1698 1.181432
1699 1.181802
1700 1.181798
1701 1.181790
1702 1.182272
1703 1.182166
1704 1.182724
1705 1.182752
1706 1.182994
1707 1.183342
1708 1.183218
1709 1.183156
1710 1.183082
1711 1.183004
1712 1.183500
1713 1.183380
1714 1.184072
1715 1.183952
1716 1.184036
1717 1.183700
1718 1.184490
1719 1.184314
1720 1.183774
1721 1.183208
1722 1.183234
1723 1.183106
1724 1.183042
1725 1.183206
1726 1.183690
1727 1.183380
1728 1.183088
1729 1.183608
1730 1.183650
1731 1.183160
1732 1.183014
1733 1.182868
1734 1.183084
1735 1.183286
1736 1.183662
1737 1.184262
1738 1.183988
1739 1.183466
1740 1.183742
1741 1.183712
1742 1.183648
1743 1.183446
1744 1.183656
1745 1.183392
1746 1.182022
1747 1.182066
1748 1.182294
1749 1.182502
1750 1.182926
1751 1.182608
1752 1.182324
1753 1.181954
1754 1.182356
1755 1.181742
1756 1.181344
1757 1.181302
1758 1.181778
1759 1.181398
1760 1.181386
1761 1.181722
1762 1.181022
1763 1.181140
1764 1.181382
1765 1.181846
1766 1.181990
1767 1.182080
1768 1.182328
1769 1.182262
1770 1.182210
1771 1.182250
1772 1.181756
1773 1.181460
1774 1.181692
1775 1.181604
1776 1.181978
1777 1.181712
1778 1.181940
1779 1.181768
1780 1.181382
1781 1.181484
1782 1.181768
1783 1.181044
1784 1.180892
1785 1.180976
1786 1.181628
1787 1.181976
1788 1.181816
1789 1.181758
1790 1.181362
1791 1.180598
1792 1.180766
1793 1.181192
1794 1.180900
1795 1.180886
1796 1.181496
1797 1.181684
1798 1.181672
1799 1.182094
1800 1.181964
1801 1.181758
1802 1.182418
1803 1.182436
1804 1.182262
1805 1.182586
1806 1.182320
1807 1.182852
1808 1.182764
1809 1.182494
1810 1.182164
1811 1.181940
1812 1.181798
1813 1.182126
1814 1.182606
1815 1.182558
1816 1.182480
1817 1.182506
1818 1.182566
1819 1.182296
1820 1.181996
1821 1.182440
1822 1.182266
1823 1.181798
1824 1.182128
1825 1.182282
1826 1.182150
1827 1.181026
1828 1.181250
1829 1.181216
1830 1.181314
1831 1.181980
1832 1.182308
1833 1.182254
1834 1.182680
1835 1.183096
1836 1.183054
1837 1.183028
1838 1.182886
1839 1.183704
1840 1.183614
1841 1.183468
1842 1.183810
1843 1.183656
1844 1.183850
1845 1.184098
1846 1.183750
1847 1.184066
1848 1.185072
1849 1.184938
1850 1.185262
1851 1.185308
1852 1.185636
1853 1.185606
1854 1.185406
1855 1.185352
1856 1.185796
1857 1.185908
1858 1.185916
1859 1.185952
1860 1.185620
1861 1.185352
1862 1.185536
1863 1.184698
1864 1.184334
1865 1.184232
1866 1.183522
1867 1.183644
1868 1.183428
1869 1.183584
1870 1.183670
1871 1.183988
1872 1.184502
1873 1.184476
1874 1.184364
1875 1.183948
1876 1.184040
1877 1.183354
1878 1.183124
1879 1.183534
1880 1.183806
1881 1.184316
1882 1.184292
1883 1.184232
1884 1.184008
1885 1.183918
1886 1.183644
1887 1.184054
1888 1.184240
1889 1.184664
1890 1.184276
1891 1.184856
1892 1.184340
1893 1.184346
1894 1.184370
1895 1.184890
1896 1.184570
1897 1.184014
1898 1.183278
1899 1.183138
1900 1.183558
1901 1.183934
1902 1.183962
1903 1.183748
1904 1.183528
1905 1.183970
1906 1.184064
1907 1.184762
1908 1.184244
1909 1.184934
1910 1.185130
1911 1.185964
1912 1.185574
1913 1.185212
1914 1.185288
1915 1.184438
1916 1.183900
1917 1.184176
1918 1.184362
1919 1.184504
1920 1.184500
1921 1.185146
1922 1.184952
1923 1.185462
1924 1.185842
1925 1.185386
1926 1.185468
1927 1.185444
1928 1.185096
1929 1.185208
1930 1.184842
1931 1.184950
1932 1.184950
1933 1.185264
1934 1.185398
1935 1.185866
1936 1.185616
1937 1.185486
1938 1.185326
1939 1.185528
1940 1.185286
1941 1.185396
1942 1.185252
1943 1.185224
1944 1.185060
1945 1.185622
1946 1.185580
1947 1.185936
1948 1.185962
1949 1.186128
1950 1.185326
1951 1.185362
1952 1.184856
1953 1.184160
1954 1.184066
1955 1.183418
1956 1.183848
1957 1.183696
1958 1.183604
1959 1.183326
1960 1.183184
1961 1.182856
1962 1.183222
1963 1.183300
1964 1.182948
1965 1.182992
1966 1.183730
1967 1.184284
1968 1.184208
1969 1.184142
1970 1.183886
1971 1.184034
1972 1.184176
1973 1.184364
1974 1.184380
1975 1.183974
1976 1.183822
1977 1.183476
1978 1.183656
1979 1.183470
1980 1.183440
1981 1.183676
1982 1.183196
1983 1.183056
1984 1.183342
1985 1.183990
1986 1.183502
1987 1.183252
1988 1.183912
1989 1.183396
1990 1.183698
1991 1.183390
1992 1.182800
1993 1.182600
1994 1.182274
1995 1.183050
1996 1.183236
1997 1.182966
1998 1.182878
1999 1.182330
2000 1.182616
2001 1.183282
2002 1.182678
2003 1.182618
2004 1.182006
2005 1.181954
2006 1.181666
2007 1.181978
2008 1.182412
2009 1.183110
2010 1.182958
2011 1.183356
2012 1.183422
2013 1.183198
2014 1.183348
2015 1.183878
2016 1.183846
2017 1.183956
2018 1.183680
2019 1.184086
2020 1.183894
2021 1.183744
2022 1.183450
2023 1.183224
2024 1.183226
2025 1.182698
2026 1.183042
2027 1.182898
2028 1.183226
2029 1.183256
2030 1.183954
2031 1.183742
2032 1.183064
2033 1.182942
2034 1.182758
2035 1.182972
2036 1.182596
2037 1.182688
2038 1.182876
2039 1.182462
2040 1.181902
2041 1.181642
2042 1.181514
2043 1.181534
2044 1.181418
2045 1.181574
2046 1.181684
2047 1.181380
2048 1.181598
2049 1.181862
2050 1.181778
2051 1.182234
2052 1.181484
2053 1.181842
2054 1.181660
2055 1.181410
2056 1.181234
2057 1.181710
2058 1.180962
2059 1.180936
2060 1.181176
2061 1.181292
2062 1.180658
2063 1.180714
2064 1.180540
2065 1.180678
2066 1.180182
2067 1.180800
2068 1.180222
2069 1.181714
2070 1.181612
2071 1.181212
2072 1.181402
2073 1.182214
2074 1.181678
2075 1.182208
2076 1.182170
2077 1.182608
2078 1.182972
2079 1.182414
2080 1.181656
2081 1.180882
2082 1.180592
2083 1.181100
2084 1.181562
2085 1.181734
2086 1.182174
2087 1.181776
2088 1.181734
2089 1.181446
2090 1.181074
2091 1.181360
2092 1.181358
2093 1.181036
2094 1.181074
2095 1.181364
2096 1.181198
2097 1.181052
2098 1.181134
2099 1.181304
2100 1.181148
2101 1.181102
2102 1.181384
2103 1.181222
2104 1.181288
2105 1.181500
2106 1.181522
2107 1.181496
2108 1.181122
2109 1.181144
2110 1.180932
2111 1.181794
2112 1.181840
2113 1.182212
2114 1.181604
2115 1.181636
2116 1.181942
2117 1.182082
2118 1.182520
2119 1.182508
2120 1.182942
2121 1.182860
2122 1.182950
2123 1.183396
2124 1.182902
2125 1.182504
2126 1.182502
2127 1.183058
2128 1.182956
2129 1.182930
2130 1.182860
2131 1.182628
2132 1.182516
2133 1.182630
2134 1.182704
2135 1.182936
2136 1.182814
2137 1.181878
2138 1.182428
2139 1.182292
2140 1.182092
2141 1.182496
2142 1.181964
2143 1.182506
2144 1.182492
2145 1.182552
2146 1.182336
2147 1.182964
2148 1.182788
2149 1.182660
2150 1.182364
2151 1.181448
2152 1.181654
2153 1.181838
2154 1.182318
2155 1.182642
2156 1.182928
2157 1.183620
2158 1.183314
2159 1.183398
2160 1.183248
2161 1.183684
2162 1.183824
2163 1.184314
2164 1.183770
2165 1.183460
2166 1.183038
2167 1.183098
2168 1.182768
2169 1.182860
2170 1.182828
2171 1.183208
2172 1.183434
2173 1.183538
2174 1.183234
2175 1.182860
2176 1.182436
2177 1.182364
2178 1.181990
2179 1.182268
2180 1.182648
2181 1.182620
2182 1.182868
2183 1.183328
2184 1.183584
2185 1.183492
2186 1.183602
2187 1.183024
2188 1.182904
2189 1.182838
2190 1.182430
2191 1.182490
2192 1.182406
2193 1.182900
2194 1.182516
2195 1.182146
2196 1.182364
2197 1.182106
2198 1.182740
2199 1.182830
2200 1.182402
2201 1.183302
2202 1.183588
2203 1.183668
2204 1.183292
2205 1.183602
2206 1.183580
2207 1.183454
2208 1.183692
2209 1.183430
2210 1.183800
2211 1.183506
2212 1.183226
2213 1.183116
2214 1.183028
2215 1.183346
2216 1.182600
2217 1.182612
2218 1.182872
2219 1.182926
2220 1.182676
2221 1.182352
2222 1.181968
2223 1.181726
2224 1.181914
2225 1.181970
2226 1.182282
2227 1.181958
2228 1.182154
2229 1.182074
2230 1.181652
2231 1.181472
2232 1.181558
2233 1.182124
2234 1.182560
2235 1.182164
2236 1.182014
2237 1.182844
2238 1.182948
2239 1.182908
2240 1.183100
2241 1.182746
2242 1.182308
2243 1.182446
2244 1.182276
2245 1.182762
2246 1.182444
2247 1.182264
2248 1.181752
2249 1.181482
2250 1.181688
2251 1.181450
2252 1.181674
2253 1.181452
2254 1.181548
2255 1.181392
2256 1.181006
2257 1.180968
2258 1.180752
2259 1.180444
2260 1.180608
2261 1.180616
2262 1.180696
2263 1.180696
2264 1.180516
2265 1.180582
2266 1.181060
2267 1.181700
2268 1.182272
2269 1.182150
2270 1.182026
2271 1.182054
2272 1.182248
2273 1.182872
2274 1.183038
2275 1.183448
2276 1.183504
2277 1.183604
2278 1.183220
2279 1.182832
2280 1.183096
2281 1.183214
2282 1.183268
2283 1.183106
2284 1.183178
2285 1.184108
2286 1.184932
2287 1.184748
2288 1.184756
2289 1.184548
2290 1.183978
2291 1.183688
2292 1.184062
2293 1.184522
2294 1.184618
2295 1.184778
2296 1.184068
2297 1.183222
2298 1.182952
2299 1.182312
2300 1.182276
2301 1.182926
2302 1.183200
2303 1.182966
2304 1.182938
2305 1.183240
2306 1.183716
2307 1.183368
2308 1.183404
2309 1.183248
2310 1.182194
2311 1.182400
2312 1.182436
2313 1.182140
2314 1.182246
2315 1.181848
2316 1.181332
2317 1.181630
2318 1.181400
2319 1.181474
2320 1.181384
2321 1.182126
2322 1.181558
2323 1.181784
2324 1.181816
2325 1.181810
2326 1.182260
2327 1.182330
2328 1.181828
2329 1.181736
2330 1.181526
2331 1.181384
2332 1.182052
2333 1.181600
2334 1.181758
2335 1.181714
2336 1.181868
2337 1.181480
2338 1.181674
2339 1.181934
2340 1.182176
2341 1.182608
2342 1.182600
2343 1.182172
2344 1.181954
2345 1.182340
2346 1.182420
2347 1.182712
2348 1.183264
2349 1.183946
2350 1.183826
2351 1.183820
2352 1.183200
2353 1.183084
2354 1.182586
2355 1.182352
2356 1.182418
2357 1.181936
2358 1.181612
2359 1.181094
2360 1.180884
2361 1.181072
2362 1.181034
2363 1.181134
2364 1.181372
2365 1.181646
2366 1.181874
2367 1.182026
2368 1.182414
2369 1.183296
2370 1.183794
2371 1.183682
2372 1.183538
2373 1.183556
2374 1.183370
2375 1.183000
2376 1.183016
2377 1.182580
2378 1.182742
2379 1.182804
2380 1.182740
2381 1.182432
2382 1.181824
2383 1.182220
2384 1.182522
2385 1.182898
2386 1.183656
2387 1.183884
2388 1.183452
2389 1.183810
2390 1.183746
2391 1.183632
2392 1.183076
2393 1.183698
2394 1.183662
2395 1.183580
2396 1.183378
2397 1.182710
2398 1.183288
2399 1.183182
2400 1.183356
2401 1.183304
2402 1.183578
2403 1.183666
2404 1.183272
2405 1.182930
2406 1.182640
2407 1.182954
2408 1.182410
2409 1.182588
2410 1.183046
2411 1.183050
2412 1.182538
2413 1.182866
2414 1.183014
2415 1.183200
2416 1.182808
2417 1.183892
2418 1.183532
2419 1.183744
2420 1.184334
2421 1.184260
2422 1.184114
2423 1.183104
2424 1.182914
2425 1.182534
2426 1.182638
2427 1.183062
2428 1.182632
2429 1.183248
2430 1.183822
2431 1.183310
2432 1.182670
2433 1.182476
2434 1.182872
2435 1.182514
2436 1.182672
2437 1.182294
2438 1.182446
2439 1.181810
2440 1.181238
2441 1.181400
2442 1.181426
2443 1.180532
2444 1.180484
2445 1.180698
2446 1.180398
2447 1.180590
2448 1.180240
2449 1.179788
2450 1.179804
2451 1.179926
2452 1.179938
2453 1.180106
2454 1.179832
2455 1.180616
2456 1.180980
2457 1.180420
2458 1.180612
2459 1.180752
2460 1.181322
2461 1.181558
2462 1.181932
2463 1.181174
2464 1.181158
2465 1.181140
2466 1.181174
2467 1.180826
2468 1.180432
2469 1.181354
2470 1.181434
2471 1.182162
2472 1.182364
2473 1.182648
2474 1.183600
2475 1.183812
2476 1.183502
2477 1.184118
2478 1.183090
2479 1.183606
2480 1.183454
2481 1.184062
2482 1.184330
2483 1.184820
2484 1.184818
2485 1.184758
2486 1.184550
2487 1.183912
2488 1.184612
2489 1.184204
2490 1.184646
2491 1.183904
2492 1.183990
2493 1.183650
2494 1.182870
2495 1.182610
2496 1.182684
2497 1.183098
2498 1.183008
2499 1.182834
2500 1.183016
2501 1.182752
2502 1.182572
2503 1.182434
2504 1.182590
2505 1.182926
2506 1.183204
2507 1.182816
2508 1.182328
2509 1.182248
2510 1.181630
2511 1.182630
2512 1.182044
2513 1.182602
2514 1.182068
2515 1.181736
2516 1.181332
2517 1.181320
2518 1.181220
2519 1.181024
2520 1.180244
2521 1.180384
2522 1.180300
2523 1.179638
2524 1.179278
2525 1.179722
2526 1.179742
2527 1.180138
2528 1.179830
2529 1.179366
2530 1.178762
2531 1.179216
2532 1.179316
2533 1.180008
2534 1.180106
2535 1.180622
2536 1.180198
2537 1.180862
2538 1.180680
2539 1.180714
2540 1.180358
2541 1.180310
2542 1.180160
2543 1.179954
2544 1.179802
2545 1.179418
2546 1.179478
2547 1.180294
2548 1.180512
2549 1.180796
2550 1.181276
2551 1.181224
2552 1.181292
2553 1.181640
2554 1.182500
2555 1.182130
2556 1.182240
2557 1.182218
2558 1.182406
2559 1.182820
2560 1.182862
2561 1.182558
2562 1.182496
2563 1.182286
2564 1.181816
2565 1.181754
2566 1.182150
2567 1.182952
2568 1.183048
2569 1.182358
2570 1.182558
2571 1.182878
2572 1.183110
2573 1.183224
2574 1.182894
2575 1.182596
2576 1.182720
2577 1.182442
2578 1.182502
2579 1.182414
2580 1.181916
2581 1.181986
2582 1.181000
2583 1.181284
2584 1.181930
2585 1.181992
2586 1.181990
2587 1.182092
2588 1.182100
2589 1.181498
2590 1.181072
2591 1.181380
2592 1.181976
2593 1.181946
2594 1.181266
2595 1.181340
2596 1.180838
2597 1.180798
2598 1.181104
2599 1.180968
2600 1.181214
2601 1.181310
2602 1.181656
2603 1.181952
2604 1.181934
2605 1.182136
2606 1.182362
2607 1.183342
2608 1.183024
2609 1.183202
2610 1.182738
2611 1.182910
2612 1.182880
2613 1.182602
2614 1.182596
2615 1.182798
2616 1.182894
2617 1.182688
2618 1.182664
2619 1.182816
2620 1.182064
2621 1.182076
2622 1.181786
2623 1.181832
2624 1.182160
2625 1.182060
2626 1.182142
2627 1.182102
2628 1.181818
2629 1.182310
2630 1.182604
2631 1.182230
2632 1.181850
2633 1.182116
2634 1.181598
2635 1.181488
2636 1.181310
2637 1.181158
2638 1.180934
2639 1.180776
2640 1.180578
2641 1.181008
2642 1.181486
2643 1.181482
2644 1.181830
2645 1.182408
2646 1.181900
2647 1.181802
2648 1.181506
2649 1.180856
2650 1.181020
2651 1.181382
2652 1.181504
2653 1.181750
2654 1.181778
2655 1.181668
2656 1.182210
2657 1.181812
2658 1.181484
2659 1.181166
2660 1.181754
2661 1.181784
2662 1.182328
2663 1.182234
2664 1.181956
2665 1.181588
2666 1.181310
2667 1.181126
2668 1.180788
2669 1.180472
2670 1.180030
2671 1.180938
2672 1.181294
2673 1.181224
2674 1.181542
2675 1.181796
2676 1.181746
2677 1.181310
2678 1.180974
2679 1.180954
2680 1.181078
2681 1.180912
2682 1.180970
2683 1.180820
2684 1.181450
2685 1.180896
2686 1.180600
2687 1.180914
2688 1.181562
2689 1.181954
2690 1.182064
2691 1.181706
2692 1.182128
2693 1.182528
2694 1.181994
2695 1.182426
2696 1.181616
2697 1.181266
2698 1.181840
2699 1.181696
2700 1.181766
2701 1.182090
2702 1.181726
2703 1.182304
2704 1.182298
2705 1.183008
2706 1.183870
2707 1.183602
2708 1.183138
2709 1.183148
2710 1.182718
2711 1.183360
2712 1.183654
2713 1.183942
2714 1.183880
2715 1.183206
2716 1.183976
2717 1.184814
2718 1.184472
2719 1.184058
2720 1.184038
2721 1.184354
2722 1.184022
2723 1.183720
2724 1.182906
2725 1.183332
2726 1.182662
2727 1.182186
2728 1.182448
2729 1.182646
2730 1.182594
2731 1.183070
2732 1.182932
2733 1.183078
2734 1.183352
2735 1.183426
2736 1.183528
2737 1.183434
2738 1.183536
2739 1.183522
2740 1.184016
2741 1.184086
2742 1.184444
2743 1.184638
2744 1.184960
2745 1.184962
2746 1.184876
2747 1.184678
2748 1.184624
2749 1.184752
2750 1.185198
2751 1.185548
2752 1.184940
2753 1.184920
2754 1.185100
2755 1.184750
2756 1.184898
2757 1.184982
2758 1.184832
2759 1.185484
2760 1.185184
2761 1.185328
2762 1.185458
2763 1.184998
2764 1.185456
2765 1.184894
2766 1.184848
2767 1.185010
2768 1.184466
2769 1.184912
2770 1.184938
2771 1.185174
2772 1.185166
2773 1.184676
2774 1.184810
2775 1.184578
2776 1.184386
2777 1.184116
2778 1.184326
2779 1.184190
2780 1.184362
2781 1.184480
2782 1.184380
2783 1.184170
2784 1.184256
2785 1.184516
2786 1.184048
2787 1.184186
2788 1.183886
2789 1.184418
2790 1.184420
2791 1.184500
2792 1.184610
2793 1.184778
2794 1.184512
2795 1.184426
2796 1.184150
2797 1.183858
2798 1.183370
2799 1.182718
2800 1.182772
2801 1.182820
2802 1.182266
2803 1.182980
2804 1.183044
2805 1.183092
2806 1.183646
2807 1.182480
2808 1.182192
2809 1.182170
2810 1.182266
2811 1.182150
2812 1.182456
2813 1.181690
2814 1.181330
2815 1.180730
2816 1.180416
2817 1.180732
2818 1.181126
2819 1.181656
2820 1.181542
2821 1.181490
2822 1.182018
2823 1.181482
2824 1.181426
2825 1.181996
2826 1.181682
2827 1.182116
2828 1.182566
2829 1.182506
2830 1.182334
2831 1.181992
2832 1.182508
2833 1.182380
2834 1.182158
2835 1.181838
2836 1.181782
2837 1.182486
2838 1.181610
2839 1.181790
2840 1.182334
2841 1.182346
2842 1.182238
2843 1.182326
2844 1.182020
2845 1.181260
2846 1.180826
2847 1.180962
2848 1.180028
2849 1.180228
2850 1.179520
2851 1.179424
2852 1.179416
2853 1.179306
2854 1.179440
2855 1.179702
2856 1.179668
2857 1.180370
2858 1.180348
2859 1.180384
2860 1.181002
2861 1.180902
2862 1.181074
2863 1.181790
2864 1.182894
2865 1.183110
2866 1.183278
2867 1.183198
2868 1.183416
2869 1.183700
2870 1.183938
2871 1.183980
2872 1.183864
2873 1.184380
2874 1.184398
2875 1.183594
2876 1.183358
2877 1.183804
2878 1.183660
2879 1.183436
2880 1.183124
2881 1.183424
2882 1.183390
2883 1.182522
2884 1.182658
2885 1.182680
2886 1.182318
2887 1.181834
2888 1.181904
2889 1.182222
2890 1.182532
2891 1.183242
2892 1.183844
2893 1.184146
2894 1.184590
2895 1.184416
2896 1.184366
2897 1.184650
2898 1.184114
2899 1.184490
2900 1.184452
2901 1.183866
2902 1.183932
2903 1.184506
2904 1.184932
2905 1.185002
2906 1.185014
2907 1.184026
2908 1.183978
2909 1.183190
2910 1.183276
2911 1.182940
2912 1.182808
2913 1.182932
2914 1.183420
2915 1.184144
2916 1.184218
2917 1.183746
2918 1.183724
2919 1.183226
2920 1.183530
2921 1.183736
2922 1.183472
2923 1.184394
2924 1.184672
2925 1.184620
2926 1.184244
2927 1.183638
2928 1.183118
2929 1.183336
2930 1.183284
2931 1.183260
2932 1.184008
2933 1.183670
2934 1.183262
2935 1.183592
2936 1.183530
2937 1.183924
2938 1.183642
2939 1.183210
2940 1.183242
2941 1.183242
2942 1.183456
2943 1.183254
2944 1.182928
2945 1.182126
2946 1.182646
2947 1.182214
2948 1.181758
2949 1.181832
2950 1.182576
2951 1.182880
2952 1.182544
2953 1.182280
2954 1.181636
2955 1.181678
2956 1.181160
2957 1.181498
2958 1.181846
2959 1.182076
2960 1.181850
2961 1.182150
2962 1.181606
2963 1.181026
2964 1.181118
2965 1.181232
2966 1.181714
2967 1.181184
2968 1.180392
2969 1.180720
2970 1.180872
2971 1.181050
2972 1.181454
2973 1.181692
2974 1.181932
2975 1.181778
2976 1.181316
2977 1.181940
2978 1.182314
2979 1.182018
2980 1.182254
2981 1.182352
2982 1.182450
2983 1.182690
2984 1.182994
2985 1.183110
2986 1.183162
2987 1.182988
2988 1.182172
2989 1.182542
2990 1.183048
2991 1.183112
2992 1.182246
2993 1.182806
2994 1.183290
2995 1.183098
2996 1.183114
2997 1.183206
2998 1.183512
2999 1.184134
3000 1.184046
3001 1.183598
3002 1.183714
3003 1.182910
3004 1.183002
3005 1.183166
3006 1.183024
3007 1.183504
3008 1.183366
3009 1.184054
3010 1.183132
3011 1.183284
3012 1.183628
3013 1.184006
3014 1.184040
3015 1.183986
3016 1.183734
3017 1.183848
3018 1.183756
3019 1.183904
3020 1.184098
3021 1.184230
3022 1.183944
3023 1.183534
3024 1.183552
3025 1.183958
3026 1.184378
3027 1.183844
3028 1.183586
3029 1.183740
3030 1.183970
3031 1.184294
3032 1.184220
3033 1.184608
3034 1.184944
3035 1.185536
3036 1.185518
3037 1.184954
3038 1.184526
3039 1.183928
3040 1.183782
3041 1.184086
3042 1.183816
3043 1.184374
3044 1.184582
3045 1.185302
3046 1.185570
3047 1.185480
3048 1.185578
3049 1.185394
3050 1.185354
3051 1.184688
3052 1.184412
3053 1.184608
3054 1.184488
3055 1.184774
3056 1.185176
3057 1.185602
3058 1.185454
3059 1.185748
3060 1.185322
3061 1.185392
3062 1.185486
3063 1.184988
3064 1.185300
3065 1.185144
3066 1.185544
3067 1.185726
3068 1.185476
3069 1.185002
3070 1.184602
3071 1.185004
3072 1.184836
3073 1.184368
3074 1.184110
3075 1.183850
3076 1.184196
3077 1.183676
3078 1.183368
3079 1.183296
3080 1.183584
3081 1.183100
3082 1.183374
3083 1.183374
3084 1.182874
3085 1.182376
3086 1.182668
3087 1.182652
3088 1.182638
3089 1.182204
3090 1.182612
3091 1.182660
3092 1.183010
3093 1.183202
3094 1.183060
3095 1.183132
3096 1.182658
3097 1.182530
3098 1.182822
3099 1.182932
3100 1.183230
3101 1.183710
3102 1.184084
3103 1.183694
3104 1.183860
3105 1.183628
3106 1.182914
3107 1.183158
3108 1.183184
3109 1.183090
3110 1.183174
3111 1.183452
3112 1.183100
3113 1.183114
3114 1.182980
3115 1.182552
3116 1.182834
3117 1.182974
3118 1.182698
3119 1.182830
3120 1.182662
3121 1.182824
3122 1.182454
3123 1.182730
3124 1.182822
3125 1.183116
3126 1.183420
3127 1.183422
3128 1.184052
3129 1.184312
3130 1.183754
3131 1.184222
3132 1.184006
3133 1.184652
3134 1.184452
3135 1.184752
3136 1.184500
3137 1.184204
3138 1.183968
3139 1.183990
3140 1.183738
3141 1.183878
3142 1.184256
3143 1.184402
3144 1.183740
3145 1.183422
3146 1.183054
3147 1.183090
3148 1.183038
3149 1.182930
3150 1.184008
3151 1.184154
3152 1.184266
3153 1.184392
3154 1.184602
3155 1.184236
3156 1.183982
3157 1.184162
3158 1.184538
3159 1.183818
3160 1.183488
3161 1.183902
3162 1.183826
3163 1.183844
3164 1.183620
3165 1.183876
3166 1.183926
3167 1.183916
3168 1.184454
3169 1.184170
3170 1.184686
3171 1.184390
3172 1.183926
3173 1.183678
3174 1.183916
3175 1.183406
3176 1.183338
3177 1.182770
3178 1.182906
3179 1.182514
3180 1.182474
3181 1.182886
3182 1.182974
3183 1.183312
3184 1.182946
3185 1.182692
3186 1.182854
3187 1.182520
3188 1.182482
3189 1.182162
3190 1.182022
3191 1.182672
3192 1.182526
3193 1.182902
3194 1.183462
3195 1.183594
3196 1.183180
3197 1.183088
3198 1.183436
3199 1.183588
3200 1.183372
3201 1.183186
3202 1.183284
3203 1.183106
3204 1.183108
3205 1.182830
3206 1.183362
3207 1.183252
3208 1.183598
3209 1.183692
3210 1.184116
3211 1.183582
3212 1.183350
3213 1.182806
3214 1.182672
3215 1.182548
3216 1.182094
3217 1.181598
3218 1.181706
3219 1.181676
3220 1.181452
3221 1.181682
3222 1.181586
3223 1.181964
3224 1.181948
3225 1.181568
3226 1.182366
3227 1.182136
3228 1.182456
3229 1.182604
3230 1.182250
3231 1.182064
3232 1.182480
3233 1.182504
3234 1.182694
3235 1.182132
3236 1.182088
3237 1.182206
3238 1.182100
3239 1.181966
3240 1.182184
3241 1.182458
3242 1.182900
3243 1.183328
3244 1.182980
3245 1.182832
3246 1.183232
3247 1.183836
3248 1.183444
3249 1.183302
3250 1.183214
3251 1.183530
3252 1.183326
3253 1.183478
3254 1.183700
3255 1.184522
3256 1.184288
3257 1.184236
3258 1.184336
3259 1.184050
3260 1.183958
3261 1.184254
3262 1.184234
3263 1.183566
3264 1.183122
3265 1.183040
3266 1.183252
3267 1.183010
3268 1.183202
3269 1.182638
3270 1.181724
3271 1.181598
3272 1.181932
3273 1.182228
3274 1.183214
3275 1.183030
3276 1.182660
3277 1.182852
3278 1.182854
3279 1.182508
3280 1.181714
3281 1.182172
3282 1.181848
3283 1.181340
3284 1.181264
3285 1.181462
3286 1.181962
3287 1.181064
3288 1.180700
3289 1.180954
3290 1.180688
3291 1.180474
3292 1.180452
3293 1.180144
3294 1.180006
3295 1.179872
3296 1.179684
3297 1.180064
3298 1.180004
3299 1.180290
3300 1.180932
3301 1.180992
3302 1.181064
3303 1.180580
3304 1.180920
3305 1.181112
3306 1.180500
3307 1.180644
3308 1.180886
3309 1.180718
3310 1.181268
3311 1.181486
3312 1.181938
3313 1.181832
3314 1.182004
3315 1.182110
3316 1.181952
3317 1.181772
3318 1.181630
3319 1.181480
3320 1.181244
3321 1.181058
3322 1.181160
3323 1.181742
3324 1.182376
3325 1.182578
3326 1.181732
3327 1.181654
3328 1.180888
3329 1.180720
3330 1.180830
3331 1.180626
3332 1.180484
3333 1.181052
3334 1.180940
3335 1.181230
3336 1.181274
3337 1.181180
3338 1.180490
3339 1.180462
3340 1.181292
3341 1.181122
3342 1.180870
3343 1.181780
3344 1.181728
3345 1.181970
3346 1.181736
3347 1.181456
3348 1.181420
3349 1.181318
3350 1.181664
3351 1.181670
3352 1.181798
3353 1.182156
3354 1.182312
3355 1.182400
3356 1.182178
3357 1.181984
3358 1.182222
3359 1.181620
3360 1.181228
3361 1.181314
3362 1.180614
3363 1.180634
3364 1.180784
3365 1.180974
3366 1.181264
3367 1.181330
3368 1.181632
3369 1.182176
3370 1.182896
3371 1.182832
3372 1.183498
3373 1.183120
3374 1.182686
3375 1.182398
3376 1.182470
3377 1.182644
3378 1.182480
3379 1.182710
3380 1.182318
3381 1.182784
3382 1.182858
3383 1.182818
3384 1.183344
3385 1.183008
3386 1.182948
3387 1.182466
3388 1.182992
3389 1.183036
3390 1.182570
3391 1.182766
3392 1.182550
3393 1.182880
3394 1.182426
3395 1.182206
3396 1.182228
3397 1.182812
3398 1.183440
3399 1.183546
3400 1.183308
3401 1.183000
3402 1.182908
3403 1.183006
3404 1.182592
3405 1.183036
3406 1.183044
3407 1.182608
3408 1.183086
3409 1.183062
3410 1.183932
3411 1.183214
3412 1.182948
3413 1.183108
3414 1.182998
3415 1.182536
3416 1.182148
3417 1.182026
3418 1.181656
3419 1.181442
3420 1.181610
3421 1.181908
3422 1.181768
3423 1.181550
3424 1.181144
3425 1.181328
3426 1.180928
3427 1.181292
3428 1.180864
3429 1.181396
3430 1.181778
3431 1.181240
3432 1.180828
3433 1.180964
3434 1.180772
3435 1.180638
3436 1.181002
3437 1.180810
3438 1.180520
3439 1.180864
3440 1.181288
3441 1.181512
3442 1.181724
3443 1.181928
3444 1.181930
3445 1.182032
3446 1.181840
3447 1.181400
3448 1.181928
3449 1.181918
3450 1.182164
3451 1.182774
3452 1.182344
3453 1.181912
3454 1.181608
3455 1.181850
3456 1.182374
3457 1.182328
3458 1.181544
3459 1.182082
3460 1.182946
3461 1.182512
3462 1.182574
3463 1.182426
3464 1.182282
3465 1.182924
3466 1.183262
3467 1.183370
3468 1.183532
3469 1.183168
3470 1.183186
3471 1.183324
3472 1.183492
3473 1.183600
3474 1.183400
3475 1.183604
3476 1.183636
3477 1.183200
3478 1.183030
3479 1.182948
3480 1.183322
3481 1.184002
3482 1.184176
3483 1.184806
3484 1.184408
3485 1.184482
3486 1.183932
3487 1.184342
3488 1.184338
3489 1.184330
3490 1.184454
3491 1.184562
3492 1.184414
3493 1.184222
3494 1.183374
3495 1.183700
3496 1.183244
3497 1.183798
3498 1.183894
3499 1.183314
3500 1.183356
3501 1.183482
3502 1.183674
3503 1.183798
3504 1.184074
3505 1.183102
3506 1.183600
3507 1.183490
3508 1.183064
3509 1.183666
3510 1.183858
3511 1.183970
3512 1.183982
3513 1.183554
3514 1.182716
3515 1.182588
3516 1.182624
3517 1.181912
3518 1.181490
3519 1.181944
3520 1.181766
3521 1.181306
3522 1.180578
3523 1.180558
3524 1.180758
3525 1.181214
3526 1.181188
3527 1.182054
3528 1.181792
3529 1.181774
3530 1.181880
3531 1.182148
3532 1.182378
3533 1.181878
3534 1.181820
3535 1.181788
3536 1.181626
3537 1.181784
3538 1.182056
3539 1.181606
3540 1.181510
3541 1.181714
3542 1.181854
3543 1.182452
3544 1.182186
3545 1.182580
3546 1.182022
3547 1.181816
3548 1.181554
3549 1.181750
3550 1.181768
3551 1.181920
3552 1.182122
3553 1.182458
3554 1.183428
3555 1.183708
3556 1.183762
3557 1.183664
3558 1.183996
3559 1.183834
3560 1.183700
3561 1.183484
3562 1.183222
3563 1.183424
3564 1.183290
3565 1.182768
3566 1.182412
3567 1.181854
3568 1.182060
3569 1.181964
3570 1.182038
3571 1.182268
3572 1.182112
3573 1.182112
3574 1.182618
3575 1.182634
3576 1.182688
3577 1.182488
3578 1.182250
3579 1.181990
3580 1.182208
3581 1.182802
3582 1.183290
3583 1.183076
3584 1.182626
3585 1.182396
3586 1.182034
3587 1.182620
3588 1.182518
3589 1.182976
3590 1.182574
3591 1.183066
3592 1.183240
3593 1.183246
3594 1.183740
3595 1.182870
3596 1.182470
3597 1.182420
3598 1.182396
3599 1.181648
3600 1.182516
3601 1.183118
3602 1.183016
3603 1.183178
3604 1.183656
3605 1.183506
3606 1.183384
3607 1.183468
3608 1.182932
3609 1.183050
3610 1.182606
3611 1.182156
3612 1.181898
3613 1.181672
3614 1.181762
3615 1.181254
3616 1.181592
3617 1.181110
3618 1.181408
3619 1.181374
3620 1.181258
3621 1.181366
3622 1.181916
3623 1.181888
3624 1.181958
3625 1.182306
3626 1.181766
3627 1.181658
3628 1.182298
3629 1.181948
3630 1.181900
3631 1.181994
3632 1.182074
3633 1.182148
3634 1.182372
3635 1.182170
3636 1.183074
3637 1.183056
3638 1.182920
3639 1.182936
3640 1.183020
3641 1.183370
3642 1.183798
3643 1.184022
3644 1.183828
3645 1.183862
3646 1.183322
3647 1.183124
3648 1.183246
3649 1.183412
3650 1.182510
3651 1.182536
3652 1.182238
3653 1.182084
3654 1.182348
3655 1.181900
3656 1.182386
3657 1.181812
3658 1.181632
3659 1.181698
3660 1.181900
3661 1.181940
3662 1.181962
3663 1.181590
3664 1.181598
3665 1.181622
3666 1.182210
3667 1.182010
3668 1.182164
3669 1.182164
3670 1.182360
3671 1.182828
3672 1.182332
3673 1.182660
3674 1.182552
3675 1.182880
3676 1.182674
3677 1.183188
3678 1.183630
3679 1.183580
3680 1.184206
3681 1.183708
3682 1.183896
3683 1.183738
3684 1.183812
3685 1.183920
3686 1.183322
3687 1.183048
3688 1.182702
3689 1.183256
3690 1.183142
3691 1.182864
3692 1.182588
3693 1.182578
3694 1.182204
3695 1.182800
3696 1.181822
3697 1.181578
3698 1.181936
3699 1.181740
3700 1.182022
3701 1.182966
3702 1.183496
3703 1.183674
3704 1.184112
3705 1.183644
3706 1.183604
3707 1.183106
3708 1.183340
3709 1.183326
3710 1.183204
3711 1.183528
3712 1.184076
3713 1.183988
3714 1.184558
3715 1.184474
3716 1.183738
3717 1.183722
3718 1.183954
3719 1.184168
3720 1.184232
3721 1.184328
3722 1.184434
3723 1.184588
3724 1.184528
3725 1.184090
3726 1.184242
3727 1.183888
3728 1.183504
3729 1.183286
3730 1.183506
3731 1.182604
3732 1.182340
3733 1.182670
3734 1.182362
3735 1.182458
3736 1.182500
3737 1.182700
3738 1.182812
3739 1.183012
3740 1.182886
3741 1.183804
3742 1.183344
3743 1.183628
3744 1.183824
3745 1.184208
3746 1.184122
3747 1.184380
3748 1.184500
3749 1.184652
3750 1.184364
3751 1.184470
3752 1.184404
3753 1.184678
3754 1.185098
3755 1.184358
3756 1.184836
3757 1.185104
3758 1.184576
3759 1.183508
3760 1.183778
3761 1.184174
3762 1.183630
3763 1.183354
3764 1.183860
3765 1.183540
3766 1.183958
3767 1.184346
3768 1.184606
3769 1.184736
3770 1.184796
3771 1.184834
3772 1.184474
3773 1.183782
3774 1.183460
3775 1.182978
3776 1.182678
3777 1.183268
3778 1.183668
3779 1.184034
3780 1.184074
3781 1.184420
3782 1.184078
3783 1.183918
3784 1.184118
3785 1.183826
3786 1.183190
3787 1.182948
3788 1.183446
3789 1.183770
3790 1.183476
3791 1.183470
3792 1.183078
3793 1.183006
3794 1.182750
3795 1.183058
3796 1.183114
3797 1.183842
3798 1.183264
3799 1.183256
3800 1.182920
3801 1.182600
3802 1.182378
3803 1.182244
3804 1.182660
3805 1.182724
3806 1.183234
3807 1.182884
3808 1.182312
3809 1.182632
3810 1.182652
3811 1.182874
3812 1.182480
3813 1.182840
3814 1.183266
3815 1.183444
3816 1.182880
3817 1.182816
3818 1.183144
3819 1.182586
3820 1.181938
3821 1.181774
3822 1.181962
3823 1.182084
3824 1.182200
3825 1.182536
3826 1.182560
3827 1.183066
3828 1.182920
3829 1.183006
3830 1.182992
3831 1.182654
3832 1.183188
3833 1.182932
3834 1.182868
3835 1.182772
3836 1.183564
3837 1.182870
3838 1.182490
3839 1.182470
3840 1.183006
3841 1.182726
3842 1.182538
3843 1.182970
3844 1.183104
3845 1.183326
3846 1.182548
3847 1.182614
3848 1.182392
3849 1.182188
3850 1.182546
3851 1.182464
3852 1.182840
3853 1.182896
3854 1.183514
3855 1.183658
3856 1.183894
3857 1.183934
3858 1.184234
3859 1.183958
3860 1.183622
3861 1.183888
3862 1.184140
3863 1.184148
3864 1.183666
3865 1.183402
3866 1.183334
3867 1.183812
3868 1.183492
3869 1.183522
3870 1.183252
3871 1.183076
3872 1.183052
3873 1.182690
3874 1.182682
3875 1.182904
3876 1.182524
3877 1.183456
3878 1.183768
3879 1.182528
3880 1.181964
3881 1.182254
3882 1.182284
3883 1.182318
3884 1.182454
3885 1.182388
3886 1.182300
3887 1.182174
3888 1.181828
3889 1.182104
3890 1.182462
3891 1.182340
3892 1.182530
3893 1.182294
3894 1.182390
3895 1.182600
3896 1.182884
3897 1.182780
3898 1.182748
3899 1.182318
3900 1.182418
3901 1.182606


Active cycles: 2400
k_mean: 1.182775
k_stddev(cycle): 0.001202
k_stderr(mean): 0.000025
