1 1.183810
2 1.383258
3 1.579171
4 1.772541
5 1.963444
6 2.151414
7 2.335553
8 2.515209
9 2.689458
10 2.857621
11 3.019020
12 3.173645
13 3.321098
14 3.461459
15 3.594836
16 3.721584
17 3.841551
18 3.954921
19 4.062081
20 4.163352
21 4.259067
22 4.349695
23 4.435203
24 4.515934
25 4.592369
26 4.664755
27 4.733185
28 4.798104
29 4.859739
30 4.918228
31 4.973840
32 5.026903
33 5.077467
34 5.125689
35 5.171673
36 5.215735
37 5.257833
38 5.298112
39 5.336716
40 5.373749
41 5.409435
42 5.443817
43 5.476977
44 5.508943
45 5.539801
46 5.569607
47 5.598431
48 5.626318
49 5.653318
50 5.679498
51 5.704932
52 5.729646
53 5.753634
54 5.776933
55 5.799626
56 5.821754
57 5.843331
58 5.864365
59 5.884900
60 5.904924
61 5.924445
62 5.943482
63 5.962095
64 5.980292
65 5.998090
66 6.015496
67 6.032566
68 6.049305
69 6.065679
70 6.081725
71 6.097454
72 6.112891
73 6.128012
74 6.142834
75 6.157350
76 6.171587
77 6.185557
78 6.199265
79 6.212721
80 6.225904
81 6.238827
82 6.251528
83 6.264000
84 6.276286
85 6.288360
86 6.300227
87 6.311886
88 6.323335
89 6.334592
90 6.345648
91 6.356517
92 6.367212
93 6.377701
94 6.388003
95 6.398124
96 6.408065
97 6.417835
98 6.427434
99 6.436870
100 6.446138
101 6.455253
102 6.464215
103 6.473011
104 6.481681
105 6.490209
106 6.498610
107 6.506874
108 6.515000
109 6.523001
110 6.530866
111 6.538595
112 6.546191
113 6.553658
114 6.560998
115 6.568216
116 6.575313
117 6.582294
118 6.589157
119 6.595918
120 6.602568
121 6.609107
122 6.615542
123 6.621878
124 6.628111
125 6.634238
126 6.640266
127 6.646202
128 6.652041
129 6.657787
130 6.663444
131 6.669011
132 6.674495
133 6.679887
134 6.685186
135 6.690408
136 6.695544
137 6.700598
138 6.705571
139 6.710462
140 6.715272
141 6.720005
142 6.724666
143 6.729251
144 6.733764
145 6.738202
146 6.742572
147 6.746871
148 6.751102
149 6.755268
150 6.759369
151 6.763407
152 6.767382
153 6.771297
154 6.775150
155 6.778942
156 6.782675
157 6.786356
158 6.789978
159 6.793540
160 6.797044
161 6.800494
162 6.803891
163 6.807234
164 6.810526
165 6.813765
166 6.816954
167 6.820095
168 6.823187
169 6.826233
170 6.829232
171 6.832194
172 6.835105
173 6.837970
174 6.840792
175 6.843580
176 6.846323
177 6.849027
178 6.851691
179 6.854312
180 6.856894
181 6.859436
182 6.861939
183 6.864404
184 6.866830
185 6.869221
186 6.871588
187 6.873918
188 6.876212
189 6.878472
190 6.880696
191 6.882888
192 6.885047
193 6.887172
194 6.889252
195 6.891298
196 6.893313
197 6.895296
198 6.897250
199 6.899174
200 6.901068
201 6.902933
202 6.904770
203 6.906579
204 6.908360
205 6.910114
206 6.911842
207 6.913542
208 6.915216
209 6.916864
210 6.918484
211 6.920079
212 6.921651
213 6.923208
214 6.924742
215 6.926252
216 6.927750
217 6.929224
218 6.930674
219 6.932102
220 6.933507
221 6.934890
222 6.936252
223 6.937594
224 6.938916
225 6.940218
226 6.941500
227 6.942763
228 6.944007
229 6.945231
230 6.946438
231 6.947627
232 6.948798
233 6.949952
234 6.951088
235 6.952206
236 6.953307
237 6.954393
238 6.955461
239 6.956513
240 6.957550
241 6.958571
242 6.959577
243 6.960568
244 6.961545
245 6.962507
246 6.963455
247 6.964389
248 6.965309
249 6.966214
250 6.967106
251 6.967983
252 6.968848
253 6.969700
254 6.970538
255 6.971363
256 6.972174
257 6.972973
258 6.973761
259 6.974536
260 6.975301
261 6.976054
262 6.976796
263 6.977527
264 6.978247
265 6.978956
266 6.979656
267 6.980344
268 6.981022
269 6.981691
270 6.982349
271 6.982997
272 6.983635
273 6.984264
274 6.984883
275 6.985493
276 6.986095
277 6.986687
278 6.987270
279 6.987844
280 6.988409
281 6.988966
282 6.989514
283 6.990054
284 6.990586
285 6.991110
286 6.991625
287 6.992133
288 6.992645
289 6.993149
290 6.993646
291 6.994135
292 6.994617
293 6.995092
294 6.995559
295 6.996020
296 6.996472
297 6.996916
298 6.997353
299 6.997784
300 6.998207
301 6.998621
302 6.999028
303 6.999430
304 6.999825
305 7.000214
306 7.000609
307 7.000998
308 7.001381
309 7.001758
310 7.002128
311 7.002492
312 7.002850
313 7.003203
314 7.003552
315 7.003895
316 7.004233
317 7.004566
318 7.004895
319 7.005219
320 7.005537
321 7.005852
322 7.006161
323 7.006467
324 7.006767
325 7.007064
326 7.007355
327 7.007642
328 7.007924
329 7.008202
330 7.008476
331 7.008745
332 7.009011
333 7.009273
334 7.009531
335 7.009786
336 7.010037
337 7.010284
338 7.010528
339 7.010768
340 7.011000
341 7.011228
342 7.011452
343 7.011672
344 7.011888
345 7.012101
346 7.012311
347 7.012518
348 7.012721
349 7.012922
350 7.013120
351 7.013314
352 7.013506
353 7.013694
354 7.013879
355 7.014062
356 7.014242
357 7.014419
358 7.014594
359 7.014766
360 7.014935
361 7.015102
362 7.015267
363 7.015429
364 7.015588
365 7.015746
366 7.015901
367 7.016053
368 7.016203
369 7.016351
370 7.016496
371 7.016640
372 7.016781
373 7.016919
374 7.017056
375 7.017191
376 7.017324
377 7.017455
378 7.017583
379 7.017710
380 7.017835
381 7.017958
382 7.018080
383 7.018199
384 7.018316
385 7.018432
386 7.018545
387 7.018657
388 7.018767
389 7.018876
390 7.018983
391 7.019088
392 7.019192
393 7.019294
394 7.019395
395 7.019494
396 7.019591
397 7.019687
398 7.019782
399 7.019875
400 7.019966
401 7.020056
402 7.020145
403 7.020233
404 7.020319
405 7.020404
406 7.020488
407 7.020570
408 7.020652
409 7.020732
410 7.020811
411 7.020889
412 7.020965
413 7.021041
414 7.021115
415 7.021188
416 7.021260
417 7.021332
418 7.021402
419 7.021471
420 7.021539
421 7.021605
422 7.021671
423 7.021736
424 7.021800
425 7.021863
426 7.021925
427 7.021986
428 7.022046
429 7.022105
430 7.022164
431 7.022221
432 7.022278
433 7.022333
434 7.022388
435 7.022442
436 7.022496
437 7.022548
438 7.022600
439 7.022651
440 7.022701
441 7.022750
442 7.022799
443 7.022847
444 7.022894
445 7.022941
446 7.022986
447 7.023031
448 7.023076
449 7.023120
450 7.023163
451 7.023205
452 7.023247
453 7.023288
454 7.023328
455 7.023368
456 7.023407
457 7.023446
458 7.023484
459 7.023522
460 7.023559
461 7.023595
462 7.023631
463 7.023666
464 7.023701
465 7.023735
466 7.023769
467 7.023802
468 7.023835
469 7.023867
470 7.023899
471 7.023930
472 7.023961
473 7.023991
474 7.024021
475 7.024051
476 7.024080
477 7.024108
478 7.024136
479 7.024164
480 7.024191
481 7.024218
482 7.024244
483 7.024270
484 7.024296
485 7.024321
486 7.024346
487 7.024370
488 7.024395
489 7.024418
490 7.024442
491 7.024465
492 7.024487
493 7.024510
494 7.024532
495 7.024553
496 7.024574
497 7.024595
498 7.024616
499 7.024636
500 7.024656
501 7.024676
502 7.024696
503 7.024715
504 7.024734
505 7.024752
506 7.024771
507 7.024789
508 7.024807
509 7.024824
510 7.024841
511 7.024858
512 7.024875
513 7.024891
514 7.024908
515 7.024924
516 7.024939
517 7.024955
518 7.024970
519 7.024985
520 7.025000
521 7.025015
522 7.025029
523 7.025043
524 7.025057
525 7.025071
526 7.025085
527 7.025098
528 7.025111
529 7.025124
530 7.025137
531 7.025150
532 7.025162
533 7.025174
534 7.025186
535 7.025198
536 7.025210
537 7.025221
538 7.025233
539 7.025244
540 7.025255
541 7.025266
542 7.025276
543 7.025287
544 7.025297
545 7.025307
546 7.025317
547 7.025327
548 7.025337
549 7.025347
550 7.025356
551 7.025365
552 7.025375
553 7.025384
554 7.025393
555 7.025401
556 7.025410
557 7.025418
558 7.025427
559 7.025435
560 7.025443
561 7.025451
562 7.025459
563 7.025467
564 7.025475
565 7.025482
566 7.025490
567 7.025497
568 7.025504
569 7.025512
570 7.025519
571 7.025525
572 7.025532
573 7.025539
574 7.025546
575 7.025552
576 7.025559
577 7.025565
578 7.025571
579 7.025577
580 7.025583
581 7.025589
582 7.025595
583 7.025601
584 7.025607
585 7.025612
586 7.025618
587 7.025623
588 7.025628
589 7.025634
590 7.025639
591 7.025644
592 7.025649
593 7.025654
594 7.025659
595 7.025664
596 7.025668
597 7.025673
598 7.025678
599 7.025682
600 7.025687
601 7.025691
602 7.025695
603 7.025700
604 7.025704
605 7.025708
606 7.025712
607 7.025716
608 7.025720
609 7.025724
610 7.025728
611 7.025731
612 7.025735
