1 0.989512
2 0.984428
3 0.982652
4 0.982654
5 0.983294
6 0.983234
7 0.982944
8 0.982566
9 0.981554
10 0.980302
11 0.979386
12 0.978474
13 0.977540
14 0.975876
15 0.975088
16 0.974634
17 0.973340
18 0.973432
19 0.973542
20 0.973338
21 0.973462
22 0.973766
23 0.974550
24 0.974864
25 0.975288
26 0.975886
27 0.976812
28 0.977756
29 0.978622
30 0.979568
31 0.980650
32 0.981552
33 0.982858
34 0.983478
35 0.985140
36 0.985730
37 0.987112
38 0.989012
39 0.989932
40 0.991828
41 0.993038
42 0.995004
43 0.996312
44 0.997398
45 0.998820
46 1.000362
47 1.001632
48 1.003246
49 1.005004
50 1.006698
51 1.009032
52 1.011572
53 1.013150
54 1.015090
55 1.017350
56 1.018898
57 1.020316
58 1.022386
59 1.024578
60 1.025790
61 1.027362
62 1.030046
63 1.032078
64 1.034136
65 1.035454
66 1.037152
67 1.039390
68 1.041798
69 1.043100
70 1.044972
71 1.046708
72 1.048122
73 1.049370
74 1.051030
75 1.053080
76 1.054850
77 1.056886
78 1.058248
79 1.060242
80 1.061730
81 1.063542
82 1.064856
83 1.066416
84 1.068026
85 1.070026
86 1.071630
87 1.073220
88 1.075348
89 1.076620
90 1.077668
91 1.078442
92 1.080014
93 1.081586
94 1.083182
95 1.084164
96 1.085056
97 1.086108
98 1.086910
99 1.088316
100 1.089888
101 1.091422
102 1.093090
103 1.094252
104 1.095722
105 1.097390
106 1.098640
107 1.099754
108 1.100354
109 1.101342
110 1.102084
111 1.103496
112 1.104920
113 1.106312
114 1.108006
115 1.108724
116 1.109674
117 1.111212
118 1.112320
119 1.113314
120 1.114508
121 1.115310
122 1.115502
123 1.116218
124 1.117120
125 1.118288
126 1.119978
127 1.120610
128 1.121092
129 1.122676
130 1.123360
131 1.124376
132 1.125036
133 1.125500
134 1.126102
135 1.126344
136 1.126212
137 1.127078
138 1.128368
139 1.128496
140 1.129444
141 1.130352
142 1.131470
143 1.132512
144 1.133068
145 1.134092
146 1.134988
147 1.135626
148 1.136348
149 1.137090
150 1.137742
151 1.138456
152 1.138936
153 1.139218
154 1.139470
155 1.140392
156 1.141086
157 1.141626
158 1.142896
159 1.143074
160 1.143854
161 1.144580
162 1.145216
163 1.145562
164 1.145894
165 1.146254
166 1.146562
167 1.147116
168 1.147920
169 1.148114
170 1.148464
171 1.148644
172 1.149204
173 1.148856
174 1.148568
175 1.149512
176 1.149540
177 1.149276
178 1.149928
179 1.150312
180 1.150554
181 1.150958
182 1.151038
183 1.151956
184 1.152072
185 1.152292
186 1.152692
187 1.153384
188 1.153298
189 1.153786
190 1.154468
191 1.154794
192 1.154916
193 1.155022
194 1.155296
195 1.155736
196 1.156026
197 1.156698
198 1.156936
199 1.157638
200 1.157604
201 1.158048
202 1.158390
203 1.158594
204 1.158184
205 1.158316
206 1.158522
207 1.159132
208 1.159026
209 1.159058
210 1.160062
211 1.160670
212 1.160912
213 1.160674
214 1.161082
215 1.161208
216 1.161300
217 1.161562
218 1.161928
219 1.162874
220 1.163328
221 1.162818
222 1.162582
223 1.162382
224 1.162572
225 1.162452
226 1.162792
227 1.162826
228 1.162806
229 1.162422
230 1.162794
231 1.162614
232 1.163058
233 1.163710
234 1.163844
235 1.164004
236 1.163844
237 1.164408
238 1.164840
239 1.164876
240 1.165160
241 1.165728
242 1.165454
243 1.165444
244 1.165726
245 1.166068
246 1.166620
247 1.167416
248 1.168202
249 1.168426
250 1.168216
251 1.168056
252 1.167754
253 1.167774
254 1.168108
255 1.168630
256 1.168900
257 1.169708
258 1.169428
259 1.169176
260 1.169700
261 1.169714
262 1.170582
263 1.170940
264 1.171184
265 1.171868
266 1.172282
267 1.172620
268 1.172442
269 1.172490
270 1.172304
271 1.172236
272 1.172246
273 1.172854
274 1.173030
275 1.172686
276 1.172884
277 1.172690
278 1.172692
279 1.172724
280 1.172946
281 1.173462
282 1.173922
283 1.173178
284 1.173078
285 1.173018
286 1.173328
287 1.173748
288 1.173764
289 1.173578
290 1.173176
291 1.173670
292 1.172802
293 1.173140
294 1.172756
295 1.172900
296 1.172794
297 1.173046
298 1.172594
299 1.173288
300 1.173344
301 1.173554
302 1.173274
303 1.173346
304 1.173686
305 1.174478
306 1.174432
307 1.173674
308 1.173288
309 1.172882
310 1.172852
311 1.173000
312 1.172754
313 1.172900
314 1.172624
315 1.173054
316 1.172166
317 1.172154
318 1.171968
319 1.172248
320 1.172932
321 1.172726
322 1.172900
323 1.173060
324 1.173252
325 1.173802
326 1.174222
327 1.174550
328 1.174800
329 1.174802
330 1.174678
331 1.174710
332 1.174810
333 1.174678
334 1.174010
335 1.174022
336 1.173798
337 1.173840
338 1.173708
339 1.173472
340 1.173244
341 1.172992
342 1.173366
343 1.174362
344 1.174484
345 1.174612
346 1.174610
347 1.174660
348 1.175032
349 1.175062
350 1.175418
351 1.175384
352 1.175096
353 1.174986
354 1.175472
355 1.175190
356 1.175442
357 1.175490
358 1.175480
359 1.175334
360 1.175172
361 1.175550
362 1.175210
363 1.175560
364 1.175802
365 1.175858
366 1.176540
367 1.176852
368 1.177362
369 1.176734
370 1.176150
371 1.176202
372 1.176896
373 1.176830
374 1.177062
375 1.177284
376 1.177118
377 1.176884
378 1.177004
379 1.177154
380 1.177192
381 1.177398
382 1.177320
383 1.177378
384 1.177318
385 1.177288
386 1.177518
387 1.177054
388 1.177502
389 1.177338
390 1.177100
391 1.177034
392 1.177268
393 1.177620
394 1.177894
395 1.177318
396 1.177640
397 1.177350
398 1.176896
399 1.176694
400 1.177124
401 1.177304
402 1.177526
403 1.178254
404 1.178518
405 1.178928
406 1.179160
407 1.179194
408 1.178976
409 1.179374
410 1.179640
411 1.179872
412 1.179988
413 1.179806
414 1.179690
415 1.179730
416 1.179592
417 1.179104
418 1.179772
419 1.179478
420 1.179968
421 1.180256
422 1.180312
423 1.180010
424 1.179796
425 1.180072
426 1.179936
427 1.179674
428 1.179992
429 1.179808
430 1.179590
431 1.179806
432 1.179560
433 1.179180
434 1.179236
435 1.179278
436 1.179572
437 1.180056
438 1.180052
439 1.179904
440 1.180238
441 1.181008
442 1.181014
443 1.179960
444 1.179866
445 1.180190
446 1.180452
447 1.179870
448 1.179718
449 1.179946
450 1.179838
451 1.179482
452 1.179270
453 1.179654
454 1.179612
455 1.179994
456 1.180380
457 1.180244
458 1.179708
459 1.180094
460 1.179888
461 1.179852
462 1.180098
463 1.179480
464 1.179198
465 1.179122
466 1.179812
467 1.180140
468 1.180172
469 1.179562
470 1.180116
471 1.180444
472 1.179508
473 1.179992
474 1.179888
475 1.179446
476 1.179632
477 1.179430
478 1.179510
479 1.179908
480 1.179606
481 1.178862
482 1.178762
483 1.178296
484 1.178328
485 1.178674
486 1.178716
487 1.178816
488 1.178686
489 1.179092
490 1.178634
491 1.178092
492 1.177942
493 1.178170
494 1.178428
495 1.178334
496 1.178176
497 1.178300
498 1.178570
499 1.178250
500 1.178666
501 1.179176
502 1.179552
503 1.179216
504 1.179192
505 1.178522
506 1.178678
507 1.178884
508 1.178764
509 1.178634
510 1.178952
511 1.179058
512 1.178712
513 1.178762
514 1.178832
515 1.178786
516 1.178770
517 1.178920
518 1.178642
519 1.178792
520 1.178872
521 1.178504
522 1.178254
523 1.179006
524 1.178670
525 1.178956
526 1.179036
527 1.179514
528 1.179750
529 1.180274
530 1.179696
531 1.179968
532 1.180114
533 1.180100
534 1.179320
535 1.179514
536 1.179924
537 1.179868
538 1.179400
539 1.179408
540 1.179768
541 1.179418
542 1.179470
543 1.179180
544 1.179260
545 1.179302
546 1.179354
547 1.178672
548 1.178574
549 1.178780
550 1.179738
551 1.180188
552 1.180236
553 1.180264
554 1.180712
555 1.181488
556 1.181070
557 1.181244
558 1.180784
559 1.180772
560 1.180940
561 1.181030
562 1.180886
563 1.181012
564 1.181088
565 1.181834
566 1.181454
567 1.180724
568 1.181100
569 1.181180
570 1.180704
571 1.181114
572 1.180916
573 1.181210
574 1.180756
575 1.180820
576 1.180950
577 1.180688
578 1.179618
579 1.179812
580 1.179224
581 1.179864
582 1.180576
583 1.181260
584 1.180820
585 1.181096
586 1.180792
587 1.180886
588 1.181636
589 1.181860
590 1.181274
591 1.180700
592 1.180372
593 1.180440
594 1.180488
595 1.180512
596 1.179624
597 1.179568
598 1.179152
599 1.179124
600 1.178776
601 1.179044
602 1.179868
603 1.180122
604 1.180366
605 1.180878
606 1.181274
607 1.181344
608 1.181014
609 1.180482
610 1.180024
611 1.179848
612 1.179868
613 1.180214
614 1.180422
615 1.180662
616 1.180310
617 1.180626
618 1.179922
619 1.179120
620 1.179826
621 1.180258
622 1.180566
623 1.180088
624 1.179798
625 1.180270
626 1.180354
627 1.180110
628 1.180180
629 1.179710
630 1.179738
631 1.179508
632 1.179254
633 1.178606
634 1.179216
635 1.179264
636 1.179566
637 1.179434
638 1.179532
639 1.179884
640 1.179556
641 1.179270
642 1.178846
643 1.178844
644 1.178958
645 1.179120
646 1.178858
647 1.179182
648 1.178378
649 1.178358
650 1.178530
651 1.178206
652 1.178018
653 1.177974
654 1.178336
655 1.178120
656 1.178360
657 1.177972
658 1.178260
659 1.178384
660 1.179088
661 1.178702
662 1.178914
663 1.179736
664 1.179610
665 1.179772
666 1.179370
667 1.179168
668 1.180084
669 1.179926
670 1.180186
671 1.179884
672 1.180320
673 1.180314
674 1.180892
675 1.180874
676 1.180432
677 1.180006
678 1.180106
679 1.179546
680 1.179784
681 1.180226
682 1.179972
683 1.180684
684 1.180236
685 1.180304
686 1.180424
687 1.180540
688 1.180656
689 1.180800
690 1.181060
691 1.181442
692 1.180956
693 1.180848
694 1.180682
695 1.180550
696 1.180300
697 1.180526
698 1.180236
699 1.179730
700 1.179940
701 1.180660
702 1.181122
703 1.180512
704 1.180618
705 1.180604
706 1.180908
707 1.181104
708 1.180714
709 1.181178
710 1.181488
711 1.181568
712 1.181666
713 1.181814
714 1.182048
715 1.182612
716 1.182986
717 1.181884
718 1.181528
719 1.181604
720 1.181380
721 1.181220
722 1.181196
723 1.180644
724 1.180442
725 1.180234
726 1.180332
727 1.180034
728 1.180658
729 1.180884
730 1.181144
731 1.181382
732 1.181490
733 1.181474
734 1.181318
735 1.180892
736 1.181388
737 1.181516
738 1.181580
739 1.181682
740 1.181690
741 1.181588
742 1.181448
743 1.181814
744 1.182286
745 1.182248
746 1.182686
747 1.182496
748 1.181966
749 1.181784
750 1.181826
751 1.182282
752 1.182192
753 1.181806
754 1.180986
755 1.180812
756 1.180728
757 1.180474
758 1.181028
759 1.181138
760 1.181094
761 1.180946
762 1.181356
763 1.181374
764 1.180984
765 1.180512
766 1.181068
767 1.181142
768 1.180698
769 1.180586
770 1.180090
771 1.179486
772 1.179344
773 1.179608
774 1.179742
775 1.179568
776 1.178908
777 1.178998
778 1.179612
779 1.180532
780 1.180684
781 1.180980
782 1.181382
783 1.181454
784 1.181824
785 1.182158
786 1.181794
787 1.181762
788 1.181828
789 1.181850
790 1.181302
791 1.181456
792 1.181558
793 1.181446
794 1.181278
795 1.181436
796 1.181856
797 1.181772
798 1.181702
799 1.181862
800 1.181996
801 1.181984
802 1.181856
803 1.181966
804 1.181704
805 1.181232
806 1.181318
807 1.182418
808 1.182522
809 1.182190
810 1.181774
811 1.182166
812 1.181906
813 1.181268
814 1.181400
815 1.181672
816 1.182126
817 1.181946
818 1.182022
819 1.181778
820 1.181916
821 1.181850
822 1.182118
823 1.182258
824 1.182604
825 1.182706
826 1.182722
827 1.182976
828 1.182622
829 1.182252
830 1.182344
831 1.181914
832 1.181294
833 1.180882
834 1.181176
835 1.181644
836 1.181940
837 1.181774
838 1.181508
839 1.181640
840 1.181488
841 1.181686
842 1.181672
843 1.182060
844 1.182206
845 1.181946
846 1.181944
847 1.181364
848 1.181516
849 1.182290
850 1.182038
851 1.181742
852 1.181856
853 1.181974
854 1.181582
855 1.181896
856 1.182046
857 1.182522
858 1.182032
859 1.182474
860 1.182244
861 1.181712
862 1.182048
863 1.181804
864 1.182386
865 1.182318
866 1.181846
867 1.182116
868 1.181526
869 1.181232
870 1.180616
871 1.180352
872 1.180132
873 1.180030
874 1.180008
875 1.180956
876 1.181016
877 1.181016
878 1.181512
879 1.181460
880 1.180722
881 1.179936
882 1.179856
883 1.179908
884 1.179740
885 1.179864
886 1.180150
887 1.180216
888 1.180214
889 1.179768
890 1.179600
891 1.179530
892 1.179100
893 1.179030
894 1.179098
895 1.179036
896 1.179138
897 1.178976
898 1.178416
899 1.178940
900 1.179150
901 1.179504
902 1.180466
903 1.180258
904 1.180304
905 1.180708
906 1.180974
907 1.181140
908 1.180446
909 1.180578
910 1.181096
911 1.180936
912 1.181322
913 1.181550
914 1.181464
915 1.181492
916 1.180786
917 1.180400
918 1.180068
919 1.180020
920 1.180116
921 1.179556
922 1.179704
923 1.180006
924 1.179598
925 1.180142
926 1.180642
927 1.180660
928 1.180380
929 1.180544
930 1.179984
931 1.179866
932 1.179972
933 1.180026
934 1.180646
935 1.180296
936 1.180020
937 1.180268
938 1.180868
939 1.180428
940 1.180410
941 1.180666
942 1.180238
943 1.179932
944 1.180360
945 1.180906
946 1.181278
947 1.181246
948 1.181528
949 1.182144
950 1.181876
951 1.181666
952 1.182118
953 1.182094
954 1.182386
955 1.182374
956 1.182892
957 1.182682
958 1.182722
959 1.182608
960 1.182124
961 1.182034
962 1.182016
963 1.181684
964 1.182098
965 1.182102
966 1.181990
967 1.182316
968 1.182006
969 1.181860
970 1.181500
971 1.181208
972 1.181644
973 1.181308
974 1.182290
975 1.182486
976 1.182256
977 1.182738
978 1.182118
979 1.181876
980 1.181794
981 1.181620
982 1.181568
983 1.181406
984 1.181656
985 1.182084
986 1.182556
987 1.182552
988 1.182368
989 1.182422
990 1.182900
991 1.182736
992 1.182800
993 1.182544
994 1.182820
995 1.182972
996 1.182860
997 1.182692
998 1.182204
999 1.182302
1000 1.182142
1001 1.181866
1002 1.181668
1003 1.182018
1004 1.182300
1005 1.182074
1006 1.181720
1007 1.181864
1008 1.181736
1009 1.181698
1010 1.181216
1011 1.181518
1012 1.182036
1013 1.181240
1014 1.181466
1015 1.181872
1016 1.182300
1017 1.182106
1018 1.182600
1019 1.182378
1020 1.182272
1021 1.181914
1022 1.182430
1023 1.182100
1024 1.182154
1025 1.181416
1026 1.181058
1027 1.181042
1028 1.181392
1029 1.181322
1030 1.181304
1031 1.181478
1032 1.181054
1033 1.181058
1034 1.181248
1035 1.182266
1036 1.182176
1037 1.182404
1038 1.181822
1039 1.182012
1040 1.182008
1041 1.182206
1042 1.182534
1043 1.182394
1044 1.182256
1045 1.182440
1046 1.182102
1047 1.182354
1048 1.182672
1049 1.182174
1050 1.182418
1051 1.182246
1052 1.182376
1053 1.182102
1054 1.182282
1055 1.182188
1056 1.182154
1057 1.182656
1058 1.182724
1059 1.182842
1060 1.183308
1061 1.184028
1062 1.183778
1063 1.183890
1064 1.183290
1065 1.183278
1066 1.183262
1067 1.184238
1068 1.184638
1069 1.184338
1070 1.185120
1071 1.184928
1072 1.184536
1073 1.184510
1074 1.184148
1075 1.184294
1076 1.184392
1077 1.184586
1078 1.184036
1079 1.184130
1080 1.184496
1081 1.184590
1082 1.184490
1083 1.184862
1084 1.184630
1085 1.185124
1086 1.185160
1087 1.185404
1088 1.185264
1089 1.185420
1090 1.185216
1091 1.184634
1092 1.184666
1093 1.184352
1094 1.184702
1095 1.185208
1096 1.185372
1097 1.185008
1098 1.184864
1099 1.185278
1100 1.185296
1101 1.185224
1102 1.184896
1103 1.184494
1104 1.184232
1105 1.184190
1106 1.183748
1107 1.183808
1108 1.183652
1109 1.183856
1110 1.184012
1111 1.183438
1112 1.183516
1113 1.183452
1114 1.183596
1115 1.184450
1116 1.184336
1117 1.184222
1118 1.184978
1119 1.185682
1120 1.185108
1121 1.185258
1122 1.184748
1123 1.184292
1124 1.183432
1125 1.183444
1126 1.183426
1127 1.183032
1128 1.183356
1129 1.183380
1130 1.183402
1131 1.183716
1132 1.183868
1133 1.183424
1134 1.183434
1135 1.183378
1136 1.182518
1137 1.182800
1138 1.183190
1139 1.182808
1140 1.182324
1141 1.182788
1142 1.183018
1143 1.182994
1144 1.182946
1145 1.182464
1146 1.182102
1147 1.181812
1148 1.181728
1149 1.182212
1150 1.182350
1151 1.182370
1152 1.181952
1153 1.182018
1154 1.182762
1155 1.182472
1156 1.181556
1157 1.181872
1158 1.182014
1159 1.181106
1160 1.180750
1161 1.180772
1162 1.180976
1163 1.180836
1164 1.180078
1165 1.180560
1166 1.180680
1167 1.179786
1168 1.179348
1169 1.179138
1170 1.178792
1171 1.179330
1172 1.179702
1173 1.180212
1174 1.180410
1175 1.179784
1176 1.179388
1177 1.179256
1178 1.179148
1179 1.179398
1180 1.179552
1181 1.180148
1182 1.179828
1183 1.179914
1184 1.180216
1185 1.180330
1186 1.181068
1187 1.180488
1188 1.181206
1189 1.181254
1190 1.181698
1191 1.181644
1192 1.181676
1193 1.181592
1194 1.182008
1195 1.181752
1196 1.181738
1197 1.181758
1198 1.181808
1199 1.182122
1200 1.181356
1201 1.181784
1202 1.181936
1203 1.181652
1204 1.181780
1205 1.181554
1206 1.180906
1207 1.180332
1208 1.180682
1209 1.179740
1210 1.180460
1211 1.180492
1212 1.180774
1213 1.180868
1214 1.180968
1215 1.181738
1216 1.181776
1217 1.181962
1218 1.181252
1219 1.180288
1220 1.180164
1221 1.180606
1222 1.181322
1223 1.181626
1224 1.182170
1225 1.182042
1226 1.182064
1227 1.182126
1228 1.182430
1229 1.182280
1230 1.182462
1231 1.182114
1232 1.181844
1233 1.182142
1234 1.182266
1235 1.181988
1236 1.182258
1237 1.183062
1238 1.183124
1239 1.182916
1240 1.183448
1241 1.182882
1242 1.182978
1243 1.183138
1244 1.183472
1245 1.183794
1246 1.183822
1247 1.184180
1248 1.184176
1249 1.183570
1250 1.183262
1251 1.183648
1252 1.184054
1253 1.183798
1254 1.183686
1255 1.184062
1256 1.184650
1257 1.184532
1258 1.184222
1259 1.184662
1260 1.184564
1261 1.184500
1262 1.184666
1263 1.184618
1264 1.184084
1265 1.184402
1266 1.184056
1267 1.183450
1268 1.182604
1269 1.182426
1270 1.182170
1271 1.183056
1272 1.182372
1273 1.182262
1274 1.181660
1275 1.181624
1276 1.181408
1277 1.181734
1278 1.181806
1279 1.182236
1280 1.182124
1281 1.181812
1282 1.181990
1283 1.182104
1284 1.181726
1285 1.181496
1286 1.181152
1287 1.181846
1288 1.181660
1289 1.181896
1290 1.181554
1291 1.181650
1292 1.181822
1293 1.181990
1294 1.182314
1295 1.182538
1296 1.182522
1297 1.182852
1298 1.182370
1299 1.182704
1300 1.182462
1301 1.182282
1302 1.182588
1303 1.183014
1304 1.183004
1305 1.182480
1306 1.181466
1307 1.181698
1308 1.181622
1309 1.182344
1310 1.182554
1311 1.182422
1312 1.182626
1313 1.182518
1314 1.182136
1315 1.182350
1316 1.182544
1317 1.182966
1318 1.182652
1319 1.182802
1320 1.183222
1321 1.182960
1322 1.182790
1323 1.183678
1324 1.183372
1325 1.183394
1326 1.182972
1327 1.182736
1328 1.182252
1329 1.182632
1330 1.182098
1331 1.181704
1332 1.181924
1333 1.182142
1334 1.182178
1335 1.182070
1336 1.181662
1337 1.182342
1338 1.182346
1339 1.182402
1340 1.182022
1341 1.181918
1342 1.181846
1343 1.181272
1344 1.180846
1345 1.181280
1346 1.180848
1347 1.180436
1348 1.180818
1349 1.180824
1350 1.180390
1351 1.180864
1352 1.181000
1353 1.180792
1354 1.180974
1355 1.181274
1356 1.181660
1357 1.182190
1358 1.182668
1359 1.182426
1360 1.182362
1361 1.182816
1362 1.182912
1363 1.182430
1364 1.182462
1365 1.182540
1366 1.182136
1367 1.181862
1368 1.181840
1369 1.181926
1370 1.181526
1371 1.181258
1372 1.181498
1373 1.181390
1374 1.181736
1375 1.181836
1376 1.182172
1377 1.182458
1378 1.182352
1379 1.182404
1380 1.182694
1381 1.182710
1382 1.182654
1383 1.182592
1384 1.182630
1385 1.182774
1386 1.182518
1387 1.182662
1388 1.182366
1389 1.182446
1390 1.182044
1391 1.181862
1392 1.182234
1393 1.182184
1394 1.181966
1395 1.182136
1396 1.182116
1397 1.181768
1398 1.181458
1399 1.182094
1400 1.182500
1401 1.182930
1402 1.182672
1403 1.182146
1404 1.182014
1405 1.182628
1406 1.183042
1407 1.183354
1408 1.184248
1409 1.184576
1410 1.184576
1411 1.184992
1412 1.184986
1413 1.184730
1414 1.184846
1415 1.184960
1416 1.184812
1417 1.184944
1418 1.184836
1419 1.184618
1420 1.184554
1421 1.184568
1422 1.184110
1423 1.183610
1424 1.183846
1425 1.183204
1426 1.183284
1427 1.182462
1428 1.181768
1429 1.182030
1430 1.181594
1431 1.181628
1432 1.181526
1433 1.181452
1434 1.180584
1435 1.180452
1436 1.181050
1437 1.181070
1438 1.180870
1439 1.180998
1440 1.180648
1441 1.180926
1442 1.181144
1443 1.181494
1444 1.181218
1445 1.181034
1446 1.181312
1447 1.181198
1448 1.181364
1449 1.181340
1450 1.181040
1451 1.181108
1452 1.181444
1453 1.181320
1454 1.181566
1455 1.180948
1456 1.181298
1457 1.181458
1458 1.180738
1459 1.180444
1460 1.180376
1461 1.180614
1462 1.181100
1463 1.180936
1464 1.180558
1465 1.181588
1466 1.181976
1467 1.181638
1468 1.181240
1469 1.180618
1470 1.180768
1471 1.181120
1472 1.181204
1473 1.181160
1474 1.181440
1475 1.181380
1476 1.181004
1477 1.181146
1478 1.181240
1479 1.181072
1480 1.180604
1481 1.181312
1482 1.180606
1483 1.180252
1484 1.180238
1485 1.180598
1486 1.180518
1487 1.180914
1488 1.181236
1489 1.181196
1490 1.181548
1491 1.181488
1492 1.181250
1493 1.181954
1494 1.181754
1495 1.182034
1496 1.181706
1497 1.181992
1498 1.181780
1499 1.181404
1500 1.181690
1501 1.181760
1502 1.181904
1503 1.182382
1504 1.182936
1505 1.183216
1506 1.183010
1507 1.182700
1508 1.182910
1509 1.182488
1510 1.182900
1511 1.182832
1512 1.183006
1513 1.183034
1514 1.183376
1515 1.183546
1516 1.183634
1517 1.182918
1518 1.183412
1519 1.183038
1520 1.182930
1521 1.182754
1522 1.182458
1523 1.182140
1524 1.181450
1525 1.180994
1526 1.180392
1527 1.180916
1528 1.181200
1529 1.181154
1530 1.181308
1531 1.181314
1532 1.181476
1533 1.181280
1534 1.180924
1535 1.180610
1536 1.180850
1537 1.180778
1538 1.180768
1539 1.181314
1540 1.181944
1541 1.182246
1542 1.182566
1543 1.182272
1544 1.182112
1545 1.182304
1546 1.182004
1547 1.181846
1548 1.182486
1549 1.181958
1550 1.182036
1551 1.181582
1552 1.181540
1553 1.181330
1554 1.181336
1555 1.181256
1556 1.181788
1557 1.182266
1558 1.182538
1559 1.182686
1560 1.182656
1561 1.183188
1562 1.183716
1563 1.183578
1564 1.182650
1565 1.182854
1566 1.183492
1567 1.183514
1568 1.183140
1569 1.182870
1570 1.183352
1571 1.183758
1572 1.183756
1573 1.183428
1574 1.183698
1575 1.183334
1576 1.183558
1577 1.184114
1578 1.184118
1579 1.184056
1580 1.184074
1581 1.184112
1582 1.183646
1583 1.183672
1584 1.183938
1585 1.184054
1586 1.184606
1587 1.184482
1588 1.184756
1589 1.185350
1590 1.185152
1591 1.185384
1592 1.185278
1593 1.184888
1594 1.184658
1595 1.184386
1596 1.184604
1597 1.184610
1598 1.184626
1599 1.184358
1600 1.183996
1601 1.184044
1602 1.184394
1603 1.183742
1604 1.184190
1605 1.183098
1606 1.183022
1607 1.183210
1608 1.183910
1609 1.183640
1610 1.183940
1611 1.183838
1612 1.183770
1613 1.183606
1614 1.183916
1615 1.184028
1616 1.183716
1617 1.183380
1618 1.182422
1619 1.181972
1620 1.181626
1621 1.182082
1622 1.181986
1623 1.181970
1624 1.181720
1625 1.182180
1626 1.182708
1627 1.182686
1628 1.182692
1629 1.183488
1630 1.182628
1631 1.182554
1632 1.182566
1633 1.182002
1634 1.181704
1635 1.181576
1636 1.181632
1637 1.181504
1638 1.181460
1639 1.181540
1640 1.181354
1641 1.181278
1642 1.180916
1643 1.181086
1644 1.181140
1645 1.181096
1646 1.181194
1647 1.181398
1648 1.181886
1649 1.181738
1650 1.181630
1651 1.181636
1652 1.180942
1653 1.181390
1654 1.181588
1655 1.181128
1656 1.180682
1657 1.181246
1658 1.181474
1659 1.181672
1660 1.181472
1661 1.181692
1662 1.182094
1663 1.182510
1664 1.182574
1665 1.182704
1666 1.182162
1667 1.182600
1668 1.182706
1669 1.182456
1670 1.182124
1671 1.181994
1672 1.182334
1673 1.182404
1674 1.182338
1675 1.181890
1676 1.181794
1677 1.182346
1678 1.182448
1679 1.182174
1680 1.182392
1681 1.182292
1682 1.182488
1683 1.182718
1684 1.182340
1685 1.182554
1686 1.182366
1687 1.182538
1688 1.182384
1689 1.182094
1690 1.182520
1691 1.182888
1692 1.182422
1693 1.182370
1694 1.182184
1695 1.182812
1696 1.182818
1697 1.183154
1698 1.183118
1699 1.183140
1700 1.183274
1701 1.183598
1702 1.182910
1703 1.182968
1704 1.182456
1705 1.182150
1706 1.181756
1707 1.181438
1708 1.181266
1709 1.180860
1710 1.181526
1711 1.181978
1712 1.182050
1713 1.182244
1714 1.182360
1715 1.182088
1716 1.182312
1717 1.182234
1718 1.182102
1719 1.181756
1720 1.182058
1721 1.182390
1722 1.182336
1723 1.182750
1724 1.182908
1725 1.182766
1726 1.182986
1727 1.182484
1728 1.182148
1729 1.182694
1730 1.182510
1731 1.182834
1732 1.182172
1733 1.181872
1734 1.182006
1735 1.182226
1736 1.181952
1737 1.181930
1738 1.182028
1739 1.181894
1740 1.182114
1741 1.181976
1742 1.181450
1743 1.181114
1744 1.180954
1745 1.180918
1746 1.180818
1747 1.180912
1748 1.180168
1749 1.180348
1750 1.180664
1751 1.180666
1752 1.181146
1753 1.180656
1754 1.180892
1755 1.181184
1756 1.181534
1757 1.181104
1758 1.180466
1759 1.181222
1760 1.181472
1761 1.181690
1762 1.181830
1763 1.181540
1764 1.182076
1765 1.181940
1766 1.182628
1767 1.182876
1768 1.183020
1769 1.182838
1770 1.183014
1771 1.183108
1772 1.182512
1773 1.182158
1774 1.181832
1775 1.181616
1776 1.182068
1777 1.182162
1778 1.182074
1779 1.182374
1780 1.181766
1781 1.181590
1782 1.180248
1783 1.180314
1784 1.180556
1785 1.181174
1786 1.181866
1787 1.182580
1788 1.182842
1789 1.182120
1790 1.182046
1791 1.182248
1792 1.182374
1793 1.182206
1794 1.181942
1795 1.181914
1796 1.182004
1797 1.181834
1798 1.181894
1799 1.181904
1800 1.181656
1801 1.182550
1802 1.182522
1803 1.183454
1804 1.183494
1805 1.182968
1806 1.183136
1807 1.183248
1808 1.183134
1809 1.182912
1810 1.182708
1811 1.182520
1812 1.181732
1813 1.181966
1814 1.183050
1815 1.183004
1816 1.183436
1817 1.184280
1818 1.184012
1819 1.183616
1820 1.183198
1821 1.183254
1822 1.183358
1823 1.183200
1824 1.183040
1825 1.183104
1826 1.183030
1827 1.183026
1828 1.182862
1829 1.183006
1830 1.182544
1831 1.182508
1832 1.182394
1833 1.181610
1834 1.181140
1835 1.181220
1836 1.181416
1837 1.181442
1838 1.181684
1839 1.181658
1840 1.182292
1841 1.182618
1842 1.182200
1843 1.182208
1844 1.182868
1845 1.183828
1846 1.183792
1847 1.183626
1848 1.183690
1849 1.183502
1850 1.183260
1851 1.183452
1852 1.183566
1853 1.183820
1854 1.183474
1855 1.183888
1856 1.183772
1857 1.183422
1858 1.184098
1859 1.183970
1860 1.183906
1861 1.184230
1862 1.184030
1863 1.184374
1864 1.185004
1865 1.185454
1866 1.185470
1867 1.185228
1868 1.185472
1869 1.185196
1870 1.185496
1871 1.185278
1872 1.185192
1873 1.184866
1874 1.184914
1875 1.184740
1876 1.184742
1877 1.184260
1878 1.183998
1879 1.183958
1880 1.183484
1881 1.183532
1882 1.182994
1883 1.182640
1884 1.183342
1885 1.183604
1886 1.183032
1887 1.183056
1888 1.182778
1889 1.183016
1890 1.183586
1891 1.183166
1892 1.182822
1893 1.183332
1894 1.183864
1895 1.184264
1896 1.184218
1897 1.184264
1898 1.184562
1899 1.184860
1900 1.185146
1901 1.185124
1902 1.184980
1903 1.184366
1904 1.183562
1905 1.183688
1906 1.183716
1907 1.183406
1908 1.183360
1909 1.183416
1910 1.183000
1911 1.183012
1912 1.182976
1913 1.182652
1914 1.182586
1915 1.182360
1916 1.182196
1917 1.181738
1918 1.181486
1919 1.181378
1920 1.181874
1921 1.182338
1922 1.182244
1923 1.181842
1924 1.182484
1925 1.182058
1926 1.182008
1927 1.181860
1928 1.181760
1929 1.182338
1930 1.182664
1931 1.183104
1932 1.183020
1933 1.182270
1934 1.182502
1935 1.183192
1936 1.183792
1937 1.183704
1938 1.184270
1939 1.183890
1940 1.183396
1941 1.183850
1942 1.183940
1943 1.184148
1944 1.184138
1945 1.184590
1946 1.184194
1947 1.183698
1948 1.183430
1949 1.183164
1950 1.183180
1951 1.183320
1952 1.183322
1953 1.183274
1954 1.182992
1955 1.183304
1956 1.182880
1957 1.182680
1958 1.183052
1959 1.182810
1960 1.183210
1961 1.183254
1962 1.182694
1963 1.183008
1964 1.183260
1965 1.183680
1966 1.183934
1967 1.183762
1968 1.183834
1969 1.183326
1970 1.183446
1971 1.183480
1972 1.183114
1973 1.183142
1974 1.182804
1975 1.182344
1976 1.182766
1977 1.182532
1978 1.182430
1979 1.182224
1980 1.182956
1981 1.182692
1982 1.181962
1983 1.182824
1984 1.182786
1985 1.182220
1986 1.182222
1987 1.182680
1988 1.182652
1989 1.182506
1990 1.182674
1991 1.183286
1992 1.183648
1993 1.184450
1994 1.184644
1995 1.184312
1996 1.184396
1997 1.183694
1998 1.184126
1999 1.184088
2000 1.184062
2001 1.184070
2002 1.183998
2003 1.183584
2004 1.183410
2005 1.183620
2006 1.183200
2007 1.182990
2008 1.183048
2009 1.183118
2010 1.183254
2011 1.182942
2012 1.182708
2013 1.182656
2014 1.182512
2015 1.182918
2016 1.182520
2017 1.182836
2018 1.182860
2019 1.182822
2020 1.182650
2021 1.183176
2022 1.182858
2023 1.182272
2024 1.182436
2025 1.182290
2026 1.182474
2027 1.182838
2028 1.182802
2029 1.183246
2030 1.182826
2031 1.182360
2032 1.182584
2033 1.183366
2034 1.183874
2035 1.183930
2036 1.184252
2037 1.184620
2038 1.184998
2039 1.184904
2040 1.184106
2041 1.183878
2042 1.183844
2043 1.183564
2044 1.183514
2045 1.183472
2046 1.182932
2047 1.182596
2048 1.183018
2049 1.183054
2050 1.183008
2051 1.183124
2052 1.183278
2053 1.183056
2054 1.182890
2055 1.182868
2056 1.182780
2057 1.183312
2058 1.182674
2059 1.183078
2060 1.182748
2061 1.182992
2062 1.183214
2063 1.183694
2064 1.183838
2065 1.184302
2066 1.184260
2067 1.183774
2068 1.184096
2069 1.185076
2070 1.185260
2071 1.185476
2072 1.185466
2073 1.186184
2074 1.185474
2075 1.184926
2076 1.184916
2077 1.184420
2078 1.183830
2079 1.183698
2080 1.183606
2081 1.183648
2082 1.183394
2083 1.183466
2084 1.183678
2085 1.183950
2086 1.183692
2087 1.183940
2088 1.184272
2089 1.183888
2090 1.183632
2091 1.183668
2092 1.183838
2093 1.183716
2094 1.183458
2095 1.183438
2096 1.183340
2097 1.183180
2098 1.183580
2099 1.183866
2100 1.184186
2101 1.184134
2102 1.183956
2103 1.183736
2104 1.183680
2105 1.183890
2106 1.183724
2107 1.183514
2108 1.182916
2109 1.183202
2110 1.183120
2111 1.183144
2112 1.183164
2113 1.183398
2114 1.183302
2115 1.183492
2116 1.183790
2117 1.183258
2118 1.183776
2119 1.183988
2120 1.183674
2121 1.183544
2122 1.182932
2123 1.182686
2124 1.182602
2125 1.182146
2126 1.182070
2127 1.181748
2128 1.181840
2129 1.181812
2130 1.181846
2131 1.181854
2132 1.181574
2133 1.181834
2134 1.181646
2135 1.180820
2136 1.180504
2137 1.180180
2138 1.180176
2139 1.181036
2140 1.181900
2141 1.181154
2142 1.181750
2143 1.181798
2144 1.181612
2145 1.181570
2146 1.182280
2147 1.182660
2148 1.183046
2149 1.183234
2150 1.182794
2151 1.182366
2152 1.182590
2153 1.181916
2154 1.182104
2155 1.182008
2156 1.181574
2157 1.181930
2158 1.181768
2159 1.182406
2160 1.183092
2161 1.182770
2162 1.182654
2163 1.182790
2164 1.183496
2165 1.183424
2166 1.182772
2167 1.182974
2168 1.182744
2169 1.182848
2170 1.182166
2171 1.182302
2172 1.181982
2173 1.181768
2174 1.182196
2175 1.182318
2176 1.183176
2177 1.183974
2178 1.183950
2179 1.183604
2180 1.183556
2181 1.183506
2182 1.183726
2183 1.183178
2184 1.183622
2185 1.184068
2186 1.183926
2187 1.184512
2188 1.184294
2189 1.183844
2190 1.183840
2191 1.184572
2192 1.184338
2193 1.183780
2194 1.183858
2195 1.184180
2196 1.184500
2197 1.184878
2198 1.184686
2199 1.184004
2200 1.183758
2201 1.183792
2202 1.183612
2203 1.183018
2204 1.182968
2205 1.182900
2206 1.183094
2207 1.182990
2208 1.182652
2209 1.182672
2210 1.182734
2211 1.183068
2212 1.182916
2213 1.182814
2214 1.183360
2215 1.183720
2216 1.184330
2217 1.184378
2218 1.184604
2219 1.184448
2220 1.184644
2221 1.184494
2222 1.184164
2223 1.184298
2224 1.184344
2225 1.184494
2226 1.183908
2227 1.183830
2228 1.184134
2229 1.184556
2230 1.184836
2231 1.185602
2232 1.185086
2233 1.185104
2234 1.185322
2235 1.185356
2236 1.185468
2237 1.184722
2238 1.184872
2239 1.184994
2240 1.184892
2241 1.184052
2242 1.184120
2243 1.183918
2244 1.183336
2245 1.183516
2246 1.183084
2247 1.183494
2248 1.183530
2249 1.183714
2250 1.183970
2251 1.184774
2252 1.184136
2253 1.183978
2254 1.183654
2255 1.184348
2256 1.184452
2257 1.184758
2258 1.184060
2259 1.183470
2260 1.183382
2261 1.183296
2262 1.182798
2263 1.182900
2264 1.182608
2265 1.182846
2266 1.182386
2267 1.182304
2268 1.181880
2269 1.182548
2270 1.182858
2271 1.183876
2272 1.183808
2273 1.184088
2274 1.183996
2275 1.183938
2276 1.183468
2277 1.183692
2278 1.183836
2279 1.183934
2280 1.184432
2281 1.184310
2282 1.185002
2283 1.184538
2284 1.184060
2285 1.184052
2286 1.184168
2287 1.183226
2288 1.183206
2289 1.183228
2290 1.183566
2291 1.182990
2292 1.183366
2293 1.183564
2294 1.184218
2295 1.184766
2296 1.184542
2297 1.184870
2298 1.184560
2299 1.184554
2300 1.184572
2301 1.184838
2302 1.184184
2303 1.184060
2304 1.184286
2305 1.184712
2306 1.185276
2307 1.185496
2308 1.185420
2309 1.185658
2310 1.185054
2311 1.184912
2312 1.184968
2313 1.184178
2314 1.183972
2315 1.184302
2316 1.183952
2317 1.183852
2318 1.183766
2319 1.184404
2320 1.184736
2321 1.184688
2322 1.184724
2323 1.184242
2324 1.184620
2325 1.184402
2326 1.184344
2327 1.184012
2328 1.183918
2329 1.184560
2330 1.184198
2331 1.184322
2332 1.185334
2333 1.184722
2334 1.184848
2335 1.185290
2336 1.185186
2337 1.184830
2338 1.184174
2339 1.184296
2340 1.184314
2341 1.183770
2342 1.184660
2343 1.184432
2344 1.184200
2345 1.184066
2346 1.184156
2347 1.184478
2348 1.184330
2349 1.184642
2350 1.185064
2351 1.185186
2352 1.185268
2353 1.185314
2354 1.185558
2355 1.185998
2356 1.185368
2357 1.185088
2358 1.185080
2359 1.185048
2360 1.184750
2361 1.185076
2362 1.184814
2363 1.184636
2364 1.184402
2365 1.183530
2366 1.183536
2367 1.183072
2368 1.182786
2369 1.182810
2370 1.182834
2371 1.182542
2372 1.182780
2373 1.182470
2374 1.182636
2375 1.182542
2376 1.182354
2377 1.182236
2378 1.181662
2379 1.182140
2380 1.182252
2381 1.182804
2382 1.182638
2383 1.182534
2384 1.182014
2385 1.182014
2386 1.180980
2387 1.181170
2388 1.181232
2389 1.181764
2390 1.182084
2391 1.181658
2392 1.181346
2393 1.181320
2394 1.181630
2395 1.181462
2396 1.181250
2397 1.181378
2398 1.181426
2399 1.180840
2400 1.180924
2401 1.181152
2402 1.181138
2403 1.180972
2404 1.180832
2405 1.181144
2406 1.181342
2407 1.181848
2408 1.181858
2409 1.182088
2410 1.182166
2411 1.182410
2412 1.182612
2413 1.183044
2414 1.183796
2415 1.183906
2416 1.183132
2417 1.182640
2418 1.182666
2419 1.182492
2420 1.182034
2421 1.182152
2422 1.181568
2423 1.181576
2424 1.181602
2425 1.182234
2426 1.182186
2427 1.182050
2428 1.182328
2429 1.182592
2430 1.182494
2431 1.182278
2432 1.181422
2433 1.182012
2434 1.181858
2435 1.181528
2436 1.180982
2437 1.180694
2438 1.180292
2439 1.180636
2440 1.180820
2441 1.180666
2442 1.180946
2443 1.180858
2444 1.180802
2445 1.180660
2446 1.180920
2447 1.181508
2448 1.181462
2449 1.181546
2450 1.181762
2451 1.182180
2452 1.181608
2453 1.181618
2454 1.181808
2455 1.182460
2456 1.183196
2457 1.183188
2458 1.183528
2459 1.183340
2460 1.183462
2461 1.183566
2462 1.183310
2463 1.183020
2464 1.182662
2465 1.182742
2466 1.183440
2467 1.183188
2468 1.183172
2469 1.183004
2470 1.183348
2471 1.183376
2472 1.183376
2473 1.183588
2474 1.183332
2475 1.182694
2476 1.182664
2477 1.183326
2478 1.183638
2479 1.183372
2480 1.183112
2481 1.182548
2482 1.182384
2483 1.182194
2484 1.182396
2485 1.182620
2486 1.182822
2487 1.183390
2488 1.183010
2489 1.182474
2490 1.182392
2491 1.183182
2492 1.183012
2493 1.182788
2494 1.182572
2495 1.181972
2496 1.181584
2497 1.181676
2498 1.181958
2499 1.181242
2500 1.181954
2501 1.182012
2502 1.181962
2503 1.182950
2504 1.182816
2505 1.182698
2506 1.181572
2507 1.182270
2508 1.182308
2509 1.182402
2510 1.182588
2511 1.182572
2512 1.182486
2513 1.182740
2514 1.182796
2515 1.182812
2516 1.183012
2517 1.183016
2518 1.182478
2519 1.182380
2520 1.182446
2521 1.182442
2522 1.182258
2523 1.182074
2524 1.181834
2525 1.181798
2526 1.181812
2527 1.181944
2528 1.182250
2529 1.182224
2530 1.181820
2531 1.182250
2532 1.182984
2533 1.183472
2534 1.183166
2535 1.183170
2536 1.182796
2537 1.182578
2538 1.182020
2539 1.182450
2540 1.182942
2541 1.182530
2542 1.183024
2543 1.182796
2544 1.183028
2545 1.183036
2546 1.182328
2547 1.182062
2548 1.181826
2549 1.181492
2550 1.181436
2551 1.181640
2552 1.182046
2553 1.183108
2554 1.183442
2555 1.183646
2556 1.183686
2557 1.183238
2558 1.183220
2559 1.183480
2560 1.183872
2561 1.183384
2562 1.183392
2563 1.183256
2564 1.184282
2565 1.184544
2566 1.184356
2567 1.184508
2568 1.184494
2569 1.184496
2570 1.184782
2571 1.184178
2572 1.184292
2573 1.184254
2574 1.183902
2575 1.183178
2576 1.183342
2577 1.183320
2578 1.182876
2579 1.183324
2580 1.183274
2581 1.182716
2582 1.182262
2583 1.182396
2584 1.182570
2585 1.182560
2586 1.183048
2587 1.183858
2588 1.184048
2589 1.183686
2590 1.183676
2591 1.183400
2592 1.183100
2593 1.183524
2594 1.184176
2595 1.183590
2596 1.183512
2597 1.184366
2598 1.184558
2599 1.184122
2600 1.183458
2601 1.184150
2602 1.184282
2603 1.183624
2604 1.182724
2605 1.181892
2606 1.181800
2607 1.181994
2608 1.182068
2609 1.181868
2610 1.181894
2611 1.182014
2612 1.182362
2613 1.182534
2614 1.181994
2615 1.182664
2616 1.182500
2617 1.182784
2618 1.182646
2619 1.182878
2620 1.182970
2621 1.183484
2622 1.184478
2623 1.183440
2624 1.183004
2625 1.182772
2626 1.182882
2627 1.182360
2628 1.182584
2629 1.182378
2630 1.182472
2631 1.182416
2632 1.182012
2633 1.182174
2634 1.181952
2635 1.182172
2636 1.182502
2637 1.182462
2638 1.182804
2639 1.182110
2640 1.182538
2641 1.183316
2642 1.183024
2643 1.182872
2644 1.183842
2645 1.183882
2646 1.183290
2647 1.182686
2648 1.182654
2649 1.182402
2650 1.183206
2651 1.182688
2652 1.182674
2653 1.183054
2654 1.183642
2655 1.182730
2656 1.182806
2657 1.182510
2658 1.182300
2659 1.182044
2660 1.182234
2661 1.182232
2662 1.182404
2663 1.182934
2664 1.183236
2665 1.182410
2666 1.182500
2667 1.182218
2668 1.182528
2669 1.182732
2670 1.182738
2671 1.183404
2672 1.184020
2673 1.183860
2674 1.183666
2675 1.183756
2676 1.183404
2677 1.182964
2678 1.182598
2679 1.182362
2680 1.183004
2681 1.183328
2682 1.183622
2683 1.183464
2684 1.183434
2685 1.183332
2686 1.182802
2687 1.182740
2688 1.182908
2689 1.182268
2690 1.181938
2691 1.182406
2692 1.182778
2693 1.183076
2694 1.182874
2695 1.183094
2696 1.182834
2697 1.182874
2698 1.183622
2699 1.183620
2700 1.183726
2701 1.184124
2702 1.184260
2703 1.184714
2704 1.184932
2705 1.184992
2706 1.185508
2707 1.185352
2708 1.185754
2709 1.184652
2710 1.184180
2711 1.184236
2712 1.184312
2713 1.184616
2714 1.184516
2715 1.184262
2716 1.184110
2717 1.183816
2718 1.183314
2719 1.183596
2720 1.183538
2721 1.183800
2722 1.183868
2723 1.184060
2724 1.184158
2725 1.184362
2726 1.183950
2727 1.183484
2728 1.183486
2729 1.183084
2730 1.183024
2731 1.183748
2732 1.184344
2733 1.184606
2734 1.184776
2735 1.184154
2736 1.184286
2737 1.184582
2738 1.184532
2739 1.184234
2740 1.183992
2741 1.183680
2742 1.183536
2743 1.183552
2744 1.183406
2745 1.182906
2746 1.183016
2747 1.182880
2748 1.183004
2749 1.182824
2750 1.182512
2751 1.182974
2752 1.182554
2753 1.182764
2754 1.182346
2755 1.181820
2756 1.181406
2757 1.180866
2758 1.180772
2759 1.180616
2760 1.180980
2761 1.180876
2762 1.181728
2763 1.181358
2764 1.181122
2765 1.181528
2766 1.182166
2767 1.181586
2768 1.181650
2769 1.181546
2770 1.181498
2771 1.181578
2772 1.181548
2773 1.181078
2774 1.180758
2775 1.180814
2776 1.180286
2777 1.180680
2778 1.180396
2779 1.179992
2780 1.179964
2781 1.179558
2782 1.178732
2783 1.178818
2784 1.178768
2785 1.179100
2786 1.179564
2787 1.180064
2788 1.180364
2789 1.180962
2790 1.180802
2791 1.181618
2792 1.181426
2793 1.181738
2794 1.182124
2795 1.182218
2796 1.182784
2797 1.182730
2798 1.182656
2799 1.182534
2800 1.182418
2801 1.182710
2802 1.183062
2803 1.183572
2804 1.182956
2805 1.182832
2806 1.182480
2807 1.182406
2808 1.182930
2809 1.182292
2810 1.182352
2811 1.182624
2812 1.183040
2813 1.183338
2814 1.183334
2815 1.183026
2816 1.182496
2817 1.182250
2818 1.182272
2819 1.182126
2820 1.181838
2821 1.181854
2822 1.181914
2823 1.181862
2824 1.182828
2825 1.182504
2826 1.182628
2827 1.182012
2828 1.182674
2829 1.182350
2830 1.181996
2831 1.182332
2832 1.182308
2833 1.182600
2834 1.183004
2835 1.182752
2836 1.182548
2837 1.183012
2838 1.184064
2839 1.184094
2840 1.183854
2841 1.183570
2842 1.183494
2843 1.183684
2844 1.183622
2845 1.183690
2846 1.183394
2847 1.183262
2848 1.183212
2849 1.183480
2850 1.183290
2851 1.183336
2852 1.183858
2853 1.184852
2854 1.184014
2855 1.183626
2856 1.183770
2857 1.183432
2858 1.184042
2859 1.184274
2860 1.183606
2861 1.183416
2862 1.183440
2863 1.183118
2864 1.183318
2865 1.183730
2866 1.183920
2867 1.183728
2868 1.183620
2869 1.183462
2870 1.183914
2871 1.183576
2872 1.182820
2873 1.182846
2874 1.182706
2875 1.183350
2876 1.183350
2877 1.183084
2878 1.183118
2879 1.183198
2880 1.183452
2881 1.183120
2882 1.183384
2883 1.183406
2884 1.183132
2885 1.182816
2886 1.182906
2887 1.182822
2888 1.182144
2889 1.182062
2890 1.181838
2891 1.181960
2892 1.182388
2893 1.182944
2894 1.182574
2895 1.182462
2896 1.183016
2897 1.183452
2898 1.183638
2899 1.184216
2900 1.184750
2901 1.183922
2902 1.183552
2903 1.183118
2904 1.183722
2905 1.183532
2906 1.183264
2907 1.183228
2908 1.183298
2909 1.183984
2910 1.184180
2911 1.183800
2912 1.184088
2913 1.183962
2914 1.183756
2915 1.184384
2916 1.185058
2917 1.184444
2918 1.184672
2919 1.184828
2920 1.184814
2921 1.185308
2922 1.185880
2923 1.185986
2924 1.186230
2925 1.185532
2926 1.185332
2927 1.184522
2928 1.184148
2929 1.184730
2930 1.185100
2931 1.184780
2932 1.185172
2933 1.185530
2934 1.185320
2935 1.185444
2936 1.185004
2937 1.184670
2938 1.184424
2939 1.184858
2940 1.184374
2941 1.184586
2942 1.184328
2943 1.184228
2944 1.183762
2945 1.183672
2946 1.183612
2947 1.183788
2948 1.183266
2949 1.183296
2950 1.183158
2951 1.183756
2952 1.183554
2953 1.183394
2954 1.184218
2955 1.184524
2956 1.184760
2957 1.185220
2958 1.185184
2959 1.184868
2960 1.184408
2961 1.184618
2962 1.183784
2963 1.183518
2964 1.183328
2965 1.183186
2966 1.183882
2967 1.183868
2968 1.183756
2969 1.184086
2970 1.184400
2971 1.184016
2972 1.184008
2973 1.183488
2974 1.183244
2975 1.183352
2976 1.183616
2977 1.184408
2978 1.183326
2979 1.183290
2980 1.183282
2981 1.183168
2982 1.183292
2983 1.183090
2984 1.183058
2985 1.182650
2986 1.182454
2987 1.182580
2988 1.182336
2989 1.182758
2990 1.182992
2991 1.183586
2992 1.183554
2993 1.182722
2994 1.182728
2995 1.182644
2996 1.182308
2997 1.181790
2998 1.182056
2999 1.181396
3000 1.181732
3001 1.181704
3002 1.181518
3003 1.181580
3004 1.181156
3005 1.181140
3006 1.180768
3007 1.180866
3008 1.180384
3009 1.180520
3010 1.181180
3011 1.181466
3012 1.181830
3013 1.182246
3014 1.181852
3015 1.181690
3016 1.181744
3017 1.182712
3018 1.182904
3019 1.182520
3020 1.183058
3021 1.182840
3022 1.182704
3023 1.182740
3024 1.182412
3025 1.181872
3026 1.182158
3027 1.182610
3028 1.182250
3029 1.182128
3030 1.181972
3031 1.181452
3032 1.182066
3033 1.182222
3034 1.182526
3035 1.182432
3036 1.182586
3037 1.182926
3038 1.183380
3039 1.183628
3040 1.183630
3041 1.183338
3042 1.183350
3043 1.183800
3044 1.184066
3045 1.183974
3046 1.183838
3047 1.183676
3048 1.183690
3049 1.184018
3050 1.183626
3051 1.183494
3052 1.183676
3053 1.183694
3054 1.183170
3055 1.183522
3056 1.182882
3057 1.183050
3058 1.182830
3059 1.182788
3060 1.182648
3061 1.182726
3062 1.182458
3063 1.182716
3064 1.182600
3065 1.182708
3066 1.182866
3067 1.182504
3068 1.182262
3069 1.183012
3070 1.183478
3071 1.183910
3072 1.184208
3073 1.184046
3074 1.184292
3075 1.184202
3076 1.183542
3077 1.183556
3078 1.183596
3079 1.183770
3080 1.183434
3081 1.183012
3082 1.182922
3083 1.182830
3084 1.182762
3085 1.183758
3086 1.184400
3087 1.184148
3088 1.184286
3089 1.183942
3090 1.183650
3091 1.183700
3092 1.183952
3093 1.183858
3094 1.184010
3095 1.184010
3096 1.183200
3097 1.183688
3098 1.184186
3099 1.184998
3100 1.185098
3101 1.184640
3102 1.184376
3103 1.184466
3104 1.184836
3105 1.184650
3106 1.184948
3107 1.184912
3108 1.184276
3109 1.183650
3110 1.183300
3111 1.183456
3112 1.183280
3113 1.183444
3114 1.182772
3115 1.182168
3116 1.182048
3117 1.182282
3118 1.181816
3119 1.181296
3120 1.181978
3121 1.181838
3122 1.181562
3123 1.182026
3124 1.182024
3125 1.182210
3126 1.182200
3127 1.181660
3128 1.181590
3129 1.181432
3130 1.181562
3131 1.181544
3132 1.181014
3133 1.181128
3134 1.180920
3135 1.180728
3136 1.180554
3137 1.180600
3138 1.180356
3139 1.180754
3140 1.181080
3141 1.181384
3142 1.181574
3143 1.181336
3144 1.181492
3145 1.181050
3146 1.180812
3147 1.180204
3148 1.180254
3149 1.179876
3150 1.180522
3151 1.180356
3152 1.180418
3153 1.180752
3154 1.180990
3155 1.180912
3156 1.180436
3157 1.180294
3158 1.180534
3159 1.180770
3160 1.181376
3161 1.181640
3162 1.181338
3163 1.180876
3164 1.180528
3165 1.180372
3166 1.181140
3167 1.181646
3168 1.181488
3169 1.181182
3170 1.180572
3171 1.180712
3172 1.180720
3173 1.181368
3174 1.181406
3175 1.181320
3176 1.181570
3177 1.181890
3178 1.182140
3179 1.182102
3180 1.181676
3181 1.180952
3182 1.180818
3183 1.180856
3184 1.180976
3185 1.181062
3186 1.180916
3187 1.181568
3188 1.181368
3189 1.181352
3190 1.181800
3191 1.182040
3192 1.182064
3193 1.181754
3194 1.181842
3195 1.181026
3196 1.180450
3197 1.180532
3198 1.180484
3199 1.180496
3200 1.180008
3201 1.179776
3202 1.180026
3203 1.180208
3204 1.180644
3205 1.181372
3206 1.181368
3207 1.181224
3208 1.181324
3209 1.181908
3210 1.181794
3211 1.181444
3212 1.181252
3213 1.181434
3214 1.181188
3215 1.181488
3216 1.181412
3217 1.181870
3218 1.181862
3219 1.182216
3220 1.182946
3221 1.183020
3222 1.183044
3223 1.183350
3224 1.183594
3225 1.183754
3226 1.183250
3227 1.183222
3228 1.183224
3229 1.183550
3230 1.183666
3231 1.183250
3232 1.183516
3233 1.183850
3234 1.184234
3235 1.184172
3236 1.183820
3237 1.183500
3238 1.183370
3239 1.183374
3240 1.182884
3241 1.182802
3242 1.183284
3243 1.183004
3244 1.183218
3245 1.182920
3246 1.183202
3247 1.183450
3248 1.183766
3249 1.183332
3250 1.183460
3251 1.183960
3252 1.184092
3253 1.184250
3254 1.184140
3255 1.184172
3256 1.184138
3257 1.184168
3258 1.183928
3259 1.183720
3260 1.183220
3261 1.182972
3262 1.182610
3263 1.183024
3264 1.182912
3265 1.182608
3266 1.182312
3267 1.182348
3268 1.182146
3269 1.182650
3270 1.182858
3271 1.182736
3272 1.182580
3273 1.182788
3274 1.182342
3275 1.182234
3276 1.182430
3277 1.182974
3278 1.183130
3279 1.183024
3280 1.183336
3281 1.183866
3282 1.184162
3283 1.184000
3284 1.183984
3285 1.183830
3286 1.183120
3287 1.182968
3288 1.182808
3289 1.183274
3290 1.183098
3291 1.183010
3292 1.183214
3293 1.183572
3294 1.183634
3295 1.183420
3296 1.183428
3297 1.183284
3298 1.183142
3299 1.182860
3300 1.182754
3301 1.182652
3302 1.182992
3303 1.183250
3304 1.183690
3305 1.184404
3306 1.184048
3307 1.184100
3308 1.183934
3309 1.184138
3310 1.184430
3311 1.184774
3312 1.184688
3313 1.185024
3314 1.184716
3315 1.184754
3316 1.185034
3317 1.185236
3318 1.185560
3319 1.185068
3320 1.184708
3321 1.184166
3322 1.184306
3323 1.184724
3324 1.184510
3325 1.184146
3326 1.184478
3327 1.183716
3328 1.183938
3329 1.184090
3330 1.184216
3331 1.184236
3332 1.184840
3333 1.184800
3334 1.185116
3335 1.183950
3336 1.184498
3337 1.183866
3338 1.183628
3339 1.183162
3340 1.183374
3341 1.184118
3342 1.184050
3343 1.184016
3344 1.183388
3345 1.183728
3346 1.183886
3347 1.184208
3348 1.184632
3349 1.184336
3350 1.184920
3351 1.184278
3352 1.184280
3353 1.183580
3354 1.182970
3355 1.183054
3356 1.182856
3357 1.183132
3358 1.182680
3359 1.182644
3360 1.182798
3361 1.182706
3362 1.182780
3363 1.182602
3364 1.182496
3365 1.182956
3366 1.183054
3367 1.182482
3368 1.182954
3369 1.182762
3370 1.183090
3371 1.182782
3372 1.182668
3373 1.183386
3374 1.183588
3375 1.182986
3376 1.182560
3377 1.182800
3378 1.182694
3379 1.183190
3380 1.182864
3381 1.182298
3382 1.181860
3383 1.182042
3384 1.182438
3385 1.182912
3386 1.183266
3387 1.183276
3388 1.183230
3389 1.183698
3390 1.183792
3391 1.183888
3392 1.183678
3393 1.183582
3394 1.184362
3395 1.184486
3396 1.185008
3397 1.185400
3398 1.185696
3399 1.185732
3400 1.185116
3401 1.184914
3402 1.184438
3403 1.183768
3404 1.184068
3405 1.184504
3406 1.184532
3407 1.183908
3408 1.184112
3409 1.184594
3410 1.184164
3411 1.184260
3412 1.184484
3413 1.184628
3414 1.184920
3415 1.185484
3416 1.185472
3417 1.185432
3418 1.184898
3419 1.184420
3420 1.184712
3421 1.185252
3422 1.184494
3423 1.184790
3424 1.184100
3425 1.183766
3426 1.183368
3427 1.182832
3428 1.182906
3429 1.182596
3430 1.183030
3431 1.183012
3432 1.183196
3433 1.184006
3434 1.184066
3435 1.184002
3436 1.184110
3437 1.184412
3438 1.184432
3439 1.183822
3440 1.183098
3441 1.183152
3442 1.182814
3443 1.182214
3444 1.182484
3445 1.182146
3446 1.182010
3447 1.181618
3448 1.181168
3449 1.180556
3450 1.180336
3451 1.180218
3452 1.180310
3453 1.179896
3454 1.180410
3455 1.180740
3456 1.180974
3457 1.181074
3458 1.180760
3459 1.181008
3460 1.181164
3461 1.181276
3462 1.180838
3463 1.180234
3464 1.180276
3465 1.179774
3466 1.179704
3467 1.179498
3468 1.179414
3469 1.179430
3470 1.179956
3471 1.179808
3472 1.179780
3473 1.179558
3474 1.179284
3475 1.179432
3476 1.179588
3477 1.180360
3478 1.180402
3479 1.180734
3480 1.180436
3481 1.180768
3482 1.181206
3483 1.180958
3484 1.180796
3485 1.181682
3486 1.181752
3487 1.182006
3488 1.182086
3489 1.181656
3490 1.181508
3491 1.180898
3492 1.181126
3493 1.181582
3494 1.181318
3495 1.181388
3496 1.181324
3497 1.182056
3498 1.181748
3499 1.181580
3500 1.181152
3501 1.180872


Active cycles: 2000
k_mean: 1.182938
k_stddev(cycle): 0.001231
k_stderr(mean): 0.000028
