1 1.349543
2 0.923372
3 0.923372
4 1.278515
5 0.923372
6 1.136458
7 1.018077
8 1.231162
9 0.947048
10 0.923372
11 0.639257
12 0.804991
13 1.018077
14 0.520876
15 1.349543
16 0.094705
17 9.328423
18 0.331467
19 1.041753
20 0.970724
21 0.852343
22 1.396896
23 1.065429
24 1.041753
25 1.112781
26 1.349543
27 0.994400
28 1.254839
29 1.373220
30 1.089105
31 1.136458
32 1.207486
33 1.325867
34 0.118381
35 7.410651
36 0.189410
37 1.160134
38 0.189410
39 4.048630
40 0.662934
41 1.160134
42 0.260438
43 0.071029
44 36.745462
45 0.047352
46 1.160134
47 1.231162
48 0.970724
49 1.373220
50 1.160134
51 1.349543
52 1.136458
53 1.325867
54 1.254839
55 1.254839
56 1.089105
57 1.160134
58 1.183810
59 1.207486
60 1.136458
61 1.231162
62 1.183810
63 1.183810
64 1.231162
65 1.089105
66 1.207486
67 0.213086
68 4.119659
69 0.568229
70 1.278515
71 0.426172
72 1.467924
73 0.236762
74 1.681010
75 2.036153
76 1.183810
77 0.994400
78 1.065429
79 1.207486
80 1.160134
81 1.065429
82 1.112781
83 1.349543
84 1.160134
85 1.278515
86 0.876019
87 0.828667
88 0.165733
89 2.178210
90 1.112781
91 1.018077
92 1.112781
93 1.041753
94 1.183810
95 1.254839
96 0.852343
97 1.467924
98 1.254839
99 0.876019
100 0.994400
101 1.089105
102 1.254839
103 1.207486
104 1.254839
105 1.018077
106 0.804991
107 1.160134
108 0.994400
109 1.207486
110 1.136458
111 1.136458
112 1.349543
113 1.041753
114 1.183810
115 1.254839
116 1.302191
117 0.449848
118 2.462325
119 1.160134
120 1.254839
121 1.089105
122 1.089105
123 1.325867
124 0.094705
125 11.104138
126 0.189410
127 1.183810
128 1.112781
129 0.947048
130 1.041753
131 1.231162
132 0.852343
133 1.207486
134 1.018077
135 1.207486
136 1.231162
137 1.089105
138 1.396896
139 0.923372
140 1.136458
141 1.065429
142 0.947048
143 1.160134
144 0.828667
145 1.254839
146 1.018077
147 1.041753
148 1.112781
149 1.207486
150 0.023676
151 58.740652
152 0.047352
153 1.302191
154 0.071029
155 13.448082
156 0.142057
157 0.852343
158 1.183810
159 1.231162
160 1.254839
161 1.112781
162 1.302191
163 1.207486
164 0.804991
165 1.302191
166 1.136458
167 0.970724
168 1.302191
169 1.254839
170 1.112781
171 1.586305
172 0.426172
173 1.894096
174 0.781315
175 0.852343
176 0.994400
177 0.804991
178 0.733962
179 1.278515
180 1.136458
181 1.207486
182 1.254839
183 1.160134
184 1.325867
185 1.065429
186 1.065429
187 1.183810
188 1.160134
189 1.065429
190 0.947048
191 1.112781
192 1.112781
193 1.112781
194 1.112781
195 1.089105
196 1.396896
197 0.260438
198 2.130858
199 0.899696
200 1.278515
201 1.018077
202 1.325867
203 1.112781
204 1.065429
205 1.325867
206 1.183810
207 0.923372
208 1.183810
209 1.302191
210 1.018077
211 1.231162
212 1.112781
213 1.302191
214 0.023676
215 50.098839
216 0.047352
217 0.923372
218 1.278515
219 1.254839
220 1.136458
221 1.231162
222 1.136458
223 1.183810
224 1.254839
225 1.254839
226 0.284114
227 2.604382
228 1.207486
229 0.071029
230 17.496712
231 0.071029
232 1.207486
233 0.213086
234 2.438649
235 1.018077
236 1.302191
237 1.231162
238 0.094705
239 12.027510
240 0.213086
241 1.207486
242 0.970724
243 1.231162
244 0.284114
245 1.894096
246 1.444248
247 0.094705
248 8.689165
249 0.426172
250 1.136458
251 0.307791
252 0.520876
253 3.243639
254 0.947048
255 1.018077
256 0.947048
257 1.065429
258 1.302191
259 0.923372
260 1.018077
261 0.899696
262 1.396896
263 1.112781
264 1.065429
265 1.089105
266 1.325867
267 0.970724
268 1.183810
269 1.018077
270 1.420572
271 0.284114
272 1.018077
273 2.438649
274 1.302191
275 0.142057
276 6.084783
277 0.520876
278 1.065429
279 0.520876
280 1.894096
281 0.828667
282 0.639257
283 1.112781
284 0.497200
285 1.657334
286 0.260438
287 0.947048
288 0.094705
289 25.854410
290 0.047352
291 1.231162
292 0.331467
293 1.704686
294 1.870420
295 0.142057
296 1.491601
297 1.870420
298 0.497200
299 1.325867
300 1.065429
301 1.278515
302 0.994400
303 1.041753
304 1.420572
305 1.254839
306 1.160134
307 1.041753
308 1.420572
309 0.923372
310 1.254839
311 1.302191
312 0.284114
313 1.752039
314 1.941448
315 1.183810
316 0.923372
317 1.136458
318 1.041753
319 1.278515
320 1.089105
321 0.923372
322 1.254839
323 0.899696
324 1.254839
325 1.325867
326 1.183810
327 0.828667
328 1.207486
329 1.302191
330 0.213086
331 3.598782
332 0.615581
333 1.207486
334 0.284114
335 2.343944
336 1.420572
337 0.994400
338 1.396896
339 0.331467
340 0.710286
341 1.065429
342 0.118381
343 20.977113
344 0.094705
345 1.112781
346 0.994400
347 1.183810
348 1.065429
349 1.112781
350 1.112781
351 1.089105
352 1.231162
353 1.231162
354 1.089105
355 1.562629
356 0.094705
357 7.978879
358 0.473524
359 1.018077
360 0.071029
361 11.506633
362 0.213086
363 0.804991
364 0.970724
365 1.112781
366 1.254839
367 1.183810
368 1.089105
369 1.254839
370 0.189410
371 4.095983
372 0.568229
373 1.491601
374 1.065429
375 1.207486
376 1.254839
377 0.071029
378 15.200120
379 0.142057
380 0.899696
381 1.254839
382 1.041753
383 1.136458
384 1.089105
385 1.207486
386 1.136458
387 1.041753
388 1.231162
389 1.231162
390 1.065429
391 1.325867
392 1.302191
393 0.994400
394 1.089105
395 1.160134
396 0.923372
397 1.373220
398 1.231162
399 0.118381
400 10.015033
401 0.307791
402 0.852343
403 1.349543
404 0.923372
405 1.041753
406 1.278515
407 0.071029
408 13.708520
409 0.213086
410 1.302191
411 0.876019
412 0.923372
413 1.183810
414 1.136458
415 0.970724
416 1.231162
417 0.947048
418 1.420572
419 0.970724
420 1.325867
421 0.876019
422 1.278515
423 0.378819
424 0.852343
425 0.733962
426 1.089105
427 2.320268
428 1.065429
429 1.444248
430 0.947048
431 1.373220
432 1.278515
433 0.970724
434 1.112781
435 1.302191
436 1.112781
437 1.065429
438 1.325867
439 1.136458
440 1.065429
441 1.349543
442 1.420572
443 0.213086
444 2.557030
445 0.970724
446 1.183810
447 1.586305
448 0.284114
449 1.254839
450 1.917772
451 1.089105
452 0.970724
453 1.254839
454 1.207486
455 1.160134
456 1.349543
457 1.065429
458 1.112781
459 1.254839
460 1.231162
461 1.065429
462 1.278515
463 1.041753
464 1.018077
465 1.278515
466 0.023676
467 49.270172
468 0.023676
469 0.923372
470 1.302191
471 1.396896
472 1.041753
473 0.970724
474 1.065429
475 0.970724
476 1.254839
477 1.112781
478 1.018077
479 1.349543
480 0.970724
481 1.444248
482 0.355143
483 0.497200
484 3.811868
485 0.876019
486 0.047352
487 36.177234
488 0.047352
489 1.515277
490 0.236762
491 1.704686
492 1.467924
493 0.118381
494 6.345222
495 0.378819
496 1.065429
497 0.852343
498 1.089105
499 1.231162
500 1.254839
501 1.065429
502 1.302191
503 1.207486
504 1.160134
505 1.089105
506 1.467924
507 0.236762
508 2.509677
509 1.112781
510 1.207486
511 1.160134
512 1.231162
513 1.065429
514 1.112781
515 1.254839
516 0.189410
517 3.788192
518 1.112781
519 1.065429
520 1.183810
521 1.136458
522 1.136458
523 1.112781
524 1.136458
525 1.065429
526 0.994400
527 1.278515
528 1.089105
529 1.302191
530 0.970724
531 1.231162
532 1.325867
533 1.065429
534 1.254839
535 1.160134
536 0.852343
537 1.112781
538 1.018077
539 1.278515
540 1.231162
541 1.183810
542 0.899696
543 1.065429
544 0.994400
545 1.325867
546 1.160134
547 0.023676
548 58.030366
549 0.023676
550 1.325867
551 0.023676
552 50.217220
553 0.047352
554 0.804991
555 0.994400
556 0.426172
557 0.852343
558 1.089105
559 1.089105
560 1.278515
561 1.373220
562 0.142057
563 4.332745
564 0.710286
565 1.065429
566 0.497200
567 1.444248
568 0.923372
569 1.207486
570 0.094705
571 11.625014
572 0.355143
573 1.041753
574 0.236762
575 1.941448
576 1.515277
577 0.094705
578 8.949604
579 0.355143
580 1.444248
581 0.520876
582 1.254839
583 0.023676
584 53.958060
585 0.023676
586 1.396896
587 0.118381
588 7.292270
589 0.473524
590 1.278515
591 0.142057
592 2.462325
593 1.444248
594 1.018077
595 1.160134
596 1.302191
597 1.160134
598 1.065429
599 1.065429
600 1.065429
601 1.160134
602 0.852343
603 1.160134
604 1.325867
605 0.828667
606 1.207486
607 1.183810
608 1.207486
609 1.160134
610 1.041753
611 0.757638
612 1.373220
613 1.609982
614 0.307791
615 0.473524
616 3.314668
617 1.112781
618 1.396896
619 1.254839
620 1.065429
621 1.254839
622 1.089105
623 1.018077
624 1.183810
625 1.065429
626 1.041753
627 0.970724
628 1.065429
629 0.994400
630 1.278515
631 1.089105
632 1.065429
633 1.089105
634 1.207486
635 1.183810
636 0.923372
637 1.278515
