1 1.183810
2 0.189410
3 0.189410
4 0.201248
5 0.201248
6 0.201248
7 0.213086
8 0.213086
9 0.213086
10 0.213086
11 0.213086
12 0.248600
13 0.378819
14 0.485362
15 0.532714
16 0.556391
17 0.603743
18 0.674772
19 0.722124
20 0.793153
21 0.828667
22 0.840505
23 0.911534
24 0.923372
25 0.923372
26 0.935210
27 0.982562
28 0.272276
29 0.272276
30 0.272276
31 0.272276
32 0.272276
33 0.272276
34 0.272276
35 0.272276
36 0.284114
37 0.331467
38 0.331467
39 0.366981
40 0.390657
41 0.390657
42 0.449848
43 0.485362
44 0.556391
45 0.662934
46 0.662934
47 0.722124
48 0.733962
49 0.804991
50 0.816829
51 0.816829
52 0.840505
53 0.899696
54 0.911534
55 0.958886
56 0.615581
57 0.615581
58 0.615581
59 0.627419
60 0.627419
61 0.627419
62 0.627419
63 0.674772
64 0.710286
65 0.745800
66 0.769477
67 0.804991
68 0.840505
69 0.852343
70 0.852343
71 0.864181
72 0.887858
73 0.911534
74 0.970724
75 0.438010
76 0.438010
77 0.438010
78 0.438010
79 0.438010
80 0.438010
81 0.438010
82 0.438010
83 0.438010
84 0.449848
85 0.449848
86 0.449848
87 0.532715
88 0.568229
89 0.615581
90 0.639257
91 0.674772
92 0.745800
93 0.769477
94 0.793153
95 0.816829
96 0.876019
97 0.911534
98 0.947048
99 0.958886
100 0.568229
101 0.568229
102 0.580067
103 0.580067
104 0.580067
105 0.580067
106 0.580067
107 0.603743
108 0.639257
109 0.698448
110 0.722124
111 0.745800
112 0.781315
113 0.816829
114 0.876019
115 0.899696
116 0.958886
117 0.402495
118 0.414334
119 0.414334
120 0.414334
121 0.438010
122 0.449848
123 0.449848
124 0.449848
125 0.461686
126 0.473524
127 0.509038
128 0.627419
129 0.674772
130 0.698448
131 0.722124
132 0.733962
133 0.793153
134 0.804991
135 0.804991
136 0.816829
137 0.828667
138 0.876019
139 0.876019
140 0.911534
141 0.947048
142 0.970724
143 0.544553
144 0.544553
145 0.544553
146 0.544553
147 0.556391
148 0.556391
149 0.556391
150 0.556391
151 0.580067
152 0.591905
153 0.603743
154 0.603743
155 0.674772
156 0.722124
157 0.733962
158 0.793153
159 0.816829
160 0.840505
161 0.899696
162 0.923372
163 0.958886
164 0.473524
165 0.473524
166 0.473524
167 0.473524
168 0.473524
169 0.473524
170 0.473524
171 0.473524
172 0.485362
173 0.532715
174 0.556391
175 0.591905
176 0.639257
177 0.698448
178 0.745800
179 0.781315
180 0.816829
181 0.840505
182 0.887858
183 0.923372
184 0.947048
185 0.970724
186 0.485362
187 0.485362
188 0.485362
189 0.485362
190 0.485362
191 0.485362
192 0.485362
193 0.485362
194 0.485362
195 0.497200
196 0.556391
197 0.615581
198 0.722124
199 0.757638
200 0.769477
201 0.781315
202 0.828667
203 0.876019
204 0.887858
205 0.911534
206 0.935210
207 0.958886
208 0.627419
209 0.627419
210 0.627419
211 0.639257
212 0.639257
213 0.639257
214 0.639257
215 0.639257
216 0.651096
217 0.651096
218 0.674772
219 0.722124
220 0.781315
221 0.793153
222 0.804991
223 0.840505
224 0.887858
225 0.923372
226 0.947048
227 0.509038
228 0.509038
229 0.509038
230 0.509038
231 0.509038
232 0.509038
233 0.520876
234 0.532714
235 0.544553
236 0.568229
237 0.568229
238 0.580067
239 0.674772
240 0.757638
241 0.781315
242 0.816829
243 0.864181
244 0.899696
245 0.923372
246 0.958886
247 0.556391
248 0.556391
249 0.556391
250 0.556391
251 0.568229
252 0.580067
253 0.603743
254 0.603743
255 0.615581
256 0.651095
257 0.651095
258 0.686610
259 0.698448
260 0.710286
261 0.781315
262 0.816829
263 0.864181
264 0.887857
265 0.923372
266 0.970724
267 0.438010
268 0.438010
269 0.449848
270 0.449848
271 0.473524
272 0.473524
273 0.473524
274 0.473524
275 0.473524
276 0.520876
277 0.568229
278 0.627419
279 0.662934
280 0.710286
281 0.722124
282 0.757638
283 0.793153
284 0.793153
285 0.828667
286 0.852343
287 0.852343
288 0.852343
289 0.852343
290 0.935210
291 1.006238
292 0.544553
293 0.544553
294 0.544553
295 0.544553
296 0.544553
297 0.544553
298 0.544553
299 0.544553
300 0.568229
301 0.639257
302 0.639257
303 0.674772
304 0.674772
305 0.722124
306 0.804991
307 0.840505
308 0.899696
309 0.911534
310 0.958886
311 0.473524
312 0.473524
313 0.473524
314 0.473524
315 0.473524
316 0.497200
317 0.497200
318 0.497200
319 0.520876
320 0.520876
321 0.532714
322 0.568229
323 0.627419
324 0.674772
325 0.710286
326 0.781315
327 0.793153
328 0.828667
329 0.828667
330 0.852343
331 0.876019
332 0.899696
333 0.911534
334 0.935210
335 0.970724
336 0.556391
337 0.556391
338 0.556391
339 0.556391
340 0.556391
341 0.556391
342 0.591905
343 0.603743
344 0.615581
345 0.627419
346 0.745800
347 0.781315
348 0.840505
349 0.864181
350 0.911534
351 0.935210
352 0.958886
353 0.248600
354 0.248600
355 0.248600
356 0.260438
357 0.260438
358 0.260438
359 0.272276
360 0.284114
361 0.284114
362 0.284114
363 0.402495
364 0.426172
365 0.426172
366 0.438010
367 0.509038
368 0.509038
369 0.568229
370 0.651096
371 0.710286
372 0.745800
373 0.769477
374 0.887858
375 0.958886
376 0.568229
377 0.568229
378 0.568229
379 0.568229
380 0.580067
381 0.580067
382 0.603743
383 0.627419
384 0.639257
385 0.651096
386 0.651096
387 0.651096
388 0.674772
389 0.722124
390 0.769477
391 0.793153
392 0.804991
393 0.816829
394 0.876019
395 0.899696
396 0.923372
397 0.935210
398 0.947048
399 0.994400
400 0.509038
401 0.509038
402 0.509038
403 0.509038
404 0.509038
405 0.509038
406 0.509038
407 0.509038
408 0.509038
409 0.509038
410 0.544553
411 0.580067
412 0.651096
413 0.662934
414 0.722124
415 0.745800
416 0.804991
417 0.887858
418 0.923372
419 0.935210
420 0.958886
421 0.461686
422 0.461686
423 0.473524
424 0.473524
425 0.473524
426 0.473524
427 0.485362
428 0.485362
429 0.497200
430 0.497200
431 0.520876
432 0.556391
433 0.591905
434 0.627419
435 0.639257
436 0.639257
437 0.639257
438 0.662934
439 0.698448
440 0.733962
441 0.745800
442 0.769477
443 0.793153
444 0.816829
445 0.816829
446 0.816829
447 0.864181
448 0.911534
449 0.935210
450 1.006239
451 0.473524
452 0.473524
453 0.473524
454 0.473524
455 0.473524
456 0.473524
457 0.473524
458 0.485362
459 0.556391
460 0.568229
461 0.580067
462 0.580067
463 0.580067
464 0.591905
465 0.615581
466 0.651096
467 0.745800
468 0.781315
469 0.816829
470 0.864181
471 0.923372
472 0.947048
473 0.958886
474 0.402495
475 0.402495
476 0.402495
477 0.402495
478 0.402495
479 0.402495
480 0.402495
481 0.438010
482 0.497200
483 0.544553
484 0.603743
485 0.674772
486 0.698448
487 0.698448
488 0.722124
489 0.757638
490 0.804991
491 0.828667
492 0.828667
493 0.923372
494 0.947048
495 0.958886
496 0.485362
497 0.485362
498 0.485362
499 0.532714
500 0.532714
501 0.544553
502 0.556391
503 0.568229
504 0.591905
505 0.615581
506 0.615581
507 0.698448
508 0.722124
509 0.793153
510 0.840505
511 0.864181
512 0.958886
513 0.580067
514 0.580067
515 0.580067
516 0.580067
517 0.580067
518 0.580067
519 0.591905
520 0.603743
521 0.615581
522 0.639257
523 0.686610
524 0.686610
525 0.733962
526 0.769476
527 0.804991
528 0.804991
529 0.816829
530 0.828667
531 0.828667
532 0.887857
533 0.899696
534 0.911534
535 0.947048
536 0.958886
537 0.449848
538 0.449848
539 0.449848
540 0.449848
541 0.461686
542 0.461686
543 0.461686
544 0.461686
545 0.473524
546 0.497200
547 0.556391
548 0.639257
549 0.651095
550 0.651095
551 0.651095
552 0.662934
553 0.662934
554 0.698448
555 0.722124
556 0.733962
557 0.769476
558 0.840505
559 0.852343
560 0.899696
561 0.923372
562 0.935210
563 0.947048
564 0.970724
565 0.449848
566 0.449848
567 0.449848
568 0.461686
569 0.461686
570 0.497200
571 0.509038
572 0.520876
573 0.520876
574 0.544553
575 0.568229
576 0.627419
577 0.674772
578 0.686610
579 0.710286
580 0.733962
581 0.745800
582 0.769476
583 0.793153
584 0.793153
585 0.876019
586 0.947048
587 0.982562
588 0.509038
589 0.509038
590 0.509038
591 0.509038
592 0.497200
593 0.497200
594 0.544553
595 0.556391
596 0.591905
597 0.603743
598 0.639257
599 0.662934
600 0.698448
601 0.698448


Active cycles: 100
k_mean: 0.665064
k_stddev(cycle): 0.156539
k_stderr(mean): 0.015654
Reactivity(rho): -0.503614, Per Cent error compared to reference: 65.888350
Total Time: 8.591177seconds. Average: 0.014295 seconds per cycle.
