1 1.161891
2 1.149039
3 1.140956
4 1.134613
5 1.129485
6 1.124210
7 1.119314
8 1.114718
9 1.109067
10 1.103446
11 1.097825
12 1.093239
13 1.088390
14 1.083582
15 1.078832
16 1.074123
17 1.069667
18 1.065036
19 1.061364
20 1.058404
21 1.055168
22 1.051384
23 1.048697
24 1.046093
25 1.043270
26 1.041310
27 1.038781
28 1.036430
29 1.034543
30 1.032874
31 1.031219
32 1.029491
33 1.028172
34 1.026394
35 1.025535
36 1.024488
37 1.023823
38 1.023129
39 1.022379
40 1.021443
41 1.021235
42 1.020707
43 1.020042
44 1.019975
45 1.020688
46 1.020996
47 1.020740
48 1.020158
49 1.020409
50 1.021304
51 1.021789
52 1.022819
53 1.023174
54 1.023200
55 1.023894
56 1.024346
57 1.024959
58 1.026003
59 1.026503
60 1.027145
61 1.027897
62 1.028830
63 1.030677
64 1.031705
65 1.033111
66 1.034775
67 1.035067
68 1.037155
69 1.038190
70 1.039496
71 1.040574
72 1.041320
73 1.042080
74 1.043266
75 1.044587
76 1.045498
77 1.047362
78 1.048531
79 1.049301
80 1.050219
81 1.052154
82 1.054188
83 1.055397
84 1.056728
85 1.058085
86 1.059609
87 1.061316
88 1.062957
89 1.064397
90 1.065768
91 1.066897
92 1.068810
93 1.070100
94 1.071206
95 1.072300
96 1.072944
97 1.074862
98 1.076446
99 1.078131
100 1.079076
101 1.080908
102 1.082002
103 1.083416
104 1.084306
105 1.085999
106 1.086936
107 1.088409
108 1.089032
109 1.090987
110 1.091153
111 1.092320
112 1.093608
113 1.094591
114 1.096360
115 1.097624
116 1.098803
117 1.100065
118 1.100844
119 1.102210
120 1.103278
121 1.104142
122 1.105212
123 1.106275
124 1.107483
125 1.107611
126 1.108827
127 1.109656
128 1.109843
129 1.110738
130 1.111844
131 1.113191
132 1.114744
133 1.115014
134 1.115878
135 1.116435
136 1.117389
137 1.118637
138 1.120213
139 1.121047
140 1.121158
141 1.121205
142 1.122022
143 1.123178
144 1.124286
145 1.124783
146 1.125299
147 1.126206
148 1.126937
149 1.128003
150 1.128583
151 1.129516
152 1.129878
153 1.130496
154 1.131306
155 1.132101
156 1.132643
157 1.134024
158 1.134189
159 1.134459
160 1.135636
161 1.135982
162 1.136619
163 1.137076
164 1.138155
165 1.138875
166 1.139689
167 1.140627
168 1.141399
169 1.141905
170 1.142081
171 1.142810
172 1.142777
173 1.143572
174 1.143120
175 1.142995
176 1.144055
177 1.144382
178 1.145154
179 1.145175
180 1.145983
181 1.145933
182 1.146439
183 1.146598
184 1.146345
185 1.147145
186 1.148239
187 1.149243
188 1.149515
189 1.149733
190 1.149394
191 1.150138
192 1.149979
193 1.150633
194 1.150775
195 1.150786
196 1.151492
197 1.152278
198 1.153114
199 1.153414
200 1.153959
201 1.154404
202 1.154615
203 1.155574
204 1.155472
205 1.155642
206 1.155969
207 1.156163
208 1.156578
209 1.156549
210 1.156942
211 1.157099
212 1.157832
213 1.158848
214 1.158995
215 1.159989
216 1.160681
217 1.160423
218 1.160944
219 1.160541
220 1.160704
221 1.161500
222 1.161924
223 1.162288
224 1.162759
225 1.163025
226 1.163155
227 1.162738
228 1.163311
229 1.163685
230 1.163212
231 1.163846
232 1.163472
233 1.163501
234 1.163988
235 1.163898
236 1.164296
237 1.163735
238 1.163879
239 1.163278
240 1.163910
241 1.164609
242 1.164897
243 1.165492
244 1.165998
245 1.165925
246 1.165880
247 1.166050
248 1.166245
249 1.166247
250 1.165984
251 1.165418
252 1.166261
253 1.166640
254 1.166444
255 1.166013
256 1.166275
257 1.166171
258 1.166320
259 1.166190
260 1.167118
261 1.167277
262 1.167518
263 1.167618
264 1.167795
265 1.168326
266 1.168548
267 1.168821
268 1.168832
269 1.169550
270 1.169029
271 1.169652
272 1.169422
273 1.168735
274 1.168697
275 1.168250
276 1.167722
277 1.167755
278 1.167987
279 1.167904
280 1.167821
281 1.168283
282 1.169015
283 1.168885
284 1.169216
285 1.168780
286 1.169848
287 1.170414
288 1.170511
289 1.171723
290 1.171520
291 1.171198
292 1.171842
293 1.172069
294 1.172737
295 1.172872
296 1.172464
297 1.172232
298 1.172377
299 1.172296
300 1.172516
301 1.172126
302 1.171811
303 1.171444
304 1.171738
305 1.171617
306 1.171548
307 1.172138
308 1.171709
309 1.171936
310 1.171896
311 1.172353
312 1.172493
313 1.172940
314 1.172969
315 1.173125
316 1.173274
317 1.173726
318 1.174193
319 1.174474
320 1.175135
321 1.175007
322 1.175289
323 1.176056
324 1.175725
325 1.176340
326 1.175950
327 1.176667
328 1.176570
329 1.177001
330 1.176908
331 1.177098
332 1.177065
333 1.176340
334 1.175817
335 1.175999
336 1.175585
337 1.175317
338 1.175332
339 1.175455
340 1.175334
341 1.174870
342 1.175052
343 1.175393
344 1.175630
345 1.175216
346 1.175242
347 1.175171
348 1.175429
349 1.175391
350 1.175523
351 1.175717
352 1.175374
353 1.176160
354 1.176354
355 1.177055
356 1.176378
357 1.176314
358 1.176229
359 1.176494
360 1.176454
361 1.176035
362 1.175999
363 1.176094
364 1.176144
365 1.176544
366 1.176428
367 1.176942
368 1.177209
369 1.177818
370 1.177432
371 1.177604
372 1.177647
373 1.177664
374 1.177900
375 1.178090
376 1.178149
377 1.177709
378 1.177403
379 1.176894
380 1.176636
381 1.176378
382 1.176461
383 1.176504
384 1.176061
385 1.176991
386 1.177477
387 1.177429
388 1.177898
389 1.177569
390 1.178308
391 1.177924
392 1.177436
393 1.177957
394 1.178298
395 1.178417
396 1.178589
397 1.178199
398 1.178324
399 1.178251
400 1.178166
401 1.177479
402 1.177586
403 1.177749
404 1.177770
405 1.177768
406 1.177541
407 1.177751
408 1.178376
409 1.178696
410 1.178535
411 1.178431
412 1.178104
413 1.178587
414 1.178144
415 1.177486
416 1.178071
417 1.177765
418 1.177829
419 1.178007
420 1.177889
421 1.177881
422 1.177834
423 1.177614
424 1.178007
425 1.177709
426 1.177600
427 1.177578
428 1.177060
429 1.176691
430 1.177512
431 1.177671
432 1.178904
433 1.178750
434 1.178656
435 1.178885
436 1.178869
437 1.179340
438 1.179449
439 1.180199
440 1.180614
441 1.180860
442 1.181047
443 1.180886
444 1.180332
445 1.180498
446 1.180457
447 1.180218
448 1.180218
449 1.179816
450 1.179953
451 1.179842
452 1.180138
453 1.180159
454 1.180453
455 1.180517
456 1.180216
457 1.180270
458 1.179811
459 1.180351
460 1.180401
461 1.180469
462 1.179529
463 1.179558
464 1.179470
465 1.179238
466 1.179326
467 1.179205
468 1.178708
469 1.179179
470 1.179127
471 1.179510
472 1.179394
473 1.178743
474 1.178599
475 1.178132
476 1.177784
477 1.177801
478 1.178140
479 1.178843
480 1.178691
481 1.178362
482 1.177900
483 1.178563
484 1.178739
485 1.178890
486 1.179496
487 1.179210
488 1.179368
489 1.178762
490 1.178511
491 1.177886
492 1.177770
493 1.177773
494 1.178346
495 1.179020
496 1.179018
497 1.178968
498 1.178523
499 1.178433
500 1.177945
501 1.177900
502 1.177301
503 1.177702
504 1.177732
505 1.178099
506 1.178781
507 1.179236
508 1.179068
509 1.178537
510 1.179039
511 1.179072
512 1.180289
513 1.180192
514 1.180983
515 1.181239
516 1.181433
517 1.181038
518 1.180519
519 1.180472
520 1.180017
521 1.179851
522 1.179759
523 1.180346
524 1.179207
525 1.179401
526 1.179061
527 1.179210
528 1.178923
529 1.179352
530 1.178954
531 1.179262
532 1.179607
533 1.179816
534 1.179847
535 1.180436
536 1.181049
537 1.180888
538 1.180891
539 1.180259
540 1.180761
541 1.181016
542 1.181305
543 1.181494
544 1.182013
545 1.182536
546 1.182520
547 1.182820
548 1.182432
549 1.182129
550 1.181930
551 1.182411
552 1.182143
553 1.182733
554 1.183045
555 1.182610
556 1.181852
557 1.181296
558 1.181322
559 1.181786
560 1.182053
561 1.182759
562 1.182591
563 1.182399
564 1.181653
565 1.181672
566 1.181350
567 1.181225
568 1.181227
569 1.181608
570 1.181222
571 1.181191
572 1.180867
573 1.181184
574 1.181144
575 1.181580
576 1.181246
577 1.181336
578 1.181194
579 1.181170
580 1.181307
581 1.180519
582 1.180341
583 1.180675
584 1.181007
585 1.181087
586 1.180491
587 1.180694
588 1.180275
589 1.180327
590 1.180922
591 1.181019
592 1.181227
593 1.181026
594 1.180195
595 1.180533
596 1.180805
597 1.181182
598 1.181592
599 1.181158
600 1.180431
601 1.180370
602 1.180301
603 1.180133
604 1.180573
605 1.180850
606 1.181277
607 1.180952
608 1.181409
609 1.181895
610 1.181135
611 1.180758
612 1.181539
613 1.181916
614 1.181253
615 1.181324
616 1.180500
617 1.180763
618 1.181004
619 1.180779
620 1.180931
621 1.180552
622 1.180531
623 1.180064
624 1.179432
625 1.179193
626 1.178784
627 1.178994
628 1.178618
629 1.178940
630 1.179094
631 1.179397
632 1.179655
633 1.180263
634 1.180256
635 1.180183
636 1.180820
637 1.180711
638 1.180761
639 1.181779
640 1.182328
641 1.182520
642 1.182148
643 1.182212
644 1.182508
645 1.183052
646 1.182946
647 1.183145
648 1.183410
649 1.183135
650 1.182986
651 1.182129
652 1.182058
653 1.182700
654 1.182756
655 1.182415
656 1.183270
657 1.183048
658 1.182247
659 1.182510
660 1.183036
661 1.182771
662 1.182619
663 1.182711
664 1.182155
665 1.181191
666 1.181364
667 1.181665
668 1.182075
669 1.181634
670 1.181191
671 1.181199
672 1.181054
673 1.181087
674 1.180678
675 1.180801
676 1.181172
677 1.180720
678 1.180682
679 1.180616
680 1.180306
681 1.180225
682 1.180209
683 1.180796
684 1.180966
685 1.180249
686 1.179799
687 1.180117
688 1.180311
689 1.179929
690 1.179906
691 1.179465
692 1.179264
693 1.179345
694 1.179660
695 1.180159
696 1.180382
697 1.180566
698 1.180815
699 1.180718
700 1.180609
701 1.180907
702 1.180590
703 1.180716
704 1.181073
705 1.181435
706 1.181154
707 1.181577
708 1.181790
709 1.181580
710 1.181838
711 1.182001
712 1.181807
713 1.181433
714 1.181402
715 1.180841
716 1.180114
717 1.180152
718 1.180308
719 1.181109
720 1.180673
721 1.180637
722 1.180699
723 1.179965
724 1.179989
725 1.180536
726 1.180483
727 1.180512
728 1.180105
729 1.180090
730 1.180128
731 1.180121
732 1.179894
733 1.180266
734 1.180955
735 1.180578
736 1.180552
737 1.181144
738 1.181850
739 1.182638
740 1.182764
741 1.182456
742 1.182181
743 1.182309
744 1.182943
745 1.182688
746 1.183417
747 1.182832
748 1.182882
749 1.182844
750 1.183187
751 1.183194
752 1.183315
753 1.183509
754 1.183611
755 1.183415
756 1.182735
757 1.183332
758 1.183649
759 1.182820
760 1.183014
761 1.182690
762 1.182458
763 1.183119
764 1.182704
765 1.182595
766 1.182458
767 1.181750
768 1.181535
769 1.181277
770 1.181272
771 1.181504
772 1.181980
773 1.181715
774 1.181288
775 1.181168
776 1.181729
777 1.181757
778 1.181265
779 1.181634
780 1.181225
781 1.180846
782 1.180990
783 1.180893
784 1.181300
785 1.181613
786 1.181809
787 1.181461
788 1.181743
789 1.181532
790 1.181393
791 1.181838
792 1.181457
793 1.181158
794 1.181532
795 1.182110
796 1.182160
797 1.181783
798 1.182146
799 1.181876
800 1.182326
801 1.182214
802 1.182091
803 1.181847
804 1.181805
805 1.181847
806 1.181618
807 1.181819
808 1.182162
809 1.181743
810 1.181895
811 1.182292
812 1.182685
813 1.181890
814 1.181828
815 1.181573
816 1.180787
817 1.180439
818 1.180675
819 1.180827
820 1.180578
821 1.181123
822 1.181199
823 1.181613
824 1.181518
825 1.181622
826 1.181047
827 1.180469
828 1.180827
829 1.181587
830 1.181203
831 1.181262
832 1.181577
833 1.181004
834 1.180495
835 1.180384
836 1.180469
837 1.180000
838 1.179333
839 1.179184
840 1.179773
841 1.180109
842 1.180945
843 1.180777
844 1.180772
845 1.180713
846 1.180959
847 1.180907
848 1.181229
849 1.181151
850 1.180465
851 1.180533
852 1.180744
853 1.180564
854 1.180448
855 1.180062
856 1.179333
857 1.179551
858 1.179020
859 1.178573
860 1.178232
861 1.178597
862 1.178705
863 1.179437
864 1.179416
865 1.178866
866 1.178805
867 1.178421
868 1.178710
869 1.179205
870 1.178838
871 1.178575
872 1.178319
873 1.177931
874 1.178246
875 1.178433
876 1.178774
877 1.178646
878 1.179309
879 1.179186
880 1.179345
881 1.179840
882 1.179776
883 1.179385
884 1.179603
885 1.180304
886 1.180704
887 1.180031
888 1.179835
889 1.180216
890 1.179771
891 1.179795
892 1.179652
893 1.179160
894 1.179818
895 1.179193
896 1.179401
897 1.179435
898 1.179255
899 1.179200
900 1.179461
901 1.179290
902 1.178942
903 1.179032
904 1.179361
905 1.179461
906 1.179690
907 1.179731
908 1.179536
909 1.179581
910 1.179127
911 1.179605
912 1.179785
913 1.179686
914 1.179759
915 1.180190
916 1.180420
917 1.180841
918 1.180547
919 1.180216
920 1.179832
921 1.180211
922 1.180448
923 1.180753
924 1.181573
925 1.181745
926 1.182368
927 1.182695
928 1.183507
929 1.183031
930 1.183086
931 1.183194
932 1.183187
933 1.183093
934 1.182541
935 1.183334
936 1.183206
937 1.183095
938 1.183597
939 1.184002
940 1.184454
941 1.183767
942 1.183720
943 1.183602
944 1.183164
945 1.183467
946 1.183391
947 1.183000
948 1.182839
949 1.183038
950 1.183351
951 1.183052
952 1.182588
953 1.182228
954 1.181568
955 1.181196
956 1.181887
957 1.182034
958 1.182150
959 1.181857
960 1.181947
961 1.181440
962 1.181199
963 1.181061
964 1.181137
965 1.180628
966 1.181343
967 1.181075
968 1.181362
969 1.181805
970 1.181760
971 1.181947
972 1.182631
973 1.181876
974 1.181729
975 1.181303
976 1.181449
977 1.182006
978 1.181542
979 1.181696
980 1.181753
981 1.182453
982 1.182245
983 1.181982
984 1.181831
985 1.182032
986 1.182399
987 1.182470
988 1.182678
989 1.181755
990 1.181700
991 1.181570
992 1.181793
993 1.182283
994 1.181876
995 1.182181
996 1.182089
997 1.181734
998 1.181416
999 1.181629
1000 1.181655
1001 1.181618
1002 1.181274
1003 1.181236
1004 1.181625
1005 1.181873
1006 1.181790
1007 1.182603
1008 1.182614
1009 1.182432
1010 1.182141
1011 1.181762
1012 1.181909
1013 1.182432
1014 1.182335
1015 1.182295
1016 1.182887
1017 1.182830
1018 1.183294
1019 1.182882
1020 1.183199
1021 1.183571
1022 1.183798
1023 1.183905
1024 1.183239
1025 1.183237
1026 1.183197
1027 1.182837
1028 1.183055
1029 1.183052
1030 1.183138
1031 1.183519
1032 1.183992
1033 1.183471
1034 1.183270
1035 1.184101
1036 1.183819
1037 1.183284
1038 1.183419
1039 1.183142
1040 1.182891
1041 1.183386
1042 1.183578
1043 1.184575
1044 1.185150
1045 1.184939
1046 1.185110
1047 1.185763
1048 1.185524
1049 1.186107
1050 1.185785
1051 1.184989
1052 1.184615
1053 1.184231
1054 1.184520
1055 1.184627
1056 1.184731
1057 1.184511
1058 1.183344
1059 1.183017
1060 1.182887
1061 1.182884
1062 1.182600
1063 1.182586
1064 1.182539
1065 1.182456
1066 1.182442
1067 1.182093
1068 1.182070
1069 1.181634
1070 1.181537
1071 1.181610
1072 1.181838
1073 1.181906
1074 1.181637
1075 1.181421
1076 1.180616
1077 1.180493
1078 1.180500
1079 1.180384
1080 1.180853
1081 1.180659
1082 1.180450
1083 1.180225
1084 1.179948
1085 1.180573
1086 1.180311
1087 1.180353
1088 1.181194
1089 1.180637
1090 1.181047
1091 1.180886
1092 1.180528
1093 1.180365
1094 1.180427
1095 1.180495
1096 1.180453
1097 1.180983
1098 1.181565
1099 1.181343
1100 1.181603
1101 1.181760
1102 1.181229
1103 1.181679
1104 1.182366
1105 1.182283
1106 1.181722
1107 1.181341
1108 1.181092
1109 1.181831
1110 1.181897
1111 1.182252
1112 1.182887
1113 1.183462
1114 1.183789
1115 1.183086
1116 1.182913
1117 1.183149
1118 1.182588
1119 1.183315
1120 1.183836
1121 1.184011
1122 1.184253
1123 1.184229
1124 1.184724
1125 1.184565
1126 1.184347
1127 1.184236
1128 1.185015
1129 1.185311
1130 1.184823
1131 1.184901
1132 1.184456
1133 1.184840
1134 1.183943
1135 1.183651
1136 1.184156
1137 1.184558
1138 1.184312
1139 1.183985
1140 1.184009
1141 1.184473
1142 1.184196
1143 1.184610
1144 1.185209
1145 1.184762
1146 1.184705
1147 1.185129
1148 1.185131
1149 1.184783
1150 1.184838
1151 1.184634
1152 1.184120
1153 1.184471
1154 1.184321
1155 1.184963
1156 1.184693
1157 1.184317
1158 1.184729
1159 1.183682
1160 1.183545
1161 1.183239
1162 1.183247
1163 1.182842
1164 1.183204
1165 1.183220
1166 1.182771
1167 1.182733
1168 1.182401
1169 1.182262
1170 1.182001
1171 1.181812
1172 1.181625
1173 1.182285
1174 1.181992
1175 1.182711
1176 1.182839
1177 1.183306
1178 1.183048
1179 1.183706
1180 1.183853
1181 1.183569
1182 1.183625
1183 1.183104
1184 1.182631
1185 1.182335
1186 1.181845
1187 1.181816
1188 1.182600
1189 1.183211
1190 1.183647
1191 1.183171
1192 1.183059
1193 1.183083
1194 1.183604
1195 1.183187
1196 1.183381
1197 1.183604
1198 1.182943
1199 1.182659
1200 1.182780
1201 1.183415
1202 1.183876
1203 1.183943
1204 1.183656
1205 1.183599
1206 1.183857
1207 1.184246
1208 1.184475
1209 1.184556
1210 1.184440
1211 1.184326
1212 1.183725
1213 1.183708
1214 1.183533
1215 1.184080
1216 1.184343
1217 1.184572
1218 1.184246
1219 1.184395
1220 1.185119
1221 1.185084
1222 1.185162
1223 1.184527
1224 1.184416
1225 1.184286
1226 1.184137
1227 1.184028
1228 1.183950
1229 1.182785
1230 1.182531
1231 1.182695
1232 1.182425
1233 1.182579
1234 1.182569
1235 1.181963
1236 1.182058
1237 1.182188
1238 1.181731
1239 1.182595
1240 1.182108
1241 1.181880
1242 1.181660
1243 1.182191
1244 1.182183
1245 1.182385
1246 1.182323
1247 1.181954
1248 1.181577
1249 1.181137
1250 1.181094
1251 1.180879
1252 1.179974
1253 1.180315
1254 1.181225
1255 1.181497
1256 1.181073
1257 1.180820
1258 1.180841
1259 1.180895
1260 1.181196
1261 1.180853
1262 1.180843
1263 1.181023
1264 1.181509
1265 1.180938
1266 1.181319
1267 1.181007
1268 1.181528
1269 1.182276
1270 1.182063
1271 1.183036
1272 1.183017
1273 1.182610
1274 1.182072
1275 1.181341
1276 1.181227
1277 1.181539
1278 1.181397
1279 1.181771
1280 1.182065
1281 1.181890
1282 1.182529
1283 1.182771
1284 1.182996
1285 1.182868
1286 1.182489
1287 1.182309
1288 1.182468
1289 1.182700
1290 1.182555
1291 1.182790
1292 1.182934
1293 1.182910
1294 1.183772
1295 1.183573
1296 1.183424
1297 1.183168
1298 1.182932
1299 1.183024
1300 1.183062
1301 1.182759
1302 1.182747
1303 1.183296
1304 1.183540
1305 1.183507
1306 1.183026
1307 1.182887
1308 1.183962
1309 1.183566
1310 1.184284
1311 1.184317
1312 1.183531
1313 1.183476
1314 1.183140
1315 1.182484
1316 1.183026
1317 1.183100
1318 1.183126
1319 1.183609
1320 1.183566
1321 1.184336
1322 1.184310
1323 1.184539
1324 1.184191
1325 1.184551
1326 1.184544
1327 1.184184
1328 1.183656
1329 1.183940
1330 1.183812
1331 1.185176
1332 1.184224
1333 1.184056
1334 1.183983
1335 1.183990
1336 1.183739
1337 1.182984
1338 1.183647
1339 1.183980
1340 1.183959
1341 1.183533
1342 1.183526
1343 1.183694
1344 1.182716
1345 1.182655
1346 1.182138
1347 1.181980
1348 1.182160
1349 1.182181
1350 1.181466
1351 1.182233
1352 1.181949
1353 1.181528
1354 1.180962
1355 1.181234
1356 1.181061
1357 1.182141
1358 1.182657
1359 1.183237
1360 1.183658
1361 1.184151
1362 1.184210
1363 1.183881
1364 1.183907
1365 1.183524
1366 1.183590
1367 1.183410
1368 1.183220
1369 1.183185
1370 1.182629
1371 1.182785
1372 1.182808
1373 1.182943
1374 1.182818
1375 1.183296
1376 1.183247
1377 1.183602
1378 1.182993
1379 1.183550
1380 1.183445
1381 1.183235
1382 1.182764
1383 1.181618
1384 1.181203
1385 1.181532
1386 1.181464
1387 1.181504
1388 1.181312
1389 1.181352
1390 1.181288
1391 1.181521
1392 1.181700
1393 1.182122
1394 1.182015
1395 1.182721
1396 1.182887
1397 1.182825
1398 1.183112
1399 1.183417
1400 1.183329
1401 1.183363
1402 1.183365
1403 1.183552
1404 1.183711
1405 1.183405
1406 1.184011
1407 1.183957
1408 1.183630
1409 1.183609
1410 1.183296
1411 1.183907
1412 1.184553
1413 1.184447
1414 1.184530
1415 1.184302
1416 1.184044
1417 1.184497
1418 1.183900
1419 1.183782
1420 1.183926
1421 1.184153
1422 1.184203
1423 1.184127
1424 1.183772
1425 1.183526
1426 1.182861
1427 1.183239
1428 1.183471
1429 1.183090
1430 1.182920
1431 1.182539
1432 1.182733
1433 1.182631
1434 1.181970
1435 1.182328
1436 1.181504
1437 1.181712
1438 1.182013
1439 1.182243
1440 1.181703
1441 1.181738
1442 1.182318
1443 1.182943
1444 1.182709
1445 1.182647
1446 1.182108
1447 1.182477
1448 1.182740
1449 1.182856
1450 1.182820
1451 1.182920
1452 1.182266
1453 1.182756
1454 1.182946
1455 1.182787
1456 1.182913
1457 1.182157
1458 1.182631
1459 1.182423
1460 1.182811
1461 1.182633
1462 1.183033
1463 1.183052
1464 1.183289
1465 1.183718
1466 1.183673
1467 1.184651
1468 1.184449
1469 1.183928
1470 1.183663
1471 1.183734
1472 1.183898
1473 1.184051
1474 1.184113
1475 1.183772
1476 1.183876
1477 1.183301
1478 1.183237
1479 1.183194
1480 1.183867
1481 1.183696
1482 1.183386
1483 1.183175
1484 1.183216
1485 1.182586
1486 1.182685
1487 1.183031
1488 1.183135
1489 1.183062
1490 1.183280
1491 1.183476
1492 1.183022
1493 1.182458
1494 1.182631
1495 1.182138
1496 1.182423
1497 1.182863
1498 1.182775
1499 1.183469
1500 1.183346
1501 1.183258
1502 1.182749
1503 1.182188
1504 1.182813
1505 1.182647
1506 1.183026
1507 1.182418
1508 1.182380
1509 1.182188
1510 1.182408
1511 1.181963
1512 1.181949
1513 1.182013
1514 1.182214
1515 1.182612
1516 1.182960
1517 1.182186
1518 1.182595
1519 1.183199
1520 1.182146
1521 1.180836
1522 1.181454
1523 1.180962
1524 1.180971
1525 1.180794
1526 1.180877
1527 1.180976
1528 1.180500
1529 1.180079
1530 1.180261
1531 1.180597
1532 1.180775
1533 1.180914
1534 1.181523
1535 1.181561
1536 1.181494
1537 1.181985
1538 1.181821
1539 1.181710
1540 1.182006
1541 1.182349
1542 1.182674
1543 1.182515
1544 1.182245
1545 1.182108
1546 1.182439
1547 1.182176
1548 1.181843
1549 1.181866
1550 1.182683
1551 1.183384
1552 1.183194
1553 1.183391
1554 1.183488
1555 1.183718
1556 1.183100
1557 1.183057
1558 1.183268
1559 1.183123
1560 1.183677
1561 1.183348
1562 1.183062
1563 1.183310
1564 1.183557
1565 1.183829
1566 1.183585
1567 1.183123
1568 1.183389
1569 1.183069
1570 1.182361
1571 1.182333
1572 1.182048
1573 1.182347
1574 1.182188
1575 1.182432
1576 1.182768
1577 1.182910
1578 1.182782
1579 1.183538
1580 1.183157
1581 1.183334
1582 1.183235
1583 1.183128
1584 1.183460
1585 1.183251
1586 1.182768
1587 1.182160
1588 1.182550
1589 1.182861
1590 1.182366
1591 1.182434
1592 1.181793
1593 1.181717
1594 1.181790
1595 1.181831
1596 1.181689
1597 1.181892
1598 1.181750
1599 1.182160
1600 1.182382
1601 1.182437
1602 1.183062
1603 1.183476
1604 1.183284
1605 1.182728
1606 1.182183
1607 1.182709
1608 1.182534
1609 1.182539
1610 1.182458
1611 1.182536
1612 1.182044
1613 1.182075
1614 1.182389
1615 1.182610
1616 1.183071
1617 1.183706
1618 1.184227
1619 1.184158
1620 1.183346
1621 1.183483
1622 1.183557
1623 1.182856
1624 1.183090
1625 1.183130
1626 1.183592
1627 1.182943
1628 1.183104
1629 1.183412
1630 1.183178
1631 1.183114
1632 1.183467
1633 1.183474
1634 1.183791
1635 1.183720
1636 1.184300
1637 1.184307
1638 1.184804
1639 1.185219
1640 1.185702
1641 1.185946
1642 1.185067
1643 1.185498
1644 1.185358
1645 1.185356
1646 1.185740
1647 1.185657
1648 1.185740
1649 1.185176
1650 1.185787
1651 1.185448
1652 1.184942
1653 1.184463
1654 1.184049
1655 1.184319
1656 1.183846
1657 1.183682
1658 1.184087
1659 1.184508
1660 1.184274
1661 1.184485
1662 1.184314
1663 1.183957
1664 1.183516
1665 1.183168
1666 1.183313
1667 1.182943
1668 1.183573
1669 1.184014
1670 1.183767
1671 1.182659
1672 1.182756
1673 1.182077
1674 1.182160
1675 1.182375
1676 1.182240
1677 1.182352
1678 1.183232
1679 1.184146
1680 1.183971
1681 1.183857
1682 1.183062
1683 1.183628
1684 1.183386
1685 1.183244
1686 1.183116
1687 1.183327
1688 1.184153
1689 1.183448
1690 1.183554
1691 1.183419
1692 1.183784
1693 1.184591
1694 1.184044
1695 1.183583
1696 1.183550
1697 1.183135
1698 1.182804
1699 1.182745
1700 1.182382
1701 1.182818
1702 1.183171
1703 1.182728
1704 1.183206
1705 1.183864
1706 1.183445
1707 1.183801
1708 1.183760
1709 1.183713
1710 1.183500
1711 1.183497
1712 1.184409
1713 1.183573
1714 1.182349
1715 1.182742
1716 1.182370
1717 1.183071
1718 1.183703
1719 1.182581
1720 1.181696
1721 1.181637
1722 1.181703
1723 1.181563
1724 1.181878
1725 1.181838
1726 1.182122
1727 1.181885
1728 1.182458
1729 1.182027
1730 1.181722
1731 1.182015
1732 1.181914
1733 1.181980
1734 1.182143
1735 1.182200
1736 1.182534
1737 1.182967
1738 1.183104
1739 1.182837
1740 1.182430
1741 1.182439
1742 1.182778
1743 1.181722
1744 1.182098
1745 1.182723
1746 1.182669
1747 1.182027
1748 1.181217
1749 1.181807
1750 1.181513
1751 1.181243
1752 1.181452
1753 1.181461
1754 1.181059
1755 1.181963
1756 1.181795
1757 1.182349
1758 1.182941
1759 1.183100
1760 1.183772
1761 1.183848
1762 1.183308
1763 1.183322
1764 1.182884
1765 1.183017
1766 1.183244
1767 1.182863
1768 1.183109
1769 1.182655
1770 1.182747
1771 1.183157
1772 1.182932
1773 1.183770
1774 1.183924
1775 1.183149
1776 1.183076
1777 1.183000
1778 1.182756
1779 1.182849
1780 1.183130
1781 1.183154
1782 1.183322
1783 1.183431
1784 1.183774
1785 1.184411
1786 1.184272
1787 1.184899
1788 1.184279
1789 1.184866
1790 1.184314
1791 1.183985
1792 1.184205
1793 1.183656
1794 1.183434
1795 1.183351
1796 1.183235
1797 1.183611
1798 1.182723
1799 1.182354
1800 1.182524
1801 1.182574
1802 1.182844
1803 1.182906
1804 1.182465
1805 1.182316
1806 1.182131
1807 1.182806
1808 1.183119
1809 1.183533
1810 1.182558
1811 1.182434
1812 1.182482
1813 1.182505
1814 1.182927
1815 1.182612
1816 1.182333
1817 1.182806
1818 1.183569
1819 1.183801
1820 1.183744
1821 1.184229
1822 1.184179
1823 1.184364
1824 1.183836
1825 1.183879
1826 1.184049
1827 1.183277
1828 1.182719
1829 1.182539
1830 1.182487
1831 1.182550
1832 1.182827
1833 1.182932
1834 1.182664
1835 1.183699
1836 1.183088
1837 1.182884
1838 1.183211
1839 1.183012
1840 1.182797
1841 1.183183
1842 1.183097
1843 1.183429
1844 1.183557
1845 1.182801
1846 1.183090
1847 1.183386
1848 1.184007
1849 1.183947
1850 1.183202
1851 1.183374
1852 1.183604
1853 1.183758
1854 1.183668
1855 1.182778
1856 1.182998
1857 1.182747
1858 1.182768
1859 1.182257
1860 1.181949
1861 1.182759
1862 1.182652
1863 1.182373
1864 1.182108
1865 1.181781
1866 1.181831
1867 1.181956
1868 1.182143
1869 1.181149
1870 1.181229
1871 1.181260
1872 1.181004
1873 1.181464
1874 1.181570
1875 1.182103
1876 1.181504
1877 1.182479
1878 1.182219
1879 1.182020
1880 1.182477
1881 1.182941
1882 1.182955
1883 1.182491
1884 1.181464
1885 1.180903
1886 1.180138
1887 1.179662
1888 1.180126
1889 1.179911
1890 1.179446
1891 1.179607
1892 1.179304
1893 1.179868
1894 1.180415
1895 1.180491
1896 1.180704
1897 1.180524
1898 1.181052
1899 1.181232
1900 1.181866
1901 1.182041
1902 1.181111
1903 1.181748
1904 1.181561
1905 1.181348
1906 1.181014
1907 1.180841
1908 1.180782
1909 1.181547
1910 1.181485
1911 1.181447
1912 1.181109
1913 1.180121
1914 1.180510
1915 1.180351
1916 1.180370
1917 1.180659
1918 1.180287
1919 1.181033
1920 1.181040
1921 1.180945
1922 1.180843
1923 1.180576
1924 1.179922
1925 1.179643
1926 1.179392
1927 1.178819
1928 1.178985
1929 1.179560
1930 1.179709
1931 1.180365
1932 1.179915
1933 1.180412
1934 1.180429
1935 1.180592
1936 1.180607
1937 1.180938
1938 1.181402
1939 1.181816
1940 1.181961
1941 1.181698
1942 1.181724
1943 1.182252
1944 1.182465
1945 1.182404
1946 1.181736
1947 1.181618
1948 1.181428
1949 1.181360
1950 1.181397
1951 1.181281
1952 1.180384
1953 1.180334
1954 1.180600
1955 1.180536
1956 1.180072
1957 1.179991
1958 1.179536
1959 1.180576
1960 1.180805
1961 1.181622
1962 1.182643
1963 1.181840
1964 1.181698
1965 1.182513
1966 1.182228
1967 1.182520
1968 1.182787
1969 1.182207
1970 1.182247
1971 1.181580
1972 1.181644
1973 1.181535
1974 1.182179
1975 1.182103
1976 1.181641
1977 1.181592
1978 1.181535
1979 1.182316
1980 1.181985
1981 1.182165
1982 1.182344
1983 1.182186
1984 1.181985
1985 1.182195
1986 1.182709
1987 1.182709
1988 1.182951
1989 1.183289
1990 1.183114
1991 1.182875
1992 1.183026
1993 1.183168
1994 1.182603
1995 1.182352
1996 1.182063
1997 1.182193
1998 1.182458
1999 1.183029
2000 1.182719
2001 1.182458
2002 1.181921
2003 1.182174
2004 1.183071
2005 1.182782
2006 1.182276
2007 1.182318
2008 1.182288
2009 1.182219
2010 1.181833
2011 1.182032
2012 1.182752
2013 1.182574
2014 1.182309
2015 1.182496
2016 1.182375
2017 1.181767
2018 1.182484
2019 1.182749
2020 1.182645
2021 1.182406
2022 1.182501
2023 1.182889
2024 1.182446
2025 1.182726
2026 1.182742
2027 1.182378
2028 1.182638
2029 1.182735
2030 1.182939
2031 1.183957
2032 1.183914
2033 1.183538
2034 1.183798
2035 1.183777
2036 1.183258
2037 1.183819
2038 1.183874
2039 1.183479
2040 1.183606
2041 1.183348
2042 1.183502
2043 1.183202
2044 1.182387
2045 1.182030
2046 1.181620
2047 1.181497
2048 1.181580
2049 1.182022
2050 1.181975
2051 1.182167
2052 1.182633
2053 1.183263
2054 1.183204
2055 1.183450
2056 1.183041
2057 1.182505
2058 1.182749
2059 1.183329
2060 1.183438
2061 1.182671
2062 1.182922
2063 1.182501
2064 1.182238
2065 1.182389
2066 1.182451
2067 1.182733
2068 1.182692
2069 1.182427
2070 1.182880
2071 1.183038
2072 1.182761
2073 1.182610
2074 1.182202
2075 1.181821
2076 1.181940
2077 1.181963
2078 1.182700
2079 1.182138
2080 1.182297
2081 1.182117
2082 1.182352
2083 1.182934
2084 1.182740
2085 1.182380
2086 1.182714
2087 1.182536
2088 1.182503
2089 1.183256
2090 1.182281
2091 1.181378
2092 1.181580
2093 1.182200
2094 1.182262
2095 1.182079
2096 1.181241
2097 1.181180
2098 1.181109
2099 1.180405
2100 1.180666
2101 1.180401
2102 1.180256
2103 1.180495
2104 1.180673
2105 1.181296
2106 1.181852
2107 1.181895
2108 1.182124
2109 1.182120
2110 1.182295
2111 1.182463
2112 1.181757
2113 1.181575
2114 1.181511
2115 1.181442
2116 1.181634
2117 1.181961
2118 1.181850
2119 1.181440
2120 1.181284
2121 1.181790
2122 1.181928
2123 1.182269
2124 1.182311
2125 1.182449
2126 1.182273
2127 1.181973
2128 1.182344
2129 1.182380
2130 1.182709
2131 1.182875
2132 1.182352
2133 1.182560
2134 1.182288
2135 1.181828
2136 1.182370
2137 1.181954
2138 1.182527
2139 1.182896
2140 1.183341
2141 1.183225
2142 1.183142
2143 1.182972
2144 1.182276
2145 1.182865
2146 1.182363
2147 1.182311
2148 1.182692
2149 1.182790
2150 1.182903
2151 1.182072
2152 1.182761
2153 1.182562
2154 1.182764
2155 1.182546
2156 1.183213
2157 1.183403
2158 1.182662
2159 1.182726
2160 1.182430
2161 1.182737
2162 1.182745
2163 1.182011
2164 1.181528
2165 1.181438
2166 1.181738
2167 1.181655
2168 1.182205
2169 1.182115
2170 1.182141
2171 1.183268
2172 1.184291
2173 1.184215
2174 1.183708
2175 1.183711
2176 1.183618
2177 1.183460
2178 1.183410
2179 1.183500
2180 1.184101
2181 1.183481
2182 1.183635
2183 1.183739
2184 1.183630
2185 1.183509
2186 1.183327
2187 1.183223
2188 1.183000
2189 1.182946
2190 1.183467
2191 1.182801
2192 1.182723
2193 1.181987
2194 1.181923
2195 1.181790
2196 1.181731
2197 1.181774
2198 1.181895
2199 1.181421
2200 1.180945
2201 1.180798
2202 1.180853
2203 1.181504
2204 1.181594
2205 1.182160
2206 1.182558
2207 1.181973
2208 1.182811
2209 1.182205
2210 1.181786
2211 1.181492
2212 1.181002
2213 1.180969
2214 1.180623
2215 1.181090
2216 1.180997
2217 1.180481
2218 1.180678
2219 1.180221
2220 1.180644
2221 1.180524
2222 1.179932
2223 1.179754
2224 1.180190
2225 1.180375
2226 1.180247
2227 1.180526
2228 1.180439
2229 1.180663
2230 1.180637
2231 1.181362
2232 1.181454
2233 1.181023
2234 1.181277
2235 1.181300
2236 1.181215
2237 1.180995
2238 1.180531
2239 1.180259
2240 1.181476
2241 1.181357
2242 1.181376
2243 1.180957
2244 1.180895
2245 1.181480
2246 1.181845
2247 1.182063
2248 1.182046
2249 1.182086
2250 1.182513
2251 1.182266
2252 1.182387
2253 1.182370
2254 1.182283
2255 1.182569
2256 1.182603
2257 1.182344
2258 1.182089
2259 1.181814
2260 1.181054
2261 1.180955
2262 1.181040
2263 1.179842
2264 1.180010
2265 1.180476
2266 1.180742
2267 1.180879
2268 1.181262
2269 1.181625
2270 1.181703
2271 1.181940
2272 1.181682
2273 1.181895
2274 1.181203
2275 1.180457
2276 1.180024
2277 1.180045
2278 1.179908
2279 1.179854
2280 1.180109
2281 1.180538
2282 1.180320
2283 1.179906
2284 1.179932
2285 1.180140
2286 1.180157
2287 1.180623
2288 1.180526
2289 1.180294
2290 1.179776
2291 1.179553
2292 1.179439
2293 1.179070
2294 1.179035
2295 1.179288
2296 1.178952
2297 1.179008
2298 1.179676
2299 1.180287
2300 1.180280
2301 1.180618
2302 1.180661
2303 1.181028
2304 1.181028
2305 1.180673
2306 1.181042
2307 1.181497
2308 1.181113
2309 1.180948
2310 1.181440
2311 1.181371
2312 1.181665
2313 1.181937
2314 1.181840
2315 1.182148
2316 1.181745
2317 1.181660
2318 1.181494
2319 1.181454
2320 1.181184
2321 1.181028
2322 1.181412
2323 1.181177
2324 1.181123
2325 1.181525
2326 1.181641
2327 1.181506
2328 1.180796
2329 1.180481
2330 1.180417
2331 1.180888
2332 1.180753
2333 1.181698
2334 1.181637
2335 1.181227
2336 1.182304
2337 1.182683
2338 1.182593
2339 1.181726
2340 1.182761
2341 1.182662
2342 1.182633
2343 1.182079
2344 1.182112
2345 1.182269
2346 1.182901
2347 1.183159
2348 1.182903
2349 1.182969
2350 1.182891
2351 1.182927
2352 1.182685
2353 1.183007
2354 1.183791
2355 1.183782
2356 1.183815
2357 1.183005
2358 1.182714
2359 1.182456
2360 1.181906
2361 1.182475
2362 1.182513
2363 1.182368
2364 1.182056
2365 1.181790
2366 1.182063
2367 1.181712
2368 1.181217
2369 1.180969
2370 1.181750
2371 1.182262
2372 1.182406
2373 1.182259
2374 1.181743
2375 1.181987
2376 1.182588
2377 1.182792
2378 1.183301
2379 1.183469
2380 1.183282
2381 1.183038
2382 1.182292
2383 1.182375
2384 1.182884
2385 1.182913
2386 1.182453
2387 1.182574
2388 1.182058
2389 1.183180
2390 1.182335
2391 1.181284
2392 1.181106
2393 1.180898
2394 1.180943
2395 1.180545
2396 1.181348
2397 1.181428
2398 1.181341
2399 1.181315
2400 1.180976
2401 1.181120
2402 1.180995
2403 1.182048
2404 1.181613
2405 1.181374
2406 1.181428
2407 1.181442
2408 1.182004
2409 1.182898
2410 1.182766
2411 1.182600
2412 1.182898
2413 1.182572
2414 1.182820
2415 1.183204
2416 1.183247
2417 1.182939
2418 1.182785
2419 1.182460
2420 1.182136
2421 1.182434
2422 1.182406
2423 1.182872
2424 1.182991
2425 1.182610
2426 1.182207
2427 1.181615
2428 1.181897
2429 1.182228
2430 1.182037
2431 1.181833
2432 1.181916
2433 1.182565
2434 1.183007
2435 1.182896
2436 1.182811
2437 1.182733
2438 1.182657
2439 1.182359
2440 1.182981
2441 1.183228
2442 1.182378
2443 1.182742
2444 1.182958
2445 1.182967
2446 1.182643
2447 1.182333
2448 1.182406
2449 1.182626
2450 1.183460
2451 1.183542
2452 1.182981
2453 1.183147
2454 1.183391
2455 1.183895
2456 1.183270
2457 1.184222
2458 1.184454
2459 1.184669
2460 1.184120
2461 1.183452
2462 1.183183
2463 1.183400
2464 1.183587
2465 1.183112
2466 1.183185
2467 1.182922
2468 1.183692
2469 1.183119
2470 1.183803
2471 1.184191
2472 1.184475
2473 1.184733
2474 1.184201
2475 1.184544
2476 1.185015
2477 1.184572
2478 1.184793
2479 1.185051
2480 1.184589
2481 1.184973
2482 1.184468
2483 1.183950
2484 1.183784
2485 1.183924
2486 1.184191
2487 1.184442
2488 1.184752
2489 1.184651
2490 1.185032
2491 1.185214
2492 1.185145
2493 1.185079
2494 1.185008
2495 1.184712
2496 1.184577
2497 1.184835
2498 1.184932
2499 1.185152
2500 1.185261
2501 1.184759
2502 1.184250
2503 1.184513
2504 1.183883
2505 1.183801
2506 1.183971
2507 1.183680
2508 1.183874
2509 1.183947
2510 1.183540
2511 1.183370
2512 1.183628
2513 1.182458
2514 1.182489
2515 1.182193
2516 1.182150
2517 1.182231
2518 1.182664
2519 1.182842
2520 1.182818
2521 1.183003
2522 1.182621
2523 1.182430
2524 1.181996
2525 1.181996
2526 1.182110
2527 1.181973
2528 1.182179
2529 1.183235
2530 1.183050
2531 1.182977
2532 1.183855
2533 1.184014
2534 1.183422
2535 1.182901
2536 1.182534
2537 1.181970
2538 1.182304
2539 1.182363
2540 1.182091
2541 1.182266
2542 1.182394
2543 1.182110
2544 1.182484
2545 1.182224
2546 1.182553
2547 1.182091
2548 1.181400
2549 1.181627
2550 1.181435
2551 1.182276
2552 1.182262
2553 1.182205
2554 1.182759
2555 1.183152
2556 1.183808
2557 1.183374
2558 1.183464
2559 1.182953
2560 1.183145
2561 1.182958
2562 1.182288
2563 1.182359
2564 1.182162
2565 1.182228
2566 1.182231
2567 1.181857
2568 1.182101
2569 1.182176
2570 1.182645
2571 1.182745
2572 1.182093
2573 1.182217
2574 1.182018
2575 1.181956
2576 1.182418
2577 1.182742
2578 1.182614
2579 1.182884
2580 1.182584
2581 1.182316
2582 1.181644
2583 1.181402
2584 1.181703
2585 1.181802
2586 1.180931
2587 1.180817
2588 1.181045
2589 1.181352
2590 1.181028
2591 1.180867
2592 1.181019
2593 1.181260
2594 1.181085
2595 1.180526
2596 1.181722
2597 1.181767
2598 1.182472
2599 1.182439
2600 1.181864
2601 1.181999
2602 1.181703
2603 1.181149
2604 1.181011
2605 1.181288
2606 1.181632
2607 1.181331
2608 1.181208
2609 1.181288
2610 1.180467
2611 1.180528
2612 1.180600
2613 1.180098
2614 1.180706
2615 1.181196
2616 1.181703
2617 1.182290
2618 1.182733
2619 1.182823
2620 1.183180
2621 1.183206
2622 1.182782
2623 1.182569
2624 1.183022
2625 1.182595
2626 1.182546
2627 1.181783
2628 1.181374
2629 1.180827
2630 1.180929
2631 1.180559
2632 1.180585
2633 1.180663
2634 1.180119
2635 1.180005
2636 1.179567
2637 1.179693
2638 1.180439
2639 1.180576
2640 1.180903
2641 1.181438
2642 1.182084
2643 1.182359
2644 1.182022
2645 1.181703
2646 1.181454
2647 1.180801
2648 1.180753
2649 1.180865
2650 1.181641
2651 1.181291
2652 1.181684
2653 1.182077
2654 1.181447
2655 1.181679
2656 1.181835
2657 1.181535
2658 1.181416
2659 1.181054
2660 1.180950
2661 1.180727
2662 1.180242
2663 1.180704
2664 1.181362
2665 1.181807
2666 1.182636
2667 1.182714
2668 1.183166
2669 1.182934
2670 1.182936
2671 1.183310
2672 1.183476
2673 1.183180
2674 1.183694
2675 1.182456
2676 1.182780
2677 1.183424
2678 1.183789
2679 1.183708
2680 1.183843
2681 1.183940
2682 1.183708
2683 1.182877
2684 1.182880
2685 1.182264
2686 1.182141
2687 1.182290
2688 1.181989
2689 1.182761
2690 1.182844
2691 1.182072
2692 1.182927
2693 1.182297
2694 1.182707
2695 1.182714
2696 1.181906
2697 1.180905
2698 1.180988
2699 1.181592
2700 1.181632
2701 1.180862
2702 1.180801
2703 1.181497
2704 1.182243
2705 1.182236
2706 1.182148
2707 1.182370
2708 1.182489
2709 1.182832
2710 1.183422
2711 1.183310
2712 1.183545
2713 1.183164
2714 1.183595
2715 1.183990
2716 1.183571
2717 1.183315
2718 1.183123
2719 1.182399
2720 1.182501
2721 1.182588
2722 1.182574
2723 1.182600
2724 1.182574
2725 1.182517
2726 1.182969
2727 1.183291
2728 1.183701
2729 1.182439
2730 1.182188
2731 1.181890
2732 1.182120
2733 1.182209
2734 1.182101
2735 1.182508
2736 1.182240
2737 1.181890
2738 1.181897
2739 1.181672
2740 1.181637
2741 1.181809
2742 1.181241
2743 1.181172
2744 1.181731
2745 1.182375
2746 1.182846
2747 1.182636
2748 1.181909
2749 1.182072
2750 1.182567
2751 1.182442
2752 1.182340
2753 1.182541
2754 1.182373
2755 1.182685
2756 1.182818
2757 1.183121
2758 1.183033
2759 1.182418
2760 1.182700
2761 1.182037
2762 1.183014
2763 1.182685
2764 1.182832
2765 1.183415
2766 1.183632
2767 1.183512
2768 1.183258
2769 1.183180
2770 1.183334
2771 1.183043
2772 1.182974
2773 1.183500
2774 1.183853
2775 1.184021
2776 1.184130
2777 1.184132
2778 1.184307
2779 1.184622
2780 1.184473
2781 1.184068
2782 1.183358
2783 1.183467
2784 1.182505
2785 1.183424
2786 1.183005
2787 1.183654
2788 1.183237
2789 1.183611
2790 1.183677
2791 1.183547
2792 1.183261
2793 1.183696
2794 1.184139
2795 1.184042
2796 1.184146
2797 1.183711
2798 1.183793
2799 1.183647
2800 1.182913
2801 1.183322
2802 1.182941
2803 1.183140
2804 1.182304
2805 1.182347
2806 1.181914
2807 1.181932
2808 1.181350
2809 1.181116
2810 1.181338
2811 1.181563
2812 1.181719
2813 1.181523
2814 1.182063
2815 1.182456
2816 1.182157
2817 1.181109
2818 1.180469
2819 1.181064
2820 1.181104
2821 1.181329
2822 1.181457
2823 1.181618
2824 1.182302
2825 1.182077
2826 1.182281
2827 1.182598
2828 1.181895
2829 1.181940
2830 1.181854
2831 1.181800
2832 1.182053
2833 1.182328
2834 1.182167
2835 1.182276
2836 1.181857
2837 1.181861
2838 1.181480
2839 1.181319
2840 1.181090
2841 1.180607
2842 1.180486
2843 1.180836
2844 1.180457
2845 1.180505
2846 1.181423
2847 1.181835
2848 1.181182
2849 1.180888
2850 1.181217
2851 1.181281
2852 1.181047
2853 1.181487
2854 1.181722
2855 1.182304
2856 1.182247
2857 1.182849
2858 1.182953
2859 1.183320
2860 1.183822
2861 1.182584
2862 1.182766
2863 1.182437
2864 1.182086
2865 1.182527
2866 1.182089
2867 1.182366
2868 1.181873
2869 1.181760
2870 1.181530
2871 1.181156
2872 1.180834
2873 1.181307
2874 1.180756
2875 1.181172
2876 1.180912
2877 1.181338
2878 1.181828
2879 1.181854
2880 1.182006
2881 1.182084
2882 1.182354
2883 1.181805
2884 1.181447
2885 1.181513
2886 1.180862
2887 1.180621
2888 1.180673
2889 1.180495
2890 1.180770
2891 1.180957
2892 1.181570
2893 1.181390
2894 1.181608
2895 1.182015
2896 1.182389
2897 1.182527
2898 1.182808
2899 1.183365
2900 1.183862
2901 1.183822
2902 1.184111
2903 1.184253
2904 1.184520
2905 1.184833
2906 1.184532
2907 1.184186
2908 1.183822
2909 1.183827
2910 1.183872
2911 1.183945
2912 1.183737
2913 1.183666
2914 1.183493
2915 1.183943
2916 1.184049
2917 1.184255
2918 1.185041
2919 1.184669
2920 1.184440
2921 1.184558
2922 1.185072
2923 1.184300
2924 1.183720
2925 1.183102
2926 1.183339
2927 1.183280
2928 1.183100
2929 1.183540
2930 1.183083
2931 1.182588
2932 1.183509
2933 1.183405
2934 1.183019
2935 1.182465
2936 1.182721
2937 1.183038
2938 1.183308
2939 1.183010
2940 1.183284
2941 1.183950
2942 1.184004
2943 1.184158
2944 1.184302
2945 1.183784
2946 1.183907
2947 1.183542
2948 1.183175
2949 1.183178
2950 1.183147
2951 1.183265
2952 1.183315
2953 1.183782
2954 1.183853
2955 1.183434
2956 1.183507
2957 1.183677
2958 1.183715
2959 1.184321
2960 1.183772
2961 1.183445
2962 1.183706
2963 1.183632
2964 1.182586
2965 1.182442
2966 1.183057
2967 1.183495
2968 1.183232
2969 1.182903
2970 1.182209
2971 1.183064
2972 1.183280
2973 1.183651
2974 1.183853
2975 1.184392
2976 1.184745
2977 1.184688
2978 1.184669
2979 1.184639
2980 1.184416
2981 1.184243
2982 1.184565
2983 1.184276
2984 1.184359
2985 1.184123
2986 1.183767
2987 1.183592
2988 1.184061
2989 1.184279
2990 1.184411
2991 1.184253
2992 1.185013
2993 1.185164
2994 1.184845
2995 1.184665
2996 1.184418
2997 1.183798
2998 1.183621
2999 1.183718
3000 1.184009
3001 1.184267
3002 1.183801
3003 1.183876
3004 1.183973
3005 1.183898
3006 1.184726
3007 1.184516
3008 1.184040
3009 1.184397
3010 1.183708
3011 1.183299
3012 1.183602
3013 1.183256
3014 1.182875
3015 1.183043
3016 1.183663
3017 1.183670
3018 1.183261
3019 1.183033
3020 1.183067
3021 1.183055
3022 1.183502
3023 1.183950
3024 1.183554
3025 1.183336
3026 1.182832
3027 1.182465
3028 1.182427
3029 1.182465
3030 1.182546
3031 1.182183
3032 1.182603
3033 1.182470
3034 1.182868
3035 1.182567
3036 1.182160
3037 1.181575
3038 1.181760
3039 1.181499
3040 1.182150
3041 1.180642
3042 1.181478
3043 1.181622
3044 1.181786
3045 1.181703
3046 1.181850
3047 1.182254
3048 1.182773
3049 1.183424
3050 1.183202
3051 1.182389
3052 1.182278
3053 1.182555
3054 1.182579
3055 1.182373
3056 1.182482
3057 1.182600
3058 1.182529
3059 1.182453
3060 1.181774
3061 1.181213
3062 1.180962
3063 1.181023
3064 1.181083
3065 1.181423
3066 1.181622
3067 1.181480
3068 1.181229
3069 1.181594
3070 1.182411
3071 1.182955
3072 1.182603
3073 1.182882
3074 1.183171
3075 1.183462
3076 1.184246
3077 1.184227
3078 1.184246
3079 1.184080
3080 1.184272
3081 1.184196
3082 1.184224
3083 1.183938
3084 1.184487
3085 1.184499
3086 1.183595
3087 1.183890
3088 1.183718
3089 1.183247
3090 1.183441
3091 1.183000
3092 1.182974
3093 1.183997
3094 1.184589
3095 1.184063
3096 1.183509
3097 1.183230
3098 1.182688
3099 1.182816
3100 1.182456
3101 1.182695
3102 1.182766
3103 1.182228
3104 1.182472
3105 1.182228
3106 1.182389
3107 1.182572
3108 1.182453
3109 1.183010
3110 1.183315
3111 1.183658
3112 1.183926
3113 1.183535
3114 1.184156
3115 1.184047
3116 1.184513
3117 1.184305
3118 1.184383
3119 1.184274
3120 1.183654
3121 1.184087
3122 1.184125
3123 1.183618
3124 1.183557
3125 1.183161
3126 1.182996
3127 1.182981
3128 1.183097
3129 1.183140
3130 1.183940
3131 1.183973
3132 1.184023
3133 1.183097
3134 1.182354
3135 1.182378
3136 1.182366
3137 1.182685
3138 1.182138
3139 1.181802
3140 1.182108
3141 1.182430
3142 1.182446
3143 1.182832
3144 1.183583
3145 1.183836
3146 1.183007
3147 1.183076
3148 1.183239
3149 1.183685
3150 1.183706
3151 1.183232
3152 1.183434
3153 1.183116
3154 1.183455
3155 1.183711
3156 1.183673
3157 1.183424
3158 1.183175
3159 1.182240
3160 1.183225
3161 1.182870
3162 1.182922
3163 1.182984
3164 1.182946
3165 1.182607
3166 1.183590
3167 1.183497
3168 1.184002
3169 1.184852
3170 1.184449
3171 1.184937
3172 1.185330
3173 1.185652
3174 1.185998
3175 1.185983
3176 1.185931
3177 1.186135
3178 1.185583
3179 1.185659
3180 1.184700
3181 1.185439
3182 1.185515
3183 1.185200
3184 1.184452
3185 1.184686
3186 1.184485
3187 1.183569
3188 1.183694
3189 1.183353
3190 1.183547
3191 1.183718
3192 1.183514
3193 1.183303
3194 1.183706
3195 1.183907
3196 1.184007
3197 1.183602
3198 1.183921
3199 1.183954
3200 1.184144
3201 1.184205
3202 1.183592
3203 1.183592
3204 1.183088
3205 1.182773
3206 1.182193
3207 1.182579
3208 1.182932
3209 1.183022
3210 1.183355
3211 1.184023
3212 1.183685
3213 1.184373
3214 1.184262
3215 1.184132
3216 1.184525
3217 1.183647
3218 1.183521
3219 1.183175
3220 1.183602
3221 1.183287
3222 1.183102
3223 1.182979
3224 1.182553
3225 1.182844
3226 1.182655
3227 1.183379
3228 1.183625
3229 1.184632
3230 1.184847
3231 1.185515
3232 1.185927
3233 1.185666
3234 1.186144
3235 1.186457
3236 1.186365
3237 1.186249
3238 1.185820
3239 1.185832
3240 1.185657
3241 1.185013
3242 1.185349
3243 1.184743
3244 1.184759
3245 1.184677
3246 1.184501
3247 1.184172
3248 1.183426
3249 1.183213
3250 1.183069
3251 1.183223
3252 1.183225
3253 1.183628
3254 1.184409
3255 1.184584
3256 1.184215
3257 1.183947
3258 1.185252
3259 1.184719
3260 1.184407
3261 1.184177
3262 1.184456
3263 1.184980
3264 1.184899
3265 1.185318
3266 1.185195
3267 1.185178
3268 1.185008
3269 1.184307
3270 1.184426
3271 1.184961
3272 1.185190
3273 1.184534
3274 1.184544
3275 1.184168
3276 1.184594
3277 1.184875
3278 1.184203
3279 1.184366
3280 1.184901
3281 1.185041
3282 1.184968
3283 1.185815
3284 1.185337
3285 1.185957
3286 1.186249
3287 1.186140
3288 1.185711
3289 1.185467
3290 1.185818
3291 1.186005
3292 1.186064
3293 1.185920
3294 1.185832
3295 1.186083
3296 1.186109
3297 1.185946
3298 1.186497
3299 1.186774
3300 1.186324
3301 1.186637
3302 1.186350
3303 1.187459
3304 1.187219
3305 1.187406
3306 1.187350
3307 1.187174
3308 1.187096
3309 1.187241
3310 1.186919
3311 1.187177
3312 1.186864
3313 1.186123
3314 1.186050
3315 1.185986
3316 1.185929
3317 1.186609
3318 1.186429
3319 1.186140
3320 1.185891
3321 1.186137
3322 1.185955
3323 1.185531
3324 1.186111
3325 1.186680
3326 1.186315
3327 1.185844
3328 1.186571
3329 1.186111
3330 1.185422
3331 1.185827
3332 1.185661
3333 1.185131
3334 1.185512
3335 1.185780
3336 1.185633
3337 1.185250
3338 1.185323
3339 1.185321
3340 1.185257
3341 1.185008
3342 1.184904
3343 1.184582
3344 1.185150
3345 1.184170
3346 1.184302
3347 1.184627
3348 1.184797
3349 1.184752
3350 1.185332
3351 1.185025
3352 1.185273
3353 1.185115
3354 1.185493
3355 1.185242
3356 1.184504
3357 1.184461
3358 1.184847
3359 1.184400
3360 1.184033
3361 1.183611
3362 1.183730
3363 1.183829
3364 1.183550
3365 1.183938
3366 1.184279
3367 1.184326
3368 1.183810
3369 1.184127
3370 1.184030
3371 1.184014
3372 1.183756
3373 1.183898
3374 1.183642
3375 1.183410
3376 1.184475
3377 1.184774
3378 1.184582
3379 1.183947
3380 1.184134
3381 1.184073
3382 1.183509
3383 1.183623
3384 1.183086
3385 1.182692
3386 1.183071
3387 1.183542
3388 1.183393
3389 1.183398
3390 1.183318
3391 1.183632
3392 1.183677
3393 1.183763
3394 1.182896
3395 1.182607
3396 1.182387
3397 1.181954
3398 1.182427
3399 1.182666
3400 1.183005
3401 1.183682
3402 1.183550
3403 1.183971
3404 1.183836
3405 1.184172
3406 1.183893
3407 1.184556
3408 1.183864
3409 1.183571
3410 1.183644
3411 1.183640
3412 1.183547
3413 1.184096
3414 1.184466
3415 1.184478
3416 1.183980
3417 1.183914
3418 1.184194
3419 1.183647
3420 1.183765
3421 1.183649
3422 1.183426
3423 1.183805
3424 1.183836
3425 1.183649
3426 1.183711
3427 1.183855
3428 1.183658
3429 1.183782
3430 1.184435
3431 1.184916
3432 1.184651
3433 1.183841
3434 1.183114
3435 1.183216
3436 1.182953
3437 1.183003
3438 1.182742
3439 1.182683
3440 1.181970
3441 1.181887
3442 1.181831
3443 1.182079
3444 1.182366
3445 1.182349
3446 1.182155
3447 1.181954
3448 1.181196
3449 1.181776
3450 1.182352
3451 1.183166
3452 1.183351
3453 1.183239
3454 1.183270
3455 1.183381
3456 1.183767
3457 1.184056
3458 1.184606
3459 1.184123
3460 1.184816
3461 1.184651
3462 1.184946
3463 1.184939
3464 1.185264
3465 1.184906
3466 1.184421
3467 1.184400
3468 1.184890
3469 1.184890
3470 1.185221
3471 1.185157
3472 1.184994
3473 1.184823
3474 1.184490
3475 1.184534
3476 1.184530
3477 1.184220
3478 1.184073
3479 1.183706
3480 1.183810
3481 1.183315
3482 1.182830
3483 1.183048
3484 1.183100
3485 1.183992
3486 1.183521
3487 1.184016
3488 1.184257
3489 1.185098
3490 1.184897
3491 1.184520
3492 1.184674
3493 1.184684
3494 1.183860
3495 1.183706
3496 1.183310
3497 1.183718
3498 1.183550
3499 1.183791
3500 1.183590
3501 1.183379
3502 1.182659
3503 1.182146
3504 1.182816
3505 1.182273
3506 1.182825
3507 1.182427
3508 1.182148
3509 1.182063
3510 1.181999
3511 1.182330
3512 1.182470
3513 1.182621
3514 1.181987
3515 1.182285
3516 1.182141
3517 1.182470
3518 1.182179
3519 1.182254
3520 1.182626
3521 1.182610
3522 1.183010
3523 1.182721
3524 1.182621
3525 1.182636
3526 1.182193
3527 1.182378
3528 1.182666
3529 1.182292
3530 1.182969
3531 1.182754
3532 1.182584
3533 1.183185
3534 1.182794
3535 1.182354
3536 1.181700
3537 1.182259
3538 1.182352
3539 1.182098
3540 1.181771
3541 1.181428
3542 1.181371
3543 1.181426
3544 1.180945
3545 1.180938
3546 1.181021
3547 1.181116
3548 1.180985
3549 1.181127
3550 1.180694
3551 1.179484
3552 1.179101
3553 1.179082
3554 1.179560
3555 1.179956
3556 1.180015
3557 1.179671
3558 1.180462
3559 1.180784
3560 1.180936
3561 1.180524
3562 1.180888
3563 1.181774
3564 1.182181
3565 1.182584
3566 1.183126
3567 1.182742
3568 1.182359
3569 1.182707
3570 1.182553
3571 1.182555
3572 1.182432
3573 1.182281
3574 1.182669
3575 1.183583
3576 1.183519
3577 1.183644
3578 1.183289
3579 1.183135
3580 1.183206
3581 1.183074
3582 1.182702
3583 1.182593
3584 1.183275
3585 1.183386
3586 1.183325
3587 1.183339
3588 1.182423
3589 1.182671
3590 1.182451
3591 1.182470
3592 1.182958
3593 1.183159
3594 1.183521
3595 1.183268
3596 1.183367
3597 1.183763
3598 1.184153
3599 1.183836
3600 1.183808
3601 1.184144
3602 1.184475
3603 1.184783
3604 1.184461
3605 1.184487
3606 1.184449
3607 1.184078
3608 1.183952
3609 1.183448
3610 1.183220
3611 1.183448
3612 1.183273
3613 1.183093
3614 1.182922
3615 1.183052
3616 1.183086
3617 1.183332
3618 1.183867
3619 1.183038
3620 1.183550
3621 1.183912
3622 1.183526
3623 1.184343
3624 1.184636
3625 1.184276
3626 1.184191
3627 1.184189
3628 1.183824
3629 1.183985
3630 1.184319
3631 1.185015
3632 1.185055
3633 1.185451
3634 1.185122
3635 1.184939
3636 1.184783
3637 1.185401
3638 1.185508
3639 1.185733
3640 1.186163
3641 1.185910
3642 1.186625
3643 1.185834
3644 1.185605
3645 1.185394
3646 1.185609
3647 1.185143
3648 1.184378
3649 1.183270
3650 1.183209
3651 1.182984
3652 1.183668
3653 1.183012
3654 1.183521
3655 1.183467
3656 1.183954
3657 1.184248
3658 1.184002
3659 1.183786
3660 1.183753
3661 1.183360
3662 1.183957
3663 1.184288
3664 1.183881
3665 1.184331
3666 1.184613
3667 1.184376
3668 1.183753
3669 1.183315
3670 1.183415
3671 1.183318
3672 1.183235
3673 1.183450
3674 1.183353
3675 1.183464
3676 1.183550
3677 1.183069
3678 1.182375
3679 1.183379
3680 1.183135
3681 1.183403
3682 1.183410
3683 1.183758
3684 1.183962
3685 1.184018
3686 1.183796
3687 1.183557
3688 1.183396
3689 1.182761
3690 1.182363
3691 1.182659
3692 1.182808
3693 1.183358
3694 1.182330
3695 1.182498
3696 1.182977
3697 1.182430
3698 1.182330
3699 1.182039
3700 1.182131
3701 1.182053
3702 1.182546
3703 1.182842
3704 1.183071
3705 1.182588
3706 1.181930
3707 1.182283
3708 1.182418
3709 1.182498
3710 1.182591
3711 1.182598
3712 1.182946
3713 1.183000
3714 1.182674
3715 1.183315
3716 1.183157
3717 1.183370
3718 1.183668
3719 1.183578
3720 1.182505
3721 1.182808
3722 1.182863
3723 1.182591
3724 1.183363
3725 1.183175
3726 1.182605
3727 1.182240
3728 1.181847
3729 1.181551
3730 1.181736
3731 1.182385
3732 1.182496
3733 1.181869
3734 1.181824
3735 1.181932
3736 1.181333
3737 1.181490
3738 1.181135
3739 1.181146
3740 1.180453
3741 1.180337
3742 1.180637
3743 1.181454
3744 1.181045
3745 1.181116
3746 1.181132
3747 1.181734
3748 1.182037
3749 1.182406
3750 1.182269
3751 1.182127
3752 1.182439
3753 1.182423
3754 1.182676
3755 1.182669
3756 1.182778
3757 1.182638
3758 1.183192
3759 1.183012
3760 1.183173
3761 1.183424
3762 1.183157
3763 1.183173
3764 1.182969
3765 1.182998
3766 1.182972
3767 1.182607
3768 1.182598
3769 1.183095
3770 1.183734
3771 1.184182
3772 1.184144
3773 1.184452
3774 1.184956
3775 1.184400
3776 1.184527
3777 1.184826
3778 1.185131
3779 1.184816
3780 1.184890
3781 1.184544
3782 1.183947
3783 1.184018
3784 1.184099
3785 1.184201
3786 1.184864
3787 1.185422
3788 1.185403
3789 1.185486
3790 1.185609
3791 1.185022
3792 1.184591
3793 1.184994
3794 1.185458
3795 1.185493
3796 1.184570
3797 1.184565
3798 1.184686
3799 1.185119
3800 1.185437
3801 1.185029
3802 1.185714
3803 1.185290
3804 1.184968
3805 1.184151
3806 1.183969
3807 1.183452
3808 1.182965
3809 1.183819
3810 1.184518
3811 1.184485
3812 1.184534
3813 1.183957
3814 1.184776
3815 1.185268
3816 1.185107
3817 1.185302
3818 1.184847
3819 1.184980
3820 1.184930
3821 1.184949
3822 1.184880
3823 1.184930
3824 1.185145
3825 1.185112
3826 1.184783
3827 1.184681
3828 1.184868
3829 1.185290
3830 1.185155
3831 1.184833
3832 1.184833
3833 1.184189
3834 1.184385
3835 1.183843
3836 1.184385
3837 1.184070
3838 1.183128
3839 1.183220
3840 1.182719
3841 1.182932
3842 1.182882
3843 1.182247
3844 1.182929
3845 1.182425
3846 1.183041
3847 1.182962
3848 1.182553
3849 1.182397
3850 1.181648
3851 1.182198
3852 1.182456
3853 1.182063
3854 1.181850
3855 1.181802
3856 1.181644
3857 1.181511
3858 1.180976
3859 1.180810
3860 1.180543
3861 1.180727
3862 1.180841
3863 1.180905
3864 1.180775
3865 1.181369
3866 1.181592
3867 1.181840
3868 1.181641
3869 1.181547
3870 1.181949
3871 1.181724
3872 1.182326
3873 1.182191
3874 1.182344
3875 1.182195
3876 1.182619
3877 1.181911
3878 1.181412
3879 1.181139
3880 1.181551
3881 1.181466
3882 1.181880
3883 1.182176
3884 1.181561
3885 1.181741
3886 1.181788
3887 1.181130
3888 1.181454
3889 1.180455
3890 1.181168
3891 1.181464
3892 1.181040
3893 1.181388
3894 1.181111
3895 1.180621
3896 1.180420
3897 1.181215
3898 1.181206
3899 1.181047
3900 1.181663
3901 1.182337
3902 1.183138
3903 1.183159
3904 1.182676
3905 1.183119
3906 1.182825
3907 1.182756
3908 1.183493
3909 1.183490
3910 1.183220
3911 1.183239
3912 1.183396
3913 1.183348
3914 1.182835
3915 1.183325
3916 1.182906
3917 1.183228
3918 1.182543
3919 1.182309
3920 1.182887
3921 1.183017
3922 1.182666
3923 1.183067
3924 1.182768
3925 1.183081
3926 1.182891
3927 1.182806
3928 1.181644
3929 1.181911
3930 1.182077
3931 1.183041
3932 1.183185
3933 1.182808
3934 1.182790
3935 1.182671
3936 1.182330
3937 1.182612
3938 1.183086
3939 1.182849
3940 1.182681
3941 1.183268
3942 1.183261
3943 1.183239
3944 1.183722
3945 1.183282
3946 1.184004
3947 1.184973
3948 1.184923
3949 1.184977
3950 1.184416
3951 1.185015
3952 1.185089
3953 1.184513
3954 1.183914
3955 1.184639
3956 1.184610
3957 1.184977
3958 1.185299
3959 1.186090
3960 1.186384
3961 1.186092
3962 1.186324
3963 1.186040
3964 1.186069
3965 1.185780
3966 1.185688
3967 1.186111
3968 1.185690
3969 1.186109
3970 1.185929
3971 1.185555
3972 1.185427
3973 1.185297
3974 1.185628
3975 1.185096
3976 1.184537
3977 1.185373
3978 1.185633
3979 1.185626
3980 1.185515
3981 1.185299
3982 1.185555
3983 1.185022
3984 1.185250
3985 1.185138
3986 1.185339
3987 1.184615
3988 1.184151
3989 1.184362
3990 1.184736
3991 1.184454
3992 1.183789
3993 1.183360
3994 1.183197
3995 1.183464
3996 1.183786
3997 1.184087
3998 1.183803
3999 1.183521
4000 1.183192
4001 1.182167
4002 1.181944
4003 1.181914
4004 1.182823
4005 1.183147
4006 1.183703
4007 1.183121
4008 1.183173
4009 1.182607
4010 1.182236
4011 1.182148
4012 1.182868
4013 1.183602
4014 1.183422
4015 1.183613
4016 1.183793
4017 1.184063
4018 1.184063
4019 1.183587
4020 1.183265
4021 1.183232
4022 1.183164
4023 1.182517
4024 1.183010
4025 1.183500
4026 1.183488
4027 1.183417
4028 1.183561
4029 1.183310
4030 1.183938
4031 1.183872
4032 1.183928
4033 1.183808
4034 1.183668
4035 1.183585
4036 1.183817
4037 1.184056
4038 1.183822
4039 1.183957
4040 1.184324
4041 1.184025
4042 1.183883
4043 1.184177
4044 1.184298
4045 1.184456
4046 1.183973
4047 1.184191
4048 1.183732
4049 1.183791
4050 1.183381
4051 1.183180
4052 1.183547
4053 1.183467
4054 1.183448
4055 1.182991
4056 1.183223
4057 1.183590
4058 1.183661
4059 1.183860
4060 1.183606
4061 1.183452
4062 1.183592
4063 1.183270
4064 1.182861
4065 1.182690
4066 1.183386
4067 1.183389
4068 1.183370
4069 1.182678
4070 1.182695
4071 1.182827
4072 1.183327
4073 1.183410
4074 1.182863
4075 1.183242
4076 1.183590
4077 1.183365
4078 1.183398
4079 1.182889
4080 1.183019
4081 1.182368
4082 1.182553
4083 1.182543
4084 1.182797
4085 1.182633
4086 1.182711
4087 1.183024
4088 1.182522
4089 1.182811
4090 1.182437
4091 1.181722
4092 1.181795
4093 1.181696
4094 1.182200
4095 1.182157
4096 1.182484
4097 1.182458
4098 1.182389
4099 1.181966
4100 1.182157
4101 1.181030
4102 1.180405
4103 1.180015
4104 1.180436
4105 1.181241
4106 1.181755
4107 1.182389
4108 1.182671
4109 1.182856
4110 1.183175
4111 1.183637
4112 1.184220
4113 1.184459
4114 1.184085
4115 1.184314
4116 1.184591
4117 1.184381
4118 1.184274
4119 1.184096
4120 1.183834
4121 1.183654
4122 1.183651
4123 1.183327
4124 1.183370
4125 1.183173
4126 1.182936
4127 1.183152
4128 1.183064
4129 1.183379
4130 1.183774
4131 1.183490
4132 1.183535
4133 1.184123
4134 1.184222
4135 1.184021
4136 1.184343
4137 1.183945
4138 1.183426
4139 1.183320
4140 1.183175
4141 1.182851
4142 1.182555
4143 1.182501
4144 1.182576
4145 1.182120
4146 1.181876
4147 1.182037
4148 1.181838
4149 1.181795
4150 1.181345
4151 1.181840
4152 1.182103
4153 1.181944
4154 1.182217
4155 1.182671
4156 1.183076
4157 1.183604
4158 1.183950
4159 1.184355
4160 1.184139
4161 1.184343
4162 1.184345
4163 1.185029
4164 1.184923
4165 1.183460
4166 1.182690
4167 1.182574
4168 1.182307
4169 1.182209
4170 1.182292
4171 1.182548
4172 1.182269
4173 1.182996
4174 1.182820
4175 1.182790
4176 1.182740
4177 1.182498
4178 1.182489
4179 1.182200
4180 1.182612
4181 1.182600
4182 1.182977
4183 1.183602
4184 1.183296
4185 1.183455
4186 1.183637
4187 1.183448
4188 1.183533
4189 1.184220
4190 1.183706
4191 1.182707
4192 1.182761
4193 1.181753
4194 1.181812
4195 1.182093
4196 1.183003
4197 1.183483
4198 1.182977
4199 1.183026
4200 1.183218
4201 1.182868
4202 1.182685
4203 1.182671
4204 1.182484
4205 1.182091
4206 1.181139
4207 1.181123
4208 1.180708
4209 1.180403
4210 1.180550
4211 1.180247
4212 1.180135
4213 1.180718
4214 1.180685
4215 1.180836
4216 1.181364
4217 1.180966
4218 1.181322
4219 1.181355
4220 1.181670
4221 1.181568
4222 1.181843
4223 1.182188
4224 1.182636
4225 1.183003
4226 1.182839
4227 1.182489
4228 1.182484
4229 1.182165
4230 1.182236
4231 1.182219
4232 1.182174
4233 1.182562
4234 1.182290
4235 1.182877
4236 1.183370
4237 1.183452
4238 1.183680
4239 1.183381
4240 1.183351
4241 1.183512
4242 1.183486
4243 1.183431
4244 1.184267
4245 1.184383
4246 1.184492
4247 1.184736
4248 1.184622
4249 1.184158
4250 1.184063
4251 1.183597
4252 1.183935
4253 1.183585
4254 1.183483
4255 1.183403
4256 1.183441
4257 1.182988
4258 1.182610
4259 1.182709
4260 1.183104
4261 1.182901
4262 1.182863
4263 1.182936
4264 1.182932
4265 1.182631
4266 1.182352
4267 1.181767
4268 1.181215
4269 1.181793
4270 1.181712
4271 1.181459
4272 1.180974
4273 1.181059
4274 1.180865
4275 1.181322
4276 1.181196
4277 1.181243
4278 1.181054
4279 1.181056
4280 1.180940
4281 1.181516
4282 1.182226
4283 1.182165
4284 1.182529
4285 1.182513
4286 1.182439
4287 1.182027
4288 1.182150
4289 1.182697
4290 1.182764
4291 1.182986
4292 1.183164
4293 1.184222
4294 1.183973
4295 1.184717
4296 1.184646
4297 1.184231
4298 1.183917
4299 1.183583
4300 1.183689
4301 1.184307
4302 1.184118
4303 1.184075
4304 1.183855
4305 1.183107
4306 1.183029
4307 1.182934
4308 1.183178
4309 1.183123
4310 1.182723
4311 1.182908
4312 1.182688
4313 1.182612
4314 1.182719
4315 1.183441
4316 1.184061
4317 1.183379
4318 1.183751
4319 1.183192
4320 1.183024
4321 1.183533
4322 1.183441
4323 1.183112
4324 1.182754
4325 1.183327
4326 1.183774
4327 1.183464
4328 1.184089
4329 1.183476
4330 1.183043
4331 1.182891
4332 1.182666
4333 1.182420
4334 1.181932
4335 1.182224
4336 1.182198
4337 1.182832
4338 1.181904
4339 1.182420
4340 1.182629
4341 1.182328
4342 1.182463
4343 1.182543
4344 1.182922
4345 1.182749
4346 1.182742
4347 1.182307
4348 1.182221
4349 1.181753
4350 1.181786
4351 1.181700
4352 1.181798
4353 1.181769
4354 1.181603
4355 1.181307
4356 1.181381
4357 1.181648
4358 1.181689
4359 1.182117
4360 1.182624
4361 1.182361
4362 1.182098
4363 1.182531
4364 1.182302
4365 1.182311
4366 1.182245
4367 1.182640
4368 1.182640
4369 1.182430
4370 1.182181
4371 1.181954
4372 1.182591
4373 1.182463
4374 1.182032
4375 1.181504
4376 1.181876
4377 1.182077
4378 1.181883
4379 1.181672
4380 1.181071
4381 1.181194
4382 1.181537
4383 1.182075
4384 1.182058
4385 1.181734
4386 1.181729
4387 1.182645
4388 1.182477
4389 1.182186
4390 1.182839
4391 1.182683
4392 1.183003
4393 1.182882
4394 1.183211
4395 1.183396
4396 1.183299
4397 1.183621
4398 1.183983
4399 1.184587
4400 1.184617
4401 1.184485
4402 1.183805
4403 1.183708
4404 1.183235
4405 1.183673
4406 1.183296
4407 1.183533
4408 1.183715
4409 1.183277
4410 1.182941
4411 1.183327
4412 1.183067
4413 1.182709
4414 1.182818
4415 1.182323
4416 1.182115
4417 1.181994
4418 1.182172
4419 1.182631
4420 1.183183
4421 1.182832
4422 1.182314
4423 1.182214
4424 1.182453
4425 1.182292
4426 1.183242
4427 1.183888
4428 1.183216
4429 1.183358
4430 1.182948
4431 1.182619
4432 1.183041
4433 1.183007
4434 1.183318
4435 1.183573
4436 1.183711
4437 1.183935
4438 1.184089
4439 1.184220
4440 1.183706
4441 1.183815
4442 1.184196
4443 1.183613
4444 1.183462
4445 1.183228
4446 1.183358
4447 1.184442
4448 1.184179
4449 1.183966
4450 1.184302
4451 1.184113
4452 1.184262
4453 1.184009
4454 1.184113
4455 1.183706
4456 1.184693
4457 1.184651
4458 1.184568
4459 1.184203
4460 1.184565
4461 1.184918
4462 1.185195
4463 1.184674
4464 1.184686
4465 1.184539
4466 1.185169
4467 1.185051
4468 1.184776
4469 1.184582
4470 1.184883
4471 1.184776
4472 1.184606
4473 1.184946
4474 1.185131
4475 1.184833
4476 1.184534
4477 1.184184
4478 1.184269
4479 1.184807
4480 1.184343
4481 1.183637
4482 1.183263
4483 1.183393
4484 1.182711
4485 1.182382
4486 1.182768
4487 1.183083
4488 1.182273
4489 1.182304
4490 1.182165
4491 1.181776
4492 1.182695
4493 1.182700
4494 1.182910
4495 1.182856
4496 1.182333
4497 1.182756
4498 1.182726
4499 1.183332
4500 1.182498
4501 1.182759


Active cycles: 2000
k_mean: 1.183181
k_stddev(cycle): 0.001313
k_stderr(mean): 0.000029
Reactivity(rho): 0.154820, Per Cent error compared to reference: 0.044941
