1 0.590557
2 1.079140
3 1.111699
4 1.131070
5 1.139941
6 1.150014
7 1.154926
8 1.159342
9 1.166288
10 1.167701
11 1.170253
12 1.171162
13 1.175513
14 1.178363
15 1.182149
16 1.179316
17 1.178536
18 1.175487
19 1.179820
20 1.176413
21 1.178865
22 1.182116
23 1.183134
24 1.182714
25 1.182081
26 1.182244
27 1.182621
28 1.180520
29 1.182894
30 1.181965
31 1.183081
32 1.178785
33 1.180034
34 1.184098
35 1.183493
36 1.185138
37 1.183937
38 1.180951
39 1.180908
40 1.180533
41 1.184329
42 1.178623
43 1.179787
44 1.181387
45 1.183089
46 1.182757
47 1.182410
48 1.181421
49 1.185732
50 1.179902
51 1.179506
52 1.180784
53 1.181841
54 1.183689
55 1.184035
56 1.177334
57 1.178772
58 1.180713
59 1.178730
60 1.183212
61 1.178893
62 1.181061
63 1.183215
64 1.181358
65 1.182652
66 1.185556
67 1.184421
68 1.181984
69 1.184723
70 1.182037
71 1.182050
72 1.185219
73 1.185202
74 1.182602
75 1.183177
76 1.181100
77 1.180909
78 1.180870
79 1.184014
80 1.184968
81 1.182952
82 1.180458
83 1.182302
84 1.184451
85 1.181674
86 1.183136
87 1.186091
88 1.182196
89 1.182675
90 1.183750
91 1.183884
92 1.183198
93 1.178538
94 1.183972
95 1.181338
96 1.180901
97 1.185057
98 1.181327
99 1.180873
100 1.182487
101 1.184934
102 1.184696
103 1.185549
104 1.182435
105 1.184239
106 1.181670
107 1.179457
108 1.180305
109 1.184956
110 1.179777
111 1.184973
112 1.184388
113 1.182875
114 1.181825
115 1.183613
116 1.184501
117 1.186323
118 1.182456
119 1.183821
120 1.185059
121 1.183567
122 1.185515
123 1.185041
124 1.187925
125 1.186983
126 1.182347
127 1.182829
128 1.182203
129 1.183730
130 1.182242
131 1.181849
132 1.182587
133 1.181999
134 1.181362
135 1.183479
136 1.188699
137 1.183015
138 1.184293
139 1.185983
140 1.185370
141 1.184438
142 1.183494
143 1.183545
144 1.185850
145 1.182719
146 1.185346
147 1.180564
148 1.181002
149 1.180097
150 1.185868
151 1.183303
152 1.181641
153 1.177358
154 1.182590
155 1.179968
156 1.182458
157 1.179110
158 1.181598
159 1.181447
160 1.183300
161 1.182087
162 1.185603
163 1.186049
164 1.181186
165 1.184124
166 1.183376
167 1.183776
168 1.179363
169 1.183445
170 1.182526
171 1.183989
172 1.183230
173 1.183306
174 1.181261
175 1.186643
176 1.181979
177 1.181740
178 1.182361
179 1.182890
180 1.182490
181 1.186869
182 1.181967
183 1.183069
184 1.182329
185 1.182057
186 1.184500
187 1.182469
188 1.183049
189 1.183733
190 1.179448
191 1.183755
192 1.186481
193 1.188113
194 1.185545
195 1.181866
196 1.181461
197 1.184165
198 1.183056
199 1.181305
200 1.183917
201 1.183569
202 1.182044
203 1.180600
204 1.184188
205 1.180777
206 1.183016
207 1.180121
208 1.180846
209 1.184288
210 1.179884
211 1.183678
212 1.186016
213 1.181414
214 1.181536
215 1.182402
216 1.185761
217 1.180425
218 1.184921
219 1.184196
220 1.184389
221 1.184787
222 1.181708
223 1.183635
224 1.182023
225 1.185208
226 1.181613
227 1.184270
228 1.181735
229 1.182881
230 1.184173
231 1.184204
232 1.182430
233 1.185361
234 1.181825
235 1.184127
236 1.183364
237 1.184477
238 1.186351
239 1.183493
240 1.185844
241 1.184644
242 1.186731
243 1.184745
244 1.185317
245 1.180811
246 1.185593
247 1.180920
248 1.181290
249 1.182482
250 1.183950
251 1.181358
252 1.181629
253 1.180094
254 1.181054
255 1.180794
256 1.181715
257 1.180594
258 1.187858
259 1.182414
260 1.181660
261 1.181546
262 1.183757
263 1.181790
264 1.180964
265 1.183128
266 1.181875
267 1.183503
268 1.182991
269 1.179157
270 1.181442
271 1.183457
272 1.181443
273 1.180869
274 1.183991
275 1.185211
276 1.184254
277 1.180561
278 1.186203
279 1.181827
280 1.184828
281 1.181143
282 1.182332
283 1.182428
284 1.182756
285 1.184972
286 1.179284
287 1.183414
288 1.183460
289 1.181162
290 1.182180
291 1.185644
292 1.179840
293 1.183797
294 1.183569
295 1.186153
296 1.181275
297 1.186502
298 1.179831
299 1.180289
300 1.179861
301 1.181876
302 1.181417
303 1.187461
304 1.183688
305 1.181332
306 1.184041
307 1.182190
308 1.180340
309 1.183641
310 1.180660
311 1.183970
312 1.184418
313 1.178621
314 1.181267
315 1.183732
316 1.181656
317 1.183226
318 1.180778
319 1.179997
320 1.182315
321 1.178906
322 1.182411
323 1.184046
324 1.182646
325 1.180912
326 1.180774
327 1.183417
328 1.182751
329 1.182751
330 1.180549
331 1.184086
332 1.183547
333 1.182190
334 1.183509
335 1.181123
336 1.181818
337 1.181766
338 1.181306
339 1.180749
340 1.185322
341 1.182684
342 1.182360
343 1.186069
344 1.184588
345 1.182239
346 1.184855
347 1.181114
348 1.183190
349 1.183541
350 1.180943
351 1.185129
352 1.179989
353 1.180138
354 1.182483
355 1.182988
356 1.182850
357 1.185021
358 1.183235
359 1.187112
360 1.183747
361 1.182280
362 1.180128
363 1.181999
364 1.183242
365 1.180605
366 1.186065
367 1.183652
368 1.183094
369 1.186963
370 1.185100
371 1.182295
372 1.187007
373 1.185898
374 1.184389
375 1.184990
376 1.184002
377 1.183495
378 1.184677
379 1.183628
380 1.178274
381 1.179675
382 1.181814
383 1.183135
384 1.181643
385 1.183329
386 1.182547
387 1.182300
388 1.185018
389 1.184244
390 1.183572
391 1.181002
392 1.182443
393 1.179941
394 1.185455
395 1.181212
396 1.182049
397 1.180553
398 1.183872
399 1.181850
400 1.184746
401 1.180403


Active cycles: 300
k_mean: 1.182947
k_stddev(cycle): 0.001991
k_stderr(mean): 0.000115
Difference with the reference K: -0.000863, Per cent error: -0.072871
Reactivity(rho): 0.154654, pcm difference: -61.601623
Total Time: 75.578376seconds. Average: 0.188475 seconds per cycle.
