1 0.989512
2 0.984532
3 0.983014
4 0.983270
5 0.983892
6 0.983232
7 0.982470
8 0.981812
9 0.981090
10 0.979860
11 0.979200
12 0.978002
13 0.976772
14 0.975880
15 0.975470
16 0.974804
17 0.973996
18 0.973834
19 0.973780
20 0.974192
21 0.974220
22 0.974018
23 0.974544
24 0.975088
25 0.975578
26 0.976632
27 0.976616
28 0.977458
29 0.978544
30 0.978932
31 0.980142
32 0.980334
33 0.981902
34 0.983360
35 0.985118
36 0.986156
37 0.987178
38 0.988660
39 0.989958
40 0.991236
41 0.992792
42 0.994438
43 0.996022
44 0.997600
45 0.999612
46 1.001756
47 1.003300
48 1.005080
49 1.006974
50 1.008610
51 1.010628
52 1.012618
53 1.014772
54 1.016168
55 1.017150
56 1.019216
57 1.020390
58 1.021780
59 1.023648
60 1.025310
61 1.027932
62 1.030062
63 1.031766
64 1.034116
65 1.036070
66 1.038002
67 1.039268
68 1.041574
69 1.043072
70 1.045436
71 1.047078
72 1.048928
73 1.051048
74 1.052810
75 1.054300
76 1.056080
77 1.058402
78 1.060128
79 1.061390
80 1.063618
81 1.065126
82 1.066942
83 1.068400
84 1.070352
85 1.071920
86 1.073216
87 1.074914
88 1.076990
89 1.078520
90 1.079904
91 1.081520
92 1.082820
93 1.083938
94 1.084914
95 1.086134
96 1.088006
97 1.089284
98 1.090168
99 1.092110
100 1.093754
101 1.095408
102 1.096898
103 1.098734
104 1.100088
105 1.101120
106 1.101898
107 1.102634
108 1.103802
109 1.105122
110 1.107074
111 1.107878
112 1.109014
113 1.110302
114 1.111490
115 1.111940
116 1.113252
117 1.113646
118 1.114538
119 1.116104
120 1.117238
121 1.118402
122 1.118500
123 1.119428
124 1.120404
125 1.121258
126 1.122070
127 1.122722
128 1.122906
129 1.124370
130 1.125418
131 1.126432
132 1.127758
133 1.128688
134 1.128868
135 1.129826
136 1.130614
137 1.131012
138 1.131734
139 1.132298
140 1.133006
141 1.133998
142 1.134956
143 1.135732
144 1.136194
145 1.136594
146 1.137984
147 1.138606
148 1.138876
149 1.139602
150 1.139770
151 1.140752
152 1.141450
153 1.141820
154 1.142508
155 1.144126
156 1.144452
157 1.144242
158 1.144072
159 1.143954
160 1.144608
161 1.144642
162 1.145050
163 1.145708
164 1.146302
165 1.146270
166 1.146412
167 1.146782
168 1.147166
169 1.147752
170 1.148018
171 1.147992
172 1.148204
173 1.148564
174 1.148396
175 1.149060
176 1.148894
177 1.149484
178 1.150126
179 1.150726
180 1.151290
181 1.152224
182 1.152126
183 1.152270
184 1.152326
185 1.152466
186 1.152946
187 1.153456
188 1.153776
189 1.154014
190 1.154544
191 1.154602
192 1.155056
193 1.154780
194 1.154476
195 1.155352
196 1.156150
197 1.156660
198 1.156968
199 1.157570
200 1.157862
201 1.158172
202 1.158254
203 1.157722
204 1.158098
205 1.158552
206 1.159448
207 1.159872
208 1.159964
209 1.160636
210 1.161064
211 1.162220
212 1.161482
213 1.161432
214 1.161614
215 1.162004
216 1.162384
217 1.163324
218 1.163492
219 1.163516
220 1.163866
221 1.163742
222 1.163376
223 1.163270
224 1.163448
225 1.163516
226 1.164010
227 1.164660
228 1.164410
229 1.164600
230 1.164904
231 1.164654
232 1.165042
233 1.165264
234 1.165212
235 1.165040
236 1.164120
237 1.164524
238 1.164904
239 1.164824
240 1.165532
241 1.166358
242 1.166282
243 1.166648
244 1.166146
245 1.165800
246 1.166154
247 1.166436
248 1.166592
249 1.166570
250 1.166928
251 1.167012
252 1.167736
253 1.168076
254 1.168900
255 1.169116
256 1.169002
257 1.168904
258 1.169170
259 1.169088
260 1.169510
261 1.169554
262 1.169782
263 1.169832
264 1.169592
265 1.169324
266 1.169526
267 1.170356
268 1.170474
269 1.170878
270 1.170428
271 1.170198
272 1.170700
273 1.170494
274 1.170986
275 1.170726
276 1.170986
277 1.170898
278 1.170460
279 1.170964
280 1.171040
281 1.171734
282 1.171828
283 1.171720
284 1.172230
285 1.172152
286 1.172610
287 1.172414
288 1.172270
289 1.173116
290 1.173646
291 1.173348
292 1.173362
293 1.173590
294 1.173720
295 1.174028
296 1.174218
297 1.173930
298 1.174014
299 1.173778
300 1.174642
301 1.175348
302 1.175304
303 1.175522
304 1.175970
305 1.175698
306 1.176034
307 1.176516
308 1.175980
309 1.176036
310 1.175810
311 1.175786
312 1.176218
313 1.175728
314 1.175534
315 1.175908
316 1.175840
317 1.176424
318 1.176088
319 1.176682
320 1.176550
321 1.175942
322 1.177234
323 1.177598
324 1.177644
325 1.177656
326 1.177262
327 1.176800
328 1.176958
329 1.176722
330 1.176606
331 1.176098
332 1.176228
333 1.176434
334 1.176922
335 1.176626
336 1.176688
337 1.176922
338 1.176270
339 1.176772
340 1.176900
341 1.176242
342 1.175704
343 1.175250
344 1.175336
345 1.174836
346 1.175052
347 1.175684
348 1.176040
349 1.175938
350 1.175140
351 1.175044
352 1.175646
353 1.175888
354 1.175886
355 1.176096
356 1.176144
357 1.176180
358 1.176250
359 1.176980
360 1.177436
361 1.177474
362 1.177848
363 1.177518
364 1.177560
365 1.177148
366 1.177084
367 1.177490
368 1.176858
369 1.176788
370 1.177130
371 1.176096
372 1.175780
373 1.175746
374 1.176318
375 1.176276
376 1.176742
377 1.176584
378 1.176248
379 1.175844
380 1.175718
381 1.176336
382 1.177050
383 1.177016
384 1.177680
385 1.177374
386 1.177046
387 1.177498
388 1.177930
389 1.178146
390 1.178062
391 1.177860
392 1.177782
393 1.177942
394 1.177562
395 1.177642
396 1.177566
397 1.177140
398 1.176916
399 1.176950
400 1.176362
401 1.176218
402 1.176352
403 1.176238
404 1.176186
405 1.176700
406 1.177768
407 1.178048
408 1.178536
409 1.177890
410 1.178098
411 1.178396
412 1.178654
413 1.178042
414 1.178160
415 1.178118
416 1.178108
417 1.177752
418 1.177984
419 1.178258
420 1.178162
421 1.177772
422 1.177646
423 1.177820
424 1.178520
425 1.177860
426 1.177804
427 1.177708
428 1.177534
429 1.177744
430 1.178596
431 1.178604
432 1.178786
433 1.178944
434 1.179430
435 1.178802
436 1.178502
437 1.178382
438 1.178394
439 1.178128
440 1.178144
441 1.177990
442 1.177750
443 1.178078
444 1.178060
445 1.178468
446 1.178116
447 1.178152
448 1.178358
449 1.178978
450 1.178398
451 1.178512
452 1.178700
453 1.178920
454 1.178646
455 1.178670
456 1.179372
457 1.179990
458 1.180070
459 1.180168
460 1.179872
461 1.179710
462 1.179118
463 1.179190
464 1.179468
465 1.179702
466 1.179858
467 1.179678
468 1.178880
469 1.178800
470 1.179106
471 1.179442
472 1.179538
473 1.178824
474 1.179028
475 1.179284
476 1.180084
477 1.179352
478 1.179162
479 1.179378
480 1.178992
481 1.179584
482 1.179288
483 1.179320
484 1.179488
485 1.179298
486 1.178880
487 1.179374
488 1.179368
489 1.178714
490 1.179036
491 1.178860
492 1.178644
493 1.178096
494 1.177856
495 1.178174
496 1.178374
497 1.178524
498 1.178628
499 1.178154
500 1.178492
501 1.178442
502 1.178362
503 1.178298
504 1.178642
505 1.178900
506 1.179078
507 1.179328
508 1.179818
509 1.179632
510 1.179544
511 1.179616
512 1.179458
513 1.180048
514 1.180504
515 1.180282
516 1.179836
517 1.179836
518 1.179562
519 1.179452
520 1.179288
521 1.179090
522 1.179398
523 1.179586
524 1.179796
525 1.179956
526 1.180020
527 1.179582
528 1.179694
529 1.179906
530 1.179380
531 1.179470
532 1.179146
533 1.179778
534 1.179664
535 1.179648
536 1.180052
537 1.180264
538 1.180334
539 1.180444
540 1.179914
541 1.180052
542 1.179502
543 1.179862
544 1.179584
545 1.179852
546 1.179490
547 1.179608
548 1.179502
549 1.179814
550 1.180102
551 1.180170
552 1.180320
553 1.179556
554 1.179674
555 1.179892
556 1.179992
557 1.179642
558 1.178884
559 1.178662
560 1.178334
561 1.178304
562 1.178802
563 1.178336
564 1.178576
565 1.178564
566 1.178538
567 1.177984
568 1.177958
569 1.178472
570 1.178934
571 1.179146
572 1.179646
573 1.179944
574 1.180026
575 1.180362
576 1.179976
577 1.180426
578 1.180592
579 1.180926
580 1.181162
581 1.181338
582 1.181832
583 1.181628
584 1.182052
585 1.181514
586 1.181280
587 1.181768
588 1.181390
589 1.182116
590 1.181746
591 1.181656
592 1.181266
593 1.181210
594 1.181296
595 1.181128
596 1.181070
597 1.180836
598 1.180452
599 1.180550
600 1.180218
601 1.180310
602 1.179446
603 1.179278
604 1.179662
605 1.179940
606 1.180234
607 1.180254
608 1.180678
609 1.181050
610 1.181284
611 1.181332
612 1.180782
613 1.181264
614 1.180774
615 1.180708
616 1.180950
617 1.181028
618 1.181388
619 1.181088
620 1.181268
621 1.181522
622 1.181600
623 1.182090
624 1.182082
625 1.182802
626 1.182174
627 1.181980
628 1.181456
629 1.181306
630 1.181228
631 1.181576
632 1.181146
633 1.181166
634 1.181208
635 1.181412
636 1.181670
637 1.181876
638 1.182776
639 1.182884
640 1.182768
641 1.181964
642 1.182202
643 1.182674
644 1.182856
645 1.182772
646 1.183586
647 1.183438
648 1.183318
649 1.182400
650 1.182428
651 1.182356
652 1.182884
653 1.182520
654 1.182158
655 1.182386
656 1.182728
657 1.182502
658 1.183002
659 1.182286
660 1.181914
661 1.182196
662 1.182678
663 1.182442
664 1.182674
665 1.182672
666 1.182850
667 1.182922
668 1.183072
669 1.183034
670 1.183046
671 1.183666
672 1.183986
673 1.183932
674 1.183926
675 1.183954
676 1.184528
677 1.184150
678 1.183712
679 1.183070
680 1.183518
681 1.182650
682 1.182666
683 1.182676
684 1.182474
685 1.182946
686 1.183000
687 1.182584
688 1.183000
689 1.183546
690 1.183310
691 1.183862
692 1.183410
693 1.183066
694 1.183350
695 1.183760
696 1.183830
697 1.183734
698 1.184360
699 1.184088
700 1.184082
701 1.184288
702 1.183546
703 1.183834
704 1.182986
705 1.183358
706 1.183406
707 1.183256
708 1.183210
709 1.182802
710 1.183286
711 1.183460
712 1.183484
713 1.183096
714 1.183156
715 1.182746
716 1.182606
717 1.182240
718 1.182186
719 1.182114
720 1.181708
721 1.181248
722 1.181126
723 1.180552
724 1.180570
725 1.180772
726 1.180494
727 1.180630
728 1.180512
729 1.180480
730 1.180952
731 1.180948
732 1.181718
733 1.181658
734 1.181422
735 1.181898
736 1.181608
737 1.181568
738 1.181680
739 1.181236
740 1.180752
741 1.180762
742 1.180824
743 1.180708
744 1.181564
745 1.181644
746 1.181434
747 1.181372
748 1.181442
749 1.181138
750 1.181020
751 1.180868
752 1.181096
753 1.181180
754 1.181586
755 1.182180
756 1.182310
757 1.182356
758 1.182250
759 1.181372
760 1.181306
761 1.181302
762 1.180822
763 1.180928
764 1.180660
765 1.180972
766 1.181718
767 1.181370
768 1.181414
769 1.182090
770 1.182430
771 1.182126
772 1.182178
773 1.182854
774 1.182954
775 1.183452
776 1.183238
777 1.182754
778 1.182624
779 1.183274
780 1.183368
781 1.183562
782 1.183596
783 1.183736
784 1.183348
785 1.183418
786 1.183632
787 1.183272
788 1.183196
789 1.182606
790 1.183150
791 1.183886
792 1.184248
793 1.184286
794 1.184216
795 1.184172
796 1.184268
797 1.183986
798 1.184672
799 1.184770
800 1.184762
801 1.184176
802 1.183254
803 1.182464
804 1.182424
805 1.181980
806 1.182378
807 1.181772
808 1.182222
809 1.182756
810 1.182694
811 1.182752
812 1.182928
813 1.182790
814 1.182696
815 1.182842
816 1.183062
817 1.183416
818 1.183288
819 1.182800
820 1.182724
821 1.182526
822 1.182826
823 1.182676
824 1.182558
825 1.181930
826 1.181810
827 1.181730
828 1.181712
829 1.181936
830 1.181972
831 1.181616
832 1.181522
833 1.182138
834 1.182766
835 1.182410
836 1.182244
837 1.182012
838 1.181894
839 1.182630
840 1.182892
841 1.183010
842 1.183468
843 1.182526
844 1.182688
845 1.182376
846 1.182080
847 1.182466
848 1.181602
849 1.181310
850 1.181200
851 1.181554
852 1.181280
853 1.180830
854 1.181090
855 1.180956
856 1.180958
857 1.181370
858 1.181968
859 1.182044
860 1.182478
861 1.182798
862 1.182692
863 1.182428
864 1.181980
865 1.182452
866 1.181974
867 1.181536
868 1.180914
869 1.180944
870 1.180424
871 1.180700
872 1.180402
873 1.180448
874 1.180242
875 1.180568
876 1.180300
877 1.180444
878 1.180632
879 1.180482
880 1.180444
881 1.180678
882 1.181268
883 1.181626
884 1.181420
885 1.181316
886 1.181864
887 1.181546
888 1.181378
889 1.181484
890 1.181582
891 1.181620
892 1.181076
893 1.181230
894 1.181108
895 1.180356
896 1.180328
897 1.180292
898 1.179358
899 1.178970
900 1.179428
901 1.178868
902 1.178888
903 1.178552
904 1.178266
905 1.178782
906 1.178924
907 1.178706
908 1.179296
909 1.179566
910 1.179224
911 1.179048
912 1.179252
913 1.180436
914 1.180514
915 1.180166
916 1.180100
917 1.180522
918 1.180354
919 1.180856
920 1.180668
921 1.181364
922 1.181434
923 1.181196
924 1.181502
925 1.181090
926 1.181266
927 1.181434
928 1.181702
929 1.181488
930 1.181636
931 1.181470
932 1.181270
933 1.181372
934 1.181582
935 1.180768
936 1.181160
937 1.180494
938 1.180028
939 1.179924
940 1.180400
941 1.180154
942 1.180122
943 1.179976
944 1.179880
945 1.179496
946 1.179388
947 1.179490
948 1.180332
949 1.180070
950 1.180224
951 1.180684
952 1.180532
953 1.180704
954 1.180890
955 1.181598
956 1.181912
957 1.182550
958 1.182466
959 1.182074
960 1.182112
961 1.182346
962 1.182436
963 1.181912
964 1.182338
965 1.181988
966 1.182036
967 1.182140
968 1.182086
969 1.181900
970 1.182900
971 1.183344
972 1.183528
973 1.183470
974 1.183708
975 1.182872
976 1.182230
977 1.182272
978 1.182082
979 1.181510
980 1.181450
981 1.181770
982 1.181166
983 1.181346
984 1.180756
985 1.181280
986 1.181374
987 1.181772
988 1.181680
989 1.181602
990 1.181794
991 1.182234
992 1.182054
993 1.182478
994 1.182564
995 1.182348
996 1.182402
997 1.182536
998 1.182894
999 1.183008
1000 1.182436
1001 1.182622
1002 1.182800
1003 1.182982
1004 1.182222
1005 1.182328
1006 1.182366
1007 1.181332
1008 1.181276
1009 1.180904
1010 1.181084
1011 1.181078
1012 1.180858
1013 1.180468
1014 1.180762
1015 1.181466
1016 1.181532
1017 1.181542
1018 1.181646
1019 1.181808
1020 1.181278
1021 1.181004
1022 1.181972
1023 1.182340
1024 1.181866
1025 1.182248
1026 1.182334
1027 1.182124
1028 1.181874
1029 1.181348
1030 1.181528
1031 1.181120
1032 1.180686
1033 1.180218
1034 1.180360
1035 1.179982
1036 1.180374
1037 1.180860
1038 1.180608
1039 1.181002
1040 1.181334
1041 1.181266
1042 1.181402
1043 1.181314
1044 1.181656
1045 1.181370
1046 1.181494
1047 1.181876
1048 1.182114
1049 1.182416
1050 1.182244
1051 1.182328
1052 1.182092
1053 1.182504
1054 1.182570
1055 1.183128
1056 1.183324
1057 1.183186
1058 1.183112
1059 1.182648
1060 1.182976
1061 1.182644
1062 1.181754
1063 1.180968
1064 1.180780
1065 1.180780
1066 1.180888
1067 1.180964
1068 1.180914
1069 1.180786
1070 1.180820
1071 1.181436
1072 1.181506
1073 1.181696
1074 1.181772
1075 1.182246
1076 1.181406
1077 1.182110
1078 1.181420
1079 1.181094
1080 1.180860
1081 1.181200
1082 1.181086
1083 1.180862
1084 1.180312
1085 1.180444
1086 1.180992
1087 1.181564
1088 1.181818
1089 1.182366
1090 1.182218
1091 1.182320
1092 1.182286
1093 1.182290
1094 1.182434
1095 1.182274
1096 1.182006
1097 1.182090
1098 1.181474
1099 1.181218
1100 1.180624
1101 1.180312
1102 1.179960
1103 1.180480
1104 1.179908
1105 1.180106
1106 1.180266
1107 1.180496
1108 1.180542
1109 1.181190
1110 1.181798
1111 1.182056
1112 1.181464
1113 1.181812
1114 1.181376
1115 1.180826
1116 1.181114
1117 1.181598
1118 1.181916
1119 1.182328
1120 1.181686
1121 1.181242
1122 1.181694
1123 1.181944
1124 1.181928
1125 1.181906
1126 1.182806
1127 1.182508
1128 1.182704
1129 1.182978
1130 1.182438
1131 1.182384
1132 1.181806
1133 1.181876
1134 1.181316
1135 1.181594
1136 1.182156
1137 1.181678
1138 1.181854
1139 1.181928
1140 1.181804
1141 1.182020
1142 1.182132
1143 1.181594
1144 1.181242
1145 1.181366
1146 1.181312
1147 1.181606
1148 1.181592
1149 1.181346
1150 1.180920
1151 1.180880
1152 1.181400
1153 1.181390
1154 1.181532
1155 1.181508
1156 1.181448
1157 1.182342
1158 1.182950
1159 1.183272
1160 1.183354
1161 1.183096
1162 1.183266
1163 1.183690
1164 1.183892
1165 1.183636
1166 1.183764
1167 1.183414
1168 1.183680
1169 1.183640
1170 1.183188
1171 1.182666
1172 1.182844
1173 1.182010
1174 1.182246
1175 1.181630
1176 1.181414
1177 1.181388
1178 1.181376
1179 1.181540
1180 1.181218
1181 1.181494
1182 1.181914
1183 1.182714
1184 1.182160
1185 1.182284
1186 1.182498
1187 1.182386
1188 1.182540
1189 1.182902
1190 1.182850
1191 1.182738
1192 1.182900
1193 1.182234
1194 1.182284
1195 1.182094
1196 1.180998
1197 1.181386
1198 1.181642
1199 1.181496
1200 1.181824
1201 1.182868
1202 1.183606
1203 1.183498
1204 1.183760
1205 1.183540
1206 1.183700
1207 1.183178
1208 1.182500
1209 1.182494
1210 1.182212
1211 1.182462
1212 1.182008
1213 1.182390
1214 1.182460
1215 1.182194
1216 1.182672
1217 1.182284
1218 1.182402
1219 1.182096
1220 1.181834
1221 1.182388
1222 1.182466
1223 1.181844
1224 1.181858
1225 1.182238
1226 1.182272
1227 1.182466
1228 1.182762
1229 1.182420
1230 1.182220
1231 1.182012
1232 1.181512
1233 1.181510
1234 1.181158
1235 1.181014
1236 1.180962
1237 1.180740
1238 1.180452
1239 1.180446
1240 1.180300
1241 1.180252
1242 1.180386
1243 1.180572
1244 1.180604
1245 1.181202
1246 1.182014
1247 1.182678
1248 1.182280
1249 1.181738
1250 1.182440
1251 1.182282
1252 1.182198
1253 1.182494
1254 1.182430
1255 1.182782
1256 1.182906
1257 1.183438
1258 1.183104
1259 1.183002
1260 1.183068
1261 1.183596
1262 1.183968
1263 1.184178
1264 1.183702
1265 1.183856
1266 1.184028
1267 1.183414
1268 1.183406
1269 1.183252
1270 1.182964
1271 1.183200
1272 1.182624
1273 1.182520
1274 1.182728
1275 1.182700
1276 1.182624
1277 1.182600
1278 1.183190
1279 1.183340
1280 1.183096
1281 1.183334
1282 1.183248
1283 1.182960
1284 1.183130
1285 1.183016
1286 1.182736
1287 1.182446
1288 1.182306
1289 1.182470
1290 1.182598
1291 1.182754
1292 1.182258
1293 1.181976
1294 1.182132
1295 1.182328
1296 1.182000
1297 1.181664
1298 1.181140
1299 1.180512
1300 1.181080
1301 1.181186
1302 1.182274
1303 1.182626
1304 1.181856
1305 1.182192
1306 1.181966
1307 1.181836
1308 1.181986
1309 1.181796
1310 1.181282
1311 1.181250
1312 1.181224
1313 1.181280
1314 1.181310
1315 1.181262
1316 1.181340
1317 1.181056
1318 1.181752
1319 1.181960
1320 1.181906
1321 1.182018
1322 1.181088
1323 1.181156
1324 1.181386
1325 1.181280
1326 1.180710
1327 1.180740
1328 1.180316
1329 1.180728
1330 1.180832
1331 1.180530
1332 1.180256
1333 1.179892
1334 1.180702
1335 1.180638
1336 1.180206
1337 1.180636
1338 1.180532
1339 1.180630
1340 1.181234
1341 1.181718
1342 1.181724
1343 1.181104
1344 1.181160
1345 1.181340
1346 1.182132
1347 1.181718
1348 1.182068
1349 1.181462
1350 1.181840
1351 1.181812
1352 1.181724
1353 1.181188
1354 1.181180
1355 1.181708
1356 1.182406
1357 1.182680
1358 1.182686
1359 1.183118
1360 1.183038
1361 1.183342
1362 1.183228
1363 1.183420
1364 1.182868
1365 1.182490
1366 1.182910
1367 1.182888
1368 1.182788
1369 1.182446
1370 1.182148
1371 1.181724
1372 1.181820
1373 1.182262
1374 1.182158
1375 1.181480
1376 1.181444
1377 1.181362
1378 1.181428
1379 1.181696
1380 1.182128
1381 1.182064
1382 1.181480
1383 1.181684
1384 1.181536
1385 1.182446
1386 1.182738
1387 1.182692
1388 1.183194
1389 1.183042
1390 1.182704
1391 1.182740
1392 1.182886
1393 1.182818
1394 1.182666
1395 1.182488
1396 1.182230
1397 1.182276
1398 1.181758
1399 1.181292
1400 1.181142
1401 1.181046
1402 1.180832
1403 1.180578
1404 1.181070
1405 1.181024
1406 1.180670
1407 1.180720
1408 1.181342
1409 1.181538
1410 1.181216
1411 1.181550
1412 1.181836
1413 1.181814
1414 1.182294
1415 1.182532
1416 1.182382
1417 1.182982
1418 1.182928
1419 1.182516
1420 1.182348
1421 1.182246
1422 1.181850
1423 1.181866
1424 1.182384
1425 1.182446
1426 1.182720
1427 1.182362
1428 1.182856
1429 1.183418
1430 1.183826
1431 1.184230
1432 1.184276
1433 1.184074
1434 1.183690
1435 1.183692
1436 1.183732
1437 1.183122
1438 1.183562
1439 1.183886
1440 1.184260
1441 1.184302
1442 1.184126
1443 1.184132
1444 1.184020
1445 1.184366
1446 1.184414
1447 1.184710
1448 1.184370
1449 1.184340
1450 1.184974
1451 1.185042
1452 1.184828
1453 1.184710
1454 1.184530
1455 1.184470
1456 1.183898
1457 1.183328
1458 1.183178
1459 1.182468
1460 1.182438
1461 1.182670
1462 1.182390
1463 1.182460
1464 1.182114
1465 1.182498
1466 1.182502
1467 1.182656
1468 1.182538
1469 1.182322
1470 1.182522
1471 1.182244
1472 1.182600
1473 1.182776
1474 1.182752
1475 1.182212
1476 1.182394
1477 1.182460
1478 1.182782
1479 1.182862
1480 1.182758
1481 1.182748
1482 1.182168
1483 1.182508
1484 1.182370
1485 1.183134
1486 1.182700
1487 1.182648
1488 1.182674
1489 1.182028
1490 1.181716
1491 1.181986
1492 1.181870
1493 1.181750
1494 1.182340
1495 1.182768
1496 1.182742
1497 1.182808
1498 1.182596
1499 1.183026
1500 1.182398
1501 1.182076
1502 1.182164
1503 1.181886
1504 1.181806
1505 1.181838
1506 1.181596
1507 1.181202
1508 1.180490
1509 1.179822
1510 1.179692
1511 1.179918
1512 1.179932
1513 1.181076
1514 1.180936
1515 1.181240
1516 1.181288
1517 1.181516
1518 1.181762
1519 1.181930
1520 1.181600
1521 1.181624
1522 1.181968
1523 1.182272
1524 1.182292
1525 1.181924
1526 1.182112
1527 1.182184
1528 1.182500
1529 1.182534
1530 1.182818
1531 1.182020
1532 1.182276
1533 1.182262
1534 1.182696
1535 1.182310
1536 1.181774
1537 1.181638
1538 1.181554
1539 1.181654
1540 1.181146
1541 1.181300
1542 1.182384
1543 1.182374
1544 1.182622
1545 1.183260
1546 1.183430
1547 1.183004
1548 1.182800
1549 1.183128
1550 1.183356
1551 1.182762
1552 1.182718
1553 1.183018
1554 1.182572
1555 1.182712
1556 1.183056
1557 1.182784
1558 1.182836
1559 1.183194
1560 1.182730
1561 1.183022
1562 1.183208
1563 1.182872
1564 1.182974
1565 1.182884
1566 1.183582
1567 1.183786
1568 1.184060
1569 1.183616
1570 1.182972
1571 1.183412
1572 1.183592
1573 1.184186
1574 1.184050
1575 1.184030
1576 1.183552
1577 1.183516
1578 1.183062
1579 1.182606
1580 1.182316
1581 1.182376
1582 1.182270
1583 1.182882
1584 1.182540
1585 1.182416
1586 1.181908
1587 1.182560
1588 1.182244
1589 1.182670
1590 1.182542
1591 1.181948
1592 1.181798
1593 1.181780
1594 1.181468
1595 1.181146
1596 1.181070
1597 1.181132
1598 1.181718
1599 1.181004
1600 1.181114
1601 1.180876
1602 1.180992
1603 1.180644
1604 1.180650
1605 1.180764
1606 1.180606
1607 1.179680
1608 1.180146
1609 1.181254
1610 1.181584
1611 1.181184
1612 1.181624
1613 1.181458
1614 1.181364
1615 1.181792
1616 1.181490
1617 1.181558
1618 1.181988
1619 1.182448
1620 1.182270
1621 1.182362
1622 1.182264
1623 1.182210
1624 1.181318
1625 1.181008
1626 1.181534
1627 1.181654
1628 1.181970
1629 1.182178
1630 1.182516
1631 1.183414
1632 1.182942
1633 1.183072
1634 1.182876
1635 1.183016
1636 1.183052
1637 1.183514
1638 1.183474
1639 1.183856
1640 1.183998
1641 1.184010
1642 1.184316
1643 1.183746
1644 1.183168
1645 1.182846
1646 1.182640
1647 1.183092
1648 1.182934
1649 1.182910
1650 1.182718
1651 1.182604
1652 1.182810
1653 1.183126
1654 1.183292
1655 1.183850
1656 1.183802
1657 1.183426
1658 1.183184
1659 1.183148
1660 1.183024
1661 1.183188
1662 1.182842
1663 1.183190
1664 1.183310
1665 1.182930
1666 1.182822
1667 1.182760
1668 1.183244
1669 1.183626
1670 1.183186
1671 1.183320
1672 1.183798
1673 1.183854
1674 1.183880
1675 1.183616
1676 1.183918
1677 1.184100
1678 1.183606
1679 1.183274
1680 1.183642
1681 1.183572
1682 1.183080
1683 1.182838
1684 1.182990
1685 1.183084
1686 1.183786
1687 1.183970
1688 1.184506
1689 1.184570
1690 1.184118
1691 1.183774
1692 1.183840
1693 1.183580
1694 1.183064
1695 1.183222
1696 1.183220
1697 1.183534
1698 1.184022
1699 1.183536
1700 1.183286
1701 1.183554
1702 1.184028
1703 1.183676
1704 1.182812
1705 1.182664
1706 1.182340
1707 1.181996
1708 1.181924
1709 1.181564
1710 1.181484
1711 1.181342
1712 1.181556
1713 1.181106
1714 1.180980
1715 1.181858
1716 1.181282
1717 1.181392
1718 1.181512
1719 1.181772
1720 1.182006
1721 1.182300
1722 1.182236
1723 1.182174
1724 1.182008
1725 1.181992
1726 1.182010
1727 1.181688
1728 1.181822
1729 1.182152
1730 1.182208
1731 1.182672
1732 1.182818
1733 1.183028
1734 1.182542
1735 1.182502
1736 1.182180
1737 1.181794
1738 1.181372
1739 1.181338
1740 1.180722
1741 1.180920
1742 1.181130
1743 1.180544
1744 1.180066
1745 1.180510
1746 1.179954
1747 1.180020
1748 1.180134
1749 1.180134
1750 1.180304
1751 1.180600
1752 1.180500
1753 1.181272
1754 1.181272
1755 1.181386
1756 1.180898
1757 1.181066
1758 1.180264
1759 1.180368
1760 1.180242
1761 1.180758
1762 1.180200
1763 1.180758
1764 1.181446
1765 1.181950
1766 1.181332
1767 1.181126
1768 1.180578
1769 1.180456
1770 1.180542
1771 1.180396
1772 1.179944
1773 1.179178
1774 1.179400
1775 1.179132
1776 1.179358
1777 1.179884
1778 1.179478
1779 1.179878
1780 1.180114
1781 1.180254
1782 1.180440
1783 1.180972
1784 1.181396
1785 1.181810
1786 1.181744
1787 1.181556
1788 1.181920
1789 1.181884
1790 1.181596
1791 1.181874
1792 1.182078
1793 1.181252
1794 1.181476
1795 1.181828
1796 1.182068
1797 1.182310
1798 1.182728
1799 1.182362
1800 1.182400
1801 1.182804
1802 1.182990
1803 1.182926
1804 1.182564
1805 1.181982
1806 1.181876
1807 1.182304
1808 1.182364
1809 1.182518
1810 1.182332
1811 1.182830
1812 1.182362
1813 1.182564
1814 1.183542
1815 1.183856
1816 1.183990
1817 1.184222
1818 1.184698
1819 1.185196
1820 1.184454
1821 1.184094
1822 1.184730
1823 1.184686
1824 1.183922
1825 1.183514
1826 1.183392
1827 1.183754
1828 1.183996
1829 1.183618
1830 1.183534
1831 1.183798
1832 1.183798
1833 1.184130
1834 1.183914
1835 1.184040
1836 1.183600
1837 1.183848
1838 1.184196
1839 1.183464
1840 1.184020
1841 1.184180
1842 1.183992
1843 1.183950
1844 1.184474
1845 1.184652
1846 1.184630
1847 1.184590
1848 1.184858
1849 1.184918
1850 1.184958
1851 1.185166
1852 1.184816
1853 1.184408
1854 1.185414
1855 1.185154
1856 1.185598
1857 1.185542
1858 1.184704
1859 1.184450
1860 1.184058
1861 1.183590
1862 1.183290
1863 1.182958
1864 1.182990
1865 1.183502
1866 1.182968
1867 1.183936
1868 1.183530
1869 1.182766
1870 1.182650
1871 1.182438
1872 1.182418
1873 1.182930
1874 1.183524
1875 1.183370
1876 1.183502
1877 1.183164
1878 1.182924
1879 1.183396
1880 1.183330
1881 1.183434
1882 1.183770
1883 1.184154
1884 1.183922
1885 1.183706
1886 1.183932
1887 1.184350
1888 1.184464
1889 1.184384
1890 1.184700
1891 1.184474
1892 1.183768
1893 1.183736
1894 1.183326
1895 1.183468
1896 1.183194
1897 1.183080
1898 1.183508
1899 1.183378
1900 1.183424
1901 1.183852
1902 1.183894
1903 1.183582
1904 1.183754
1905 1.183728
1906 1.183330
1907 1.182840
1908 1.182784
1909 1.182704
1910 1.182790
1911 1.183362
1912 1.183380
1913 1.183762
1914 1.183978
1915 1.183618
1916 1.183330
1917 1.183864
1918 1.183180
1919 1.183282
1920 1.182650
1921 1.182426
1922 1.182696
1923 1.182288
1924 1.182080
1925 1.181968
1926 1.181892
1927 1.181188
1928 1.181514
1929 1.182036
1930 1.181834
1931 1.181460
1932 1.181876
1933 1.182278
1934 1.182234
1935 1.181866
1936 1.181992
1937 1.182254
1938 1.182216
1939 1.182012
1940 1.181292
1941 1.181510
1942 1.181092
1943 1.182090
1944 1.182242
1945 1.182858
1946 1.183134
1947 1.183490
1948 1.183434
1949 1.183152
1950 1.183248
1951 1.183468
1952 1.183660
1953 1.183352
1954 1.183316
1955 1.183594
1956 1.183554
1957 1.183820
1958 1.183442
1959 1.182990
1960 1.182704
1961 1.182052
1962 1.181750
1963 1.181350
1964 1.181684
1965 1.181426
1966 1.180830
1967 1.180612
1968 1.180658
1969 1.181074
1970 1.181122
1971 1.181470
1972 1.181360
1973 1.181590
1974 1.181230
1975 1.181462
1976 1.181662
1977 1.181566
1978 1.182098
1979 1.182572
1980 1.182038
1981 1.182092
1982 1.181624
1983 1.181968
1984 1.182454
1985 1.182294
1986 1.182168
1987 1.182982
1988 1.183262
1989 1.183116
1990 1.182346
1991 1.182006
1992 1.182196
1993 1.181984
1994 1.181730
1995 1.181358
1996 1.181074
1997 1.180836
1998 1.180874
1999 1.180810
2000 1.180942
2001 1.180250
2002 1.179916
2003 1.180464
2004 1.180234
2005 1.180218
2006 1.180260
2007 1.180394
2008 1.180212
2009 1.180350
2010 1.180596
2011 1.180712
2012 1.181266
2013 1.181946
2014 1.181178
2015 1.181084
2016 1.180874
2017 1.181206
2018 1.181052
2019 1.181210
2020 1.181502
2021 1.181058
2022 1.181348
2023 1.180934
2024 1.180752
2025 1.180848
2026 1.180952
2027 1.181438
2028 1.181952
2029 1.182396
2030 1.182484
2031 1.182312
2032 1.182124
2033 1.181894
2034 1.181908
2035 1.182382
2036 1.182886
2037 1.183548
2038 1.183356
2039 1.183322
2040 1.183380
2041 1.182940
2042 1.182560
2043 1.182110
2044 1.181760
2045 1.182168
2046 1.182284
2047 1.182828
2048 1.182360
2049 1.182678
2050 1.182140
2051 1.182250
2052 1.182714
2053 1.182596
2054 1.181892
2055 1.181832
2056 1.182000
2057 1.182980
2058 1.182906
2059 1.183020
2060 1.183176
2061 1.182768
2062 1.182820
2063 1.182842
2064 1.182808
2065 1.183228
2066 1.182822
2067 1.182488
2068 1.183232
2069 1.183432
2070 1.182948
2071 1.182762
2072 1.183132
2073 1.183518
2074 1.183760
2075 1.184276
2076 1.184422
2077 1.184188
2078 1.184048
2079 1.183738
2080 1.183556
2081 1.183886
2082 1.183368
2083 1.183318
2084 1.183414
2085 1.183300
2086 1.182930
2087 1.182984
2088 1.183026
2089 1.182490
2090 1.182422
2091 1.182390
2092 1.182802
2093 1.182920
2094 1.183106
2095 1.182742
2096 1.182306
2097 1.181674
2098 1.181348
2099 1.181060
2100 1.180886
2101 1.180912
2102 1.181170
2103 1.180868
2104 1.180886
2105 1.181586
2106 1.181076
2107 1.181548
2108 1.181038
2109 1.180904
2110 1.181234
2111 1.180902
2112 1.181186
2113 1.181220
2114 1.181436
2115 1.182182
2116 1.183106
2117 1.183756
2118 1.184108
2119 1.184074
2120 1.183494
2121 1.184456
2122 1.183800
2123 1.183874
2124 1.183426
2125 1.183154
2126 1.183058
2127 1.182846
2128 1.183032
2129 1.182584
2130 1.182614
2131 1.182920
2132 1.182724
2133 1.182974
2134 1.183270
2135 1.183292
2136 1.182994
2137 1.183274
2138 1.182794
2139 1.182630
2140 1.182854
2141 1.182804
2142 1.182802
2143 1.182976
2144 1.182714
2145 1.182370
2146 1.182844
2147 1.182724
2148 1.182568
2149 1.183430
2150 1.183156
2151 1.183234
2152 1.183518
2153 1.184070
2154 1.183854
2155 1.183410
2156 1.183332
2157 1.183278
2158 1.182706
2159 1.182336
2160 1.182686
2161 1.182736
2162 1.182420
2163 1.182990
2164 1.182426
2165 1.182290
2166 1.182106
2167 1.181560
2168 1.181822
2169 1.182112
2170 1.182532
2171 1.182394
2172 1.181984
2173 1.181490
2174 1.181476
2175 1.181342
2176 1.181450
2177 1.182318
2178 1.183402
2179 1.183038
2180 1.182998
2181 1.183134
2182 1.183366
2183 1.183886
2184 1.183816
2185 1.184064
2186 1.184450
2187 1.184386
2188 1.184234
2189 1.185000
2190 1.184562
2191 1.184412
2192 1.183920
2193 1.183970
2194 1.183484
2195 1.183644
2196 1.183488
2197 1.183078
2198 1.183230
2199 1.183484
2200 1.183094
2201 1.182886
2202 1.182962
2203 1.183152
2204 1.183102
2205 1.183630
2206 1.183334
2207 1.183576
2208 1.183112
2209 1.183076
2210 1.182418
2211 1.181942
2212 1.181870
2213 1.182046
2214 1.181974
2215 1.181056
2216 1.180920
2217 1.180656
2218 1.180876
2219 1.181222
2220 1.180976
2221 1.181304
2222 1.181236
2223 1.181408
2224 1.181454
2225 1.181440
2226 1.181378
2227 1.181098
2228 1.180404
2229 1.180444
2230 1.180780
2231 1.180890
2232 1.181010
2233 1.180492
2234 1.180780
2235 1.181080
2236 1.181450
2237 1.181104
2238 1.181098
2239 1.181270
2240 1.181594
2241 1.181662
2242 1.182208
2243 1.181850
2244 1.181974
2245 1.182042
2246 1.182352
2247 1.182276
2248 1.181928
2249 1.182238
2250 1.181858
2251 1.181790
2252 1.182072
2253 1.181456
2254 1.181478
2255 1.181818
2256 1.181480
2257 1.182066
2258 1.182494
2259 1.183176
2260 1.183684
2261 1.183890
2262 1.183956
2263 1.183672
2264 1.183120
2265 1.182874
2266 1.183038
2267 1.182958
2268 1.183154
2269 1.183682
2270 1.182900
2271 1.182632
2272 1.182926
2273 1.182510
2274 1.182686
2275 1.182742
2276 1.183056
2277 1.182910
2278 1.182826
2279 1.182314
2280 1.182438
2281 1.182314
2282 1.182138
2283 1.181966
2284 1.182006
2285 1.182402
2286 1.182990
2287 1.182784
2288 1.182910
2289 1.182946
2290 1.182746
2291 1.182996
2292 1.182794
2293 1.182694
2294 1.182456
2295 1.182522
2296 1.182814
2297 1.183112
2298 1.183084
2299 1.183122
2300 1.183236
2301 1.182996
2302 1.182422
2303 1.182504
2304 1.182508
2305 1.183100
2306 1.183824
2307 1.184038
2308 1.183984
2309 1.184576
2310 1.185134
2311 1.184454
2312 1.184068
2313 1.184078
2314 1.183840
2315 1.184370
2316 1.183914
2317 1.183450
2318 1.183854
2319 1.183182
2320 1.183468
2321 1.183806
2322 1.184166
2323 1.184160
2324 1.184154
2325 1.184188
2326 1.184068
2327 1.183998
2328 1.184350
2329 1.185152
2330 1.185484
2331 1.185146
2332 1.185218
2333 1.185006
2334 1.185274
2335 1.184642
2336 1.184224
2337 1.183892
2338 1.183580
2339 1.183524
2340 1.183332
2341 1.183716
2342 1.183494
2343 1.183466
2344 1.183042
2345 1.182424
2346 1.181396
2347 1.181712
2348 1.181680
2349 1.181696
2350 1.181728
2351 1.181528
2352 1.181334
2353 1.181882
2354 1.182314
2355 1.182350
2356 1.182344
2357 1.182298
2358 1.181960
2359 1.181962
2360 1.181914
2361 1.181686
2362 1.181890
2363 1.182170
2364 1.182290
2365 1.181966
2366 1.182084
2367 1.182466
2368 1.183126
2369 1.183190
2370 1.182748
2371 1.182486
2372 1.183494
2373 1.183736
2374 1.183984
2375 1.184188
2376 1.184276
2377 1.184126
2378 1.183710
2379 1.183288
2380 1.182600
2381 1.182410
2382 1.182732
2383 1.182892
2384 1.182500
2385 1.182220
2386 1.182260
2387 1.181668
2388 1.181564
2389 1.181228
2390 1.181808
2391 1.182122
2392 1.182116
2393 1.182420
2394 1.182500
2395 1.182936
2396 1.182852
2397 1.183264
2398 1.183286
2399 1.182890
2400 1.183068
2401 1.183062
2402 1.183834
2403 1.183650
2404 1.183726
2405 1.184140
2406 1.184890
2407 1.184822
2408 1.185618
2409 1.185464
2410 1.185718
2411 1.184900
2412 1.183912
2413 1.183598
2414 1.183022
2415 1.183050
2416 1.182594
2417 1.183208
2418 1.183518
2419 1.183676
2420 1.183918
2421 1.183802
2422 1.183322
2423 1.184006
2424 1.183280
2425 1.183148
2426 1.183432
2427 1.183414
2428 1.183158
2429 1.183394
2430 1.183154
2431 1.183196
2432 1.182984
2433 1.183188
2434 1.182372
2435 1.182502
2436 1.182392
2437 1.181836
2438 1.181824
2439 1.181620
2440 1.181418
2441 1.181492
2442 1.182050
2443 1.181778
2444 1.181844
2445 1.181460
2446 1.181416
2447 1.181002
2448 1.181542
2449 1.181732
2450 1.182186
2451 1.182210
2452 1.181912
2453 1.182224
2454 1.182514
2455 1.182212
2456 1.182656
2457 1.183264
2458 1.182924
2459 1.182922
2460 1.182596
2461 1.182928
2462 1.183472
2463 1.183296
2464 1.182870
2465 1.182700
2466 1.183096
2467 1.182660
2468 1.182444
2469 1.182084
2470 1.182104
2471 1.182330
2472 1.182142
2473 1.182138
2474 1.181212
2475 1.181598
2476 1.181650
2477 1.182016
2478 1.181898
2479 1.182278
2480 1.182202
2481 1.182738
2482 1.183342
2483 1.183558
2484 1.183338
2485 1.182984
2486 1.182836
2487 1.182674
2488 1.182866
2489 1.183294
2490 1.182760
2491 1.182290
2492 1.182230
2493 1.182222
2494 1.181750
2495 1.182218
2496 1.182474
2497 1.182072
2498 1.181914
2499 1.181690
2500 1.181392
2501 1.181272
2502 1.181244
2503 1.181556
2504 1.181852
2505 1.181698
2506 1.182314
2507 1.182342
2508 1.182488
2509 1.182672
2510 1.182730
2511 1.182592
2512 1.182596
2513 1.182828
2514 1.181544
2515 1.182152
2516 1.182306
2517 1.181912
2518 1.181982
2519 1.182936
2520 1.182768
2521 1.182750
2522 1.182810
2523 1.182488
2524 1.182878
2525 1.182694
2526 1.182758
2527 1.183092
2528 1.183320
2529 1.183244
2530 1.182764
2531 1.182738
2532 1.182658
2533 1.182594
2534 1.182786
2535 1.182640
2536 1.182352
2537 1.182342
2538 1.182752
2539 1.182618
2540 1.182082
2541 1.181916
2542 1.181740
2543 1.182780
2544 1.183194
2545 1.183406
2546 1.183374
2547 1.183214
2548 1.183428
2549 1.183912
2550 1.184084
2551 1.184532
2552 1.184520
2553 1.184558
2554 1.184496
2555 1.184594
2556 1.184688
2557 1.185078
2558 1.184782
2559 1.184722
2560 1.183924
2561 1.183400
2562 1.183672
2563 1.183950
2564 1.183792
2565 1.184368
2566 1.184042
2567 1.184042
2568 1.183870
2569 1.183908
2570 1.183454
2571 1.183264
2572 1.183756
2573 1.183696
2574 1.183472
2575 1.183148
2576 1.182880
2577 1.182450
2578 1.182692
2579 1.182862
2580 1.182588
2581 1.182776
2582 1.182392
2583 1.182570
2584 1.182064
2585 1.181820
2586 1.182230
2587 1.182254
2588 1.181970
2589 1.181762
2590 1.181892
2591 1.182380
2592 1.182194
2593 1.182988
2594 1.182926
2595 1.183522
2596 1.183376
2597 1.183424
2598 1.183398
2599 1.183860
2600 1.183752
2601 1.183582
2602 1.183390
2603 1.183332
2604 1.183256
2605 1.183034
2606 1.183032
2607 1.183100
2608 1.182816
2609 1.182130
2610 1.182190
2611 1.182260
2612 1.182462
2613 1.182340
2614 1.182630
2615 1.182830
2616 1.182482
2617 1.182684
2618 1.182100
2619 1.182476
2620 1.182922
2621 1.182412
2622 1.182510
2623 1.183480
2624 1.183186
2625 1.182816
2626 1.182822
2627 1.183058
2628 1.183374
2629 1.183956
2630 1.184334
2631 1.184558
2632 1.184410
2633 1.184508
2634 1.183882
2635 1.183984
2636 1.184214
2637 1.183466
2638 1.182976
2639 1.183258
2640 1.183186
2641 1.183102
2642 1.183330
2643 1.183278
2644 1.183360
2645 1.183580
2646 1.183444
2647 1.182738
2648 1.183066
2649 1.182784
2650 1.182668
2651 1.183296
2652 1.183310
2653 1.183124
2654 1.184062
2655 1.184050
2656 1.184600
2657 1.183908
2658 1.183532
2659 1.183114
2660 1.183024
2661 1.182848
2662 1.183320
2663 1.183116
2664 1.183876
2665 1.183528
2666 1.182920
2667 1.182792
2668 1.182760
2669 1.182478
2670 1.182568
2671 1.182706
2672 1.182310
2673 1.182260
2674 1.182082
2675 1.181462
2676 1.181990
2677 1.182364
2678 1.181938
2679 1.182568
2680 1.182518
2681 1.182592
2682 1.182704
2683 1.182170
2684 1.182270
2685 1.182032
2686 1.181728
2687 1.181996
2688 1.181846
2689 1.181182
2690 1.181492
2691 1.181514
2692 1.181424
2693 1.181540
2694 1.181472
2695 1.181752
2696 1.182178
2697 1.182170
2698 1.181876
2699 1.181564
2700 1.180846
2701 1.180748
2702 1.180524
2703 1.180568
2704 1.180856
2705 1.181386
2706 1.181636
2707 1.182366
2708 1.182778
2709 1.182712
2710 1.183148
2711 1.183256
2712 1.183780
2713 1.183722
2714 1.183708
2715 1.183708
2716 1.183694
2717 1.183922
2718 1.183508
2719 1.183188
2720 1.182492
2721 1.182544
2722 1.182402
2723 1.182872
2724 1.182884
2725 1.182394
2726 1.182130
2727 1.181966
2728 1.181852
2729 1.182352
2730 1.182618
2731 1.182456
2732 1.181830
2733 1.181730
2734 1.181720
2735 1.181332
2736 1.181068
2737 1.180950
2738 1.181338
2739 1.181306
2740 1.181344
2741 1.181396
2742 1.181834
2743 1.181452
2744 1.181350
2745 1.181414
2746 1.181446
2747 1.181522
2748 1.181996
2749 1.181664
2750 1.181796
2751 1.181214
2752 1.181710
2753 1.181658
2754 1.181638
2755 1.181654
2756 1.181286
2757 1.181420
2758 1.181902
2759 1.182502
2760 1.182540
2761 1.182542
2762 1.182660
2763 1.182974
2764 1.183174
2765 1.183796
2766 1.183798
2767 1.183168
2768 1.182780
2769 1.182492
2770 1.183124
2771 1.183596
2772 1.183606
2773 1.182760
2774 1.182456
2775 1.182682
2776 1.182936
2777 1.181962
2778 1.182146
2779 1.182582
2780 1.181950
2781 1.182052
2782 1.181590
2783 1.181538
2784 1.181448
2785 1.181574
2786 1.182438
2787 1.182214
2788 1.181950
2789 1.182748
2790 1.182908
2791 1.182910
2792 1.183346
2793 1.183354
2794 1.183470
2795 1.183862
2796 1.183434
2797 1.183422
2798 1.183358
2799 1.183228
2800 1.183352
2801 1.183318
2802 1.183330
2803 1.182900
2804 1.183264
2805 1.182878
2806 1.183460
2807 1.183820
2808 1.183998
2809 1.183746
2810 1.183958
2811 1.184478
2812 1.183658
2813 1.183672
2814 1.184052
2815 1.183456
2816 1.183352
2817 1.183286
2818 1.183426
2819 1.183594
2820 1.183716
2821 1.183210
2822 1.184560
2823 1.184160
2824 1.183512
2825 1.183798
2826 1.183816
2827 1.183500
2828 1.183384
2829 1.183204
2830 1.182546
2831 1.183172
2832 1.182524
2833 1.181840
2834 1.181508
2835 1.182156
2836 1.182762
2837 1.182462
2838 1.183032
2839 1.182632
2840 1.181926
2841 1.181740
2842 1.181832
2843 1.181980
2844 1.182338
2845 1.182486
2846 1.182600
2847 1.182806
2848 1.182634
2849 1.182520
2850 1.182202
2851 1.182488
2852 1.182782
2853 1.182576
2854 1.182766
2855 1.182228
2856 1.182340
2857 1.182732
2858 1.182178
2859 1.183004
2860 1.183414
2861 1.182714
2862 1.182458
2863 1.182014
2864 1.181480
2865 1.181662
2866 1.181724
2867 1.181124
2868 1.180990
2869 1.181186
2870 1.181464
2871 1.181714
2872 1.181494
2873 1.182020
2874 1.182390
2875 1.182384
2876 1.182420
2877 1.182756
2878 1.182932
2879 1.183256
2880 1.183716
2881 1.183304
2882 1.183022
2883 1.182690
2884 1.182334
2885 1.182608
2886 1.182526
2887 1.182032
2888 1.182304
2889 1.183074
2890 1.183348
2891 1.183040
2892 1.183342
2893 1.183830
2894 1.183890
2895 1.183728
2896 1.183812
2897 1.183548
2898 1.183210
2899 1.182952
2900 1.183586
2901 1.183958
2902 1.184610
2903 1.184480
2904 1.184006
2905 1.184124
2906 1.183666
2907 1.183154
2908 1.182838
2909 1.183080
2910 1.182776
2911 1.182894
2912 1.183284
2913 1.183354
2914 1.183050
2915 1.183188
2916 1.182384
2917 1.181990
2918 1.182152
2919 1.182292
2920 1.182986
2921 1.183114
2922 1.183888
2923 1.184314
2924 1.183772
2925 1.183536
2926 1.184066
2927 1.183872
2928 1.184162
2929 1.183696
2930 1.183928
2931 1.184102
2932 1.184188
2933 1.183794
2934 1.183038
2935 1.182748
2936 1.183210
2937 1.183200
2938 1.182962
2939 1.183434
2940 1.183622
2941 1.182768
2942 1.183438
2943 1.183300
2944 1.182958
2945 1.182812
2946 1.182768
2947 1.183230
2948 1.182846
2949 1.182584
2950 1.182934
2951 1.182738
2952 1.182112
2953 1.182902
2954 1.182904
2955 1.182794
2956 1.183028
2957 1.182916
2958 1.182588
2959 1.182996
2960 1.182674
2961 1.182194
2962 1.182388
2963 1.182388
2964 1.181792
2965 1.181810
2966 1.182712
2967 1.182670
2968 1.182716
2969 1.182176
2970 1.183012
2971 1.183590
2972 1.183528
2973 1.183276
2974 1.182898
2975 1.182976
2976 1.183148
2977 1.183044
2978 1.182304
2979 1.182424
2980 1.182408
2981 1.182220
2982 1.181774
2983 1.181732
2984 1.181738
2985 1.182124
2986 1.182372
2987 1.182454
2988 1.181710
2989 1.181206
2990 1.180602
2991 1.180756
2992 1.180874
2993 1.180906
2994 1.181308
2995 1.181224
2996 1.181240
2997 1.181296
2998 1.181464
2999 1.181860
3000 1.181970
3001 1.182116
3002 1.182134
3003 1.182224
3004 1.182798
3005 1.183396
3006 1.183120
3007 1.183412
3008 1.182748
3009 1.183150
3010 1.183740
3011 1.183720
3012 1.183950
3013 1.183560
3014 1.183210
3015 1.183822
3016 1.184330
3017 1.184338
3018 1.184186
3019 1.184204
3020 1.183878
3021 1.183634
3022 1.183438
3023 1.183140
3024 1.183220
3025 1.183322
3026 1.183694
3027 1.183262
3028 1.183636
3029 1.183810
3030 1.183800
3031 1.183550
3032 1.183620
3033 1.183410
3034 1.183334
3035 1.183976
3036 1.183920
3037 1.183398
3038 1.183254
3039 1.183252
3040 1.183364
3041 1.183084
3042 1.182442
3043 1.181876
3044 1.181310
3045 1.180848
3046 1.180850
3047 1.180604
3048 1.180090
3049 1.180274
3050 1.180790
3051 1.181230
3052 1.181826
3053 1.181666
3054 1.181252
3055 1.180772
3056 1.181002
3057 1.181276
3058 1.181738
3059 1.181544
3060 1.181276
3061 1.181478
3062 1.181202
3063 1.181924
3064 1.181270
3065 1.181232
3066 1.181088
3067 1.181070
3068 1.181054
3069 1.181168
3070 1.181302
3071 1.181454
3072 1.181840
3073 1.181928
3074 1.182282
3075 1.182578
3076 1.182668
3077 1.182420
3078 1.181780
3079 1.182478
3080 1.182758
3081 1.182716
3082 1.182864
3083 1.183076
3084 1.183210
3085 1.183078
3086 1.183004
3087 1.182932
3088 1.183038
3089 1.182916
3090 1.183004
3091 1.183872
3092 1.184008
3093 1.183806
3094 1.183780
3095 1.183626
3096 1.183692
3097 1.183260
3098 1.183434
3099 1.183718
3100 1.183590
3101 1.183436
3102 1.183650
3103 1.183650
3104 1.183674
3105 1.184156
3106 1.183876
3107 1.184296
3108 1.184148
3109 1.183920
3110 1.183570
3111 1.183780
3112 1.184040
3113 1.184356
3114 1.184120
3115 1.184718
3116 1.184232
3117 1.184628
3118 1.183946
3119 1.183514
3120 1.183796
3121 1.184130
3122 1.184512
3123 1.184172
3124 1.183722
3125 1.183562
3126 1.183118
3127 1.182976
3128 1.183266
3129 1.183292
3130 1.183702
3131 1.184022
3132 1.183920
3133 1.183756
3134 1.183576
3135 1.183264
3136 1.184052
3137 1.184184
3138 1.183740
3139 1.184140
3140 1.184236
3141 1.183542
3142 1.183450
3143 1.183188
3144 1.183276
3145 1.182894
3146 1.182696
3147 1.183108
3148 1.183494
3149 1.183306
3150 1.183092
3151 1.183280
3152 1.182554
3153 1.183684
3154 1.183750
3155 1.183664
3156 1.183724
3157 1.183652
3158 1.184100
3159 1.183616
3160 1.183508
3161 1.183820
3162 1.183352
3163 1.183468
3164 1.183392
3165 1.183354
3166 1.182892
3167 1.182548
3168 1.182200
3169 1.181742
3170 1.182074
3171 1.182222
3172 1.182260
3173 1.181976
3174 1.181448
3175 1.181982
3176 1.181636
3177 1.182052
3178 1.182552
3179 1.182576
3180 1.182920
3181 1.183156
3182 1.183662
3183 1.183450
3184 1.183060
3185 1.183262
3186 1.183148
3187 1.182970
3188 1.182778
3189 1.182430
3190 1.182636
3191 1.182854
3192 1.183458
3193 1.183610
3194 1.183150
3195 1.183740
3196 1.184472
3197 1.184016
3198 1.183752
3199 1.183890
3200 1.184380
3201 1.184068
3202 1.184340
3203 1.184322
3204 1.184948
3205 1.185506
3206 1.184982
3207 1.185250
3208 1.184482
3209 1.184480
3210 1.184912
3211 1.185274
3212 1.185436
3213 1.185360
3214 1.184808
3215 1.184976
3216 1.185282
3217 1.185026
3218 1.185174
3219 1.184932
3220 1.184514
3221 1.184158
3222 1.183804
3223 1.183256
3224 1.183016
3225 1.182282
3226 1.182466
3227 1.181946
3228 1.182750
3229 1.183714
3230 1.184232
3231 1.184180
3232 1.184096
3233 1.184334
3234 1.184524
3235 1.183978
3236 1.183518
3237 1.183340
3238 1.183346
3239 1.183464
3240 1.184136
3241 1.183772
3242 1.183882
3243 1.184230
3244 1.183592
3245 1.183982
3246 1.183696
3247 1.183924
3248 1.183582
3249 1.183018
3250 1.183512
3251 1.183602
3252 1.184156
3253 1.183652
3254 1.183116
3255 1.182780
3256 1.182750
3257 1.182028
3258 1.181544
3259 1.181810
3260 1.181630
3261 1.182130
3262 1.181866
3263 1.182634
3264 1.183052
3265 1.183022
3266 1.182884
3267 1.182920
3268 1.182826
3269 1.183000
3270 1.183606
3271 1.183608
3272 1.183944
3273 1.183100
3274 1.182870
3275 1.183714
3276 1.183066
3277 1.183190
3278 1.183276
3279 1.183062
3280 1.183238
3281 1.183744
3282 1.184162
3283 1.184184
3284 1.183398
3285 1.182684
3286 1.182894
3287 1.182686
3288 1.182862
3289 1.183092
3290 1.183658
3291 1.183654
3292 1.184060
3293 1.184178
3294 1.184066
3295 1.183966
3296 1.184150
3297 1.184434
3298 1.184414
3299 1.184310
3300 1.184254
3301 1.184318
3302 1.183822
3303 1.183570
3304 1.183386
3305 1.183924
3306 1.184064
3307 1.184814
3308 1.184484
3309 1.183838
3310 1.183784
3311 1.183718
3312 1.183852
3313 1.183770
3314 1.184156
3315 1.184050
3316 1.183934
3317 1.184414
3318 1.184044
3319 1.184212
3320 1.184372
3321 1.184082
3322 1.183498
3323 1.183420
3324 1.184536
3325 1.183904
3326 1.183614
3327 1.183432
3328 1.183536
3329 1.182498
3330 1.182816
3331 1.182786
3332 1.182258
3333 1.182186
3334 1.182400
3335 1.182378
3336 1.181988
3337 1.181912
3338 1.181652
3339 1.181830
3340 1.181626
3341 1.181614
3342 1.181816
3343 1.181506
3344 1.180880
3345 1.181634
3346 1.181534
3347 1.181420
3348 1.182042
3349 1.182028
3350 1.182346
3351 1.182546
3352 1.183510
3353 1.183482
3354 1.182896
3355 1.182662
3356 1.182222
3357 1.181876
3358 1.181572
3359 1.181768
3360 1.181198
3361 1.181118
3362 1.180884
3363 1.181610
3364 1.181682
3365 1.182104
3366 1.182830
3367 1.183252
3368 1.183758
3369 1.183376
3370 1.183048
3371 1.182962
3372 1.182756
3373 1.183398
3374 1.183328
3375 1.182854
3376 1.182754
3377 1.182862
3378 1.182598
3379 1.182410
3380 1.182380
3381 1.182600
3382 1.182708
3383 1.181986
3384 1.181474
3385 1.181978
3386 1.181922
3387 1.181892
3388 1.182058
3389 1.182196
3390 1.182558
3391 1.182662
3392 1.182140
3393 1.181824
3394 1.181804
3395 1.181880
3396 1.181658
3397 1.182132
3398 1.182712
3399 1.183046
3400 1.182360
3401 1.182288
3402 1.181992
3403 1.182278
3404 1.182016
3405 1.181832
3406 1.182078
3407 1.181902
3408 1.181458
3409 1.181764
3410 1.181970
3411 1.182208
3412 1.182192
3413 1.182238
3414 1.182356
3415 1.182022
3416 1.181694
3417 1.181464
3418 1.181524
3419 1.181570
3420 1.182002
3421 1.182386
3422 1.182902
3423 1.182996
3424 1.183698
3425 1.183252
3426 1.182700
3427 1.183018
3428 1.183756
3429 1.183654
3430 1.183446
3431 1.183744
3432 1.184076
3433 1.183512
3434 1.183094
3435 1.183208
3436 1.183204
3437 1.183088
3438 1.183276
3439 1.183796
3440 1.183924
3441 1.183998
3442 1.184284
3443 1.184560
3444 1.184764
3445 1.184732
3446 1.184906
3447 1.185248
3448 1.185184
3449 1.184838
3450 1.185050
3451 1.184920
3452 1.185094
3453 1.184400
3454 1.183232
3455 1.183620
3456 1.183416
3457 1.183584
3458 1.183234
3459 1.183032
3460 1.182654
3461 1.182726
3462 1.183220
3463 1.183222
3464 1.182754
3465 1.182776
3466 1.183234
3467 1.183380
3468 1.183230
3469 1.183104
3470 1.182770
3471 1.182830
3472 1.183592
3473 1.183120
3474 1.182648
3475 1.182710
3476 1.182434
3477 1.182590
3478 1.182968
3479 1.182326
3480 1.182286
3481 1.182760
3482 1.182498
3483 1.182668
3484 1.182510
3485 1.182062
3486 1.181940
3487 1.182650
3488 1.182204
3489 1.182792
3490 1.182984
3491 1.182962
3492 1.182400
3493 1.182958
3494 1.182284
3495 1.183154
3496 1.183452
3497 1.182990
3498 1.183310
3499 1.182984
3500 1.182560
3501 1.182614


Active cycles: 2000
k_mean: 1.182750
k_stddev(cycle): 0.001067
k_stderr(mean): 0.000024
