1 1.183810
2 1.383258
3 1.579179
4 1.772538
5 1.963472
6 2.151471
7 2.335733
8 2.515361
9 2.689554
10 2.857866
11 3.019729
12 3.174918
13 3.323037
14 3.463897
15 3.597664
16 3.724434
17 3.844536
18 3.958081
19 4.065384
20 4.166788
21 4.262199
22 4.352300
23 4.437481
24 4.518168
25 4.594506
26 4.666967
27 4.735877
28 4.801400
29 4.863509
30 4.922440
31 4.978623
32 5.032140
33 5.083054
34 5.131570
35 5.177959
36 5.222371
37 5.264910
38 5.305666
39 5.344766
40 5.382362
41 5.418464
42 5.453147
43 5.486557
44 5.518822
45 5.550009
46 5.580126
47 5.609324
48 5.637649
49 5.665120
50 5.691739
51 5.717528
52 5.742590
53 5.766942
54 5.790609
55 5.813575
56 5.835928
57 5.857668
58 5.878848
59 5.899471
60 5.919604
61 5.939264
62 5.958484
63 5.977267
64 5.995574
65 6.013441
66 6.030905
67 6.048006
68 6.064721
69 6.081058
70 6.097029
71 6.112671
72 6.127985
73 6.143006
74 6.157737
75 6.172186
76 6.186357
77 6.200267
78 6.213916
79 6.227314
80 6.240484
81 6.253393
82 6.266060
83 6.278496
84 6.290702
85 6.302679
86 6.314446
87 6.325995
88 6.337332
89 6.348475
90 6.359440
91 6.370206
92 6.380786
93 6.391173
94 6.401372
95 6.411398
96 6.421252
97 6.430934
98 6.440452
99 6.449827
100 6.459041
101 6.468112
102 6.477024
103 6.485787
104 6.494417
105 6.502898
106 6.511237
107 6.519428
108 6.527474
109 6.535391
110 6.543178
111 6.550846
112 6.558383
113 6.565797
114 6.573093
115 6.580270
116 6.587325
117 6.594272
118 6.601104
119 6.607825
120 6.614442
121 6.620953
122 6.627360
123 6.633665
124 6.639869
125 6.645959
126 6.651943
127 6.657827
128 6.663618
129 6.669318
130 6.674926
131 6.680442
132 6.685870
133 6.691214
134 6.696462
135 6.701625
136 6.706705
137 6.711704
138 6.716635
139 6.721483
140 6.726255
141 6.730952
142 6.735574
143 6.740127
144 6.744607
145 6.749016
146 6.753365
147 6.757643
148 6.761853
149 6.765993
150 6.770060
151 6.774062
152 6.778002
153 6.781877
154 6.785689
155 6.789436
156 6.793123
157 6.796752
158 6.800325
159 6.803836
160 6.807295
161 6.810692
162 6.814033
163 6.817321
164 6.820556
165 6.823741
166 6.826879
167 6.829969
168 6.833013
169 6.836009
170 6.838955
171 6.841858
172 6.844715
173 6.847527
174 6.850294
175 6.853016
176 6.855695
177 6.858334
178 6.860933
179 6.863488
180 6.866003
181 6.868481
182 6.870920
183 6.873320
184 6.875683
185 6.878010
186 6.880299
187 6.882552
188 6.884769
189 6.886950
190 6.889099
191 6.891211
192 6.893290
193 6.895335
194 6.897349
195 6.899333
196 6.901286
197 6.903208
198 6.905100
199 6.906963
200 6.908798
201 6.910605
202 6.912385
203 6.914135
204 6.915857
205 6.917553
206 6.919222
207 6.920868
208 6.922487
209 6.924081
210 6.925652
211 6.927195
212 6.928715
213 6.930210
214 6.931684
215 6.933136
216 6.934565
217 6.935972
218 6.937357
219 6.938719
220 6.940061
221 6.941382
222 6.942684
223 6.943965
224 6.945226
225 6.946467
226 6.947690
227 6.948894
228 6.950079
229 6.951245
230 6.952394
231 6.953524
232 6.954637
233 6.955734
234 6.956814
235 6.957876
236 6.958922
237 6.959952
238 6.960967
239 6.961967
240 6.962951
241 6.963921
242 6.964876
243 6.965816
244 6.966743
245 6.967656
246 6.968555
247 6.969439
248 6.970311
249 6.971168
250 6.972013
251 6.972845
252 6.973664
253 6.974471
254 6.975265
255 6.976047
256 6.976818
257 6.977577
258 6.978324
259 6.979060
260 6.979784
261 6.980497
262 6.981198
263 6.981888
264 6.982567
265 6.983235
266 6.983893
267 6.984540
268 6.985177
269 6.985805
270 6.986424
271 6.987033
272 6.987632
273 6.988221
274 6.988801
275 6.989372
276 6.989934
277 6.990487
278 6.991031
279 6.991567
280 6.992094
281 6.992614
282 6.993125
283 6.993627
284 6.994123
285 6.994610
286 6.995090
287 6.995564
288 6.996030
289 6.996489
290 6.996941
291 6.997387
292 6.997825
293 6.998257
294 6.998681
295 6.999100
296 6.999512
297 6.999918
298 7.000319
299 7.000713
300 7.001101
301 7.001484
302 7.001860
303 7.002231
304 7.002596
305 7.002956
306 7.003310
307 7.003660
308 7.004004
309 7.004342
310 7.004676
311 7.005005
312 7.005329
313 7.005647
314 7.005961
315 7.006270
316 7.006575
317 7.006875
318 7.007170
319 7.007461
320 7.007748
321 7.008030
322 7.008309
323 7.008583
324 7.008854
325 7.009120
326 7.009382
327 7.009640
328 7.009894
329 7.010145
330 7.010391
331 7.010634
332 7.010873
333 7.011108
334 7.011340
335 7.011568
336 7.011793
337 7.012014
338 7.012232
339 7.012447
340 7.012658
341 7.012866
342 7.013072
343 7.013274
344 7.013473
345 7.013669
346 7.013861
347 7.014051
348 7.014238
349 7.014423
350 7.014604
351 7.014782
352 7.014958
353 7.015131
354 7.015301
355 7.015469
356 7.015634
357 7.015797
358 7.015957
359 7.016114
360 7.016269
361 7.016422
362 7.016572
363 7.016721
364 7.016867
365 7.017010
366 7.017152
367 7.017291
368 7.017429
369 7.017564
370 7.017698
371 7.017829
372 7.017959
373 7.018087
374 7.018213
375 7.018337
376 7.018459
377 7.018579
378 7.018698
379 7.018815
380 7.018930
381 7.019043
382 7.019154
383 7.019264
384 7.019372
385 7.019479
386 7.019584
387 7.019687
388 7.019789
389 7.019889
390 7.019988
391 7.020085
392 7.020181
393 7.020276
394 7.020368
395 7.020460
396 7.020550
397 7.020638
398 7.020726
399 7.020812
400 7.020897
401 7.020980
402 7.021062
403 7.021143
404 7.021223
405 7.021301
406 7.021378
407 7.021454
408 7.021529
409 7.021603
410 7.021676
411 7.021747
412 7.021817
413 7.021887
414 7.021955
415 7.022022
416 7.022088
417 7.022153
418 7.022217
419 7.022280
420 7.022342
421 7.022403
422 7.022463
423 7.022523
424 7.022581
425 7.022638
426 7.022695
427 7.022751
428 7.022805
429 7.022859
430 7.022913
431 7.022965
432 7.023017
433 7.023068
434 7.023118
435 7.023167
436 7.023216
437 7.023264
438 7.023311
439 7.023357
440 7.023403
441 7.023448
442 7.023492
443 7.023536
444 7.023579
445 7.023621
446 7.023663
447 7.023704
448 7.023745
449 7.023785
450 7.023824
451 7.023863
452 7.023901
453 7.023939
454 7.023976
455 7.024012
456 7.024048
457 7.024084
458 7.024119
459 7.024153
460 7.024187
461 7.024220
462 7.024253
463 7.024285
464 7.024317
465 7.024349
466 7.024379
467 7.024410
468 7.024440
469 7.024469
470 7.024498
471 7.024527
472 7.024555
473 7.024582
474 7.024610
475 7.024636
476 7.024663
477 7.024689
478 7.024714
479 7.024740
480 7.024764
481 7.024789
482 7.024813
483 7.024836
484 7.024860
485 7.024883
486 7.024905
487 7.024928
488 7.024949
489 7.024971
490 7.024992
491 7.025013
492 7.025034
493 7.025054
494 7.025074
495 7.025094
496 7.025113
497 7.025132
498 7.025151
499 7.025170
500 7.025188
501 7.025206
502 7.025224
503 7.025241
504 7.025259
505 7.025276
506 7.025292
507 7.025309
508 7.025325
509 7.025341
510 7.025357
511 7.025372
512 7.025387
513 7.025403
514 7.025417
515 7.025432
516 7.025446
517 7.025460
518 7.025474
519 7.025488
520 7.025501
521 7.025515
522 7.025528
523 7.025541
524 7.025553
525 7.025566
526 7.025578
527 7.025590
528 7.025602
529 7.025614
530 7.025626
531 7.025637
532 7.025649
533 7.025660
534 7.025671
535 7.025681
536 7.025692
537 7.025702
538 7.025713
539 7.025723
540 7.025733
541 7.025743
542 7.025752
543 7.025762
544 7.025771
545 7.025780
546 7.025790
547 7.025798
548 7.025807
549 7.025816
550 7.025825
551 7.025833
552 7.025841
553 7.025850
554 7.025858
555 7.025866
556 7.025873
557 7.025881
558 7.025889
559 7.025896
560 7.025904
561 7.025911
562 7.025918
563 7.025925
564 7.025932
565 7.025939
566 7.025946
567 7.025952
568 7.025959
569 7.025965
570 7.025972
571 7.025978
572 7.025984
573 7.025990
574 7.025996
575 7.026002
576 7.026008
577 7.026013
578 7.026019
579 7.026024
580 7.026030
581 7.026035
582 7.026040
583 7.026046
584 7.026051
585 7.026056
586 7.026061
587 7.026066
588 7.026070
589 7.026075
590 7.026080
591 7.026084
592 7.026089
593 7.026093
594 7.026098
595 7.026102
596 7.026106
597 7.026111
598 7.026115
599 7.026119
600 7.026123
601 7.026127
602 7.026131
603 7.026135
604 7.026138
605 7.026142
606 7.026146
607 7.026149
608 7.026153
609 7.026156
610 7.026160
611 7.026163
612 7.026167
613 7.026170
614 7.026173
615 7.026176
616 7.026180
617 7.026183
618 7.026186
619 7.026189
620 7.026192
621 7.026195
622 7.026198
623 7.026201
624 7.026203
625 7.026206
626 7.026209
627 7.026211
628 7.026214
629 7.026217
630 7.026219
631 7.026222
632 7.026224
633 7.026227
634 7.026229
635 7.026232
636 7.026234
637 7.026236
638 7.026238
639 7.026241
640 7.026243
641 7.026245
642 7.026247
643 7.026249
644 7.026251
645 7.026253
646 7.026255
647 7.026257
648 7.026259
649 7.026261
650 7.026263
651 7.026265
652 7.026267
653 7.026269
654 7.026270
655 7.026272
656 7.026274
657 7.026276
658 7.026277
659 7.026279
660 7.026281
661 7.026282
662 7.026284
663 7.026285
664 7.026287
665 7.026288
666 7.026290
667 7.026291
668 7.026293
669 7.026294
670 7.026296
671 7.026297
672 7.026298
673 7.026300
674 7.026301
675 7.026302
676 7.026304
677 7.026305
678 7.026306
679 7.026307
680 7.026309
681 7.026310
682 7.026311
683 7.026312
684 7.026313
685 7.026314
686 7.026315
687 7.026316
688 7.026317
689 7.026319
690 7.026320
691 7.026321
692 7.026322
693 7.026323
694 7.026324
695 7.026325
696 7.026325
697 7.026326
698 7.026327
699 7.026328
700 7.026329
701 7.026330
702 7.026331
703 7.026332
704 7.026332
705 7.026333
706 7.026334
707 7.026335
708 7.026336
709 7.026336
710 7.026337
711 7.026338
712 7.026339
713 7.026339
714 7.026340
715 7.026341
716 7.026342
717 7.026342
718 7.026343
719 7.026344
720 7.026344
721 7.026345
722 7.026346
723 7.026346
724 7.026347
725 7.026347
726 7.026348
727 7.026349
728 7.026349
729 7.026350
730 7.026350
731 7.026351
732 7.026351
733 7.026352
734 7.026353
735 7.026353
736 7.026354
737 7.026354
738 7.026355
739 7.026355
740 7.026356
741 7.026356
742 7.026357
743 7.026357
744 7.026357
745 7.026358
746 7.026358
747 7.026359
748 7.026359
749 7.026360
750 7.026360
751 7.026360
752 7.026361
753 7.026361
754 7.026362
755 7.026362
756 7.026362
757 7.026363
758 7.026363
759 7.026363
760 7.026364
761 7.026364
762 7.026365
763 7.026365
764 7.026365
765 7.026366
766 7.026366
767 7.026366
768 7.026367
769 7.026367
770 7.026367
771 7.026367
772 7.026368
773 7.026368
774 7.026368
775 7.026369
776 7.026369
777 7.026369
778 7.026369
779 7.026370
780 7.026370
781 7.026370
782 7.026370
783 7.026371
784 7.026371
785 7.026371
786 7.026371
787 7.026372
788 7.026372
789 7.026372
790 7.026372
791 7.026373
792 7.026373
793 7.026373
794 7.026373
795 7.026374
796 7.026374
797 7.026374
798 7.026374
799 7.026374
800 7.026375
801 7.026375
802 7.026375
803 7.026375
804 7.026375
805 7.026375
806 7.026376
807 7.026376
808 7.026376
809 7.026376
810 7.026376
811 7.026377
812 7.026377
813 7.026377
814 7.026377
815 7.026377
816 7.026377
817 7.026377
818 7.026378
819 7.026378
820 7.026378
821 7.026378
822 7.026378
823 7.026378
824 7.026378
825 7.026379
826 7.026379
827 7.026379
828 7.026379
829 7.026379
830 7.026379
831 7.026379
832 7.026379
833 7.026380
834 7.026380
835 7.026380
836 7.026380
837 7.026380
838 7.026380
839 7.026380
840 7.026380
841 7.026380
842 7.026381
843 7.026381
844 7.026381
845 7.026381
846 7.026381
847 7.026381
848 7.026381
849 7.026381
850 7.026381
851 7.026381
852 7.026382
853 7.026382
854 7.026382
855 7.026382
856 7.026382
857 7.026382
858 7.026382
859 7.026382
860 7.026382
861 7.026382
862 7.026382
863 7.026382
864 7.026382
865 7.026383
866 7.026383
867 7.026383
868 7.026383
869 7.026383
870 7.026383
871 7.026383
872 7.026383
873 7.026383
874 7.026383
875 7.026383
876 7.026383
877 7.026383
878 7.026383
879 7.026383
880 7.026384
881 7.026384
882 7.026384
883 7.026384
884 7.026384
885 7.026384
886 7.026384
887 7.026384
888 7.026384
889 7.026384
890 7.026384
891 7.026384
892 7.026384
893 7.026384
894 7.026384
895 7.026384
896 7.026384
897 7.026384
898 7.026384
899 7.026384
900 7.026385
901 7.026385
902 7.026385
903 7.026385
904 7.026385
905 7.026385
906 7.026385
907 7.026385
908 7.026385
909 7.026385
910 7.026385
911 7.026385
912 7.026385
913 7.026385
914 7.026385
915 7.026385
916 7.026385
917 7.026385
918 7.026385
919 7.026385
920 7.026385
921 7.026385
922 7.026385
923 7.026385
924 7.026385
925 7.026385
926 7.026385
927 7.026385
928 7.026386
929 7.026386
930 7.026386
931 7.026386
932 7.026386
933 7.026386
934 7.026386
935 7.026386
936 7.026386
937 7.026386
938 7.026386
939 7.026386
940 7.026386
941 7.026386
942 7.026386
943 7.026386
944 7.026386
945 7.026386
946 7.026386
947 7.026386
948 7.026386
949 7.026386
950 7.026386
951 7.026386
952 7.026386
953 7.026386
954 7.026386
955 7.026386
956 7.026386
957 7.026386
958 7.026386
959 7.026386
960 7.026386
961 7.026386
962 7.026386
963 7.026386
964 7.026386
965 7.026386
966 7.026386
967 7.026386
968 7.026386
969 7.026386
970 7.026386
971 7.026386
972 7.026386
973 7.026386
974 7.026386
975 7.026386
976 7.026386
977 7.026386
978 7.026386
979 7.026387
980 7.026387
981 7.026387
982 7.026387
983 7.026387
984 7.026387
985 7.026387
986 7.026387
987 7.026387
988 7.026387
989 7.026387
990 7.026387
991 7.026387
992 7.026387
993 7.026387
994 7.026387
995 7.026387
996 7.026387
997 7.026387
998 7.026387
999 7.026387
1000 7.026387
1001 7.026387
1002 7.026387
1003 7.026387
1004 7.026387
1005 7.026387
1006 7.026387
1007 7.026387
1008 7.026387
1009 7.026387
1010 7.026387
1011 7.026387
1012 7.026387
1013 7.026387
1014 7.026387
1015 7.026387
1016 7.026387
1017 7.026387
1018 7.026387
1019 7.026387
1020 7.026387
1021 7.026387
1022 7.026387
1023 7.026387
1024 7.026387
1025 7.026387
1026 7.026387
1027 7.026387
1028 7.026387
1029 7.026387
1030 7.026387
1031 7.026387
1032 7.026387
1033 7.026387
1034 7.026387
1035 7.026387
1036 7.026387
1037 7.026387
1038 7.026387
1039 7.026387
1040 7.026387
1041 7.026387
1042 7.026387
1043 7.026387
1044 7.026387
1045 7.026387
1046 7.026387
1047 7.026387
1048 7.026387
1049 7.026387
1050 7.026387
1051 7.026387
1052 7.026387
1053 7.026387
1054 7.026387
1055 7.026387
1056 7.026387
1057 7.026387
1058 7.026387
1059 7.026387
1060 7.026387
1061 7.026387
1062 7.026387
1063 7.026387
1064 7.026387
1065 7.026387
1066 7.026387
1067 7.026387
1068 7.026387
1069 7.026387
1070 7.026387
1071 7.026387
1072 7.026387
1073 7.026387
1074 7.026387
1075 7.026387
1076 7.026387
1077 7.026387
1078 7.026387
1079 7.026387
1080 7.026387
1081 7.026387
1082 7.026387
1083 7.026387
1084 7.026387
1085 7.026387
1086 7.026387
1087 7.026387
1088 7.026387
1089 7.026387
1090 7.026387
1091 7.026387
1092 7.026387
1093 7.026387
1094 7.026387
1095 7.026387
1096 7.026387
1097 7.026387
1098 7.026387
1099 7.026387
1100 7.026387
1101 7.026387
1102 7.026387
1103 7.026387
1104 7.026387
1105 7.026387
1106 7.026387
1107 7.026387
1108 7.026387
1109 7.026387
1110 7.026387
1111 7.026387
1112 7.026387
1113 7.026387
1114 7.026387
1115 7.026387
1116 7.026387
1117 7.026387
1118 7.026387
1119 7.026387
1120 7.026387
1121 7.026387
1122 7.026387
1123 7.026387
1124 7.026387
1125 7.026387
1126 7.026387
1127 7.026387
1128 7.026387
1129 7.026387
1130 7.026387
1131 7.026387
1132 7.026387
1133 7.026387
1134 7.026387
1135 7.026387
1136 7.026387
1137 7.026387
1138 7.026387
1139 7.026387
1140 7.026387
1141 7.026387
1142 7.026387
1143 7.026387
1144 7.026387
1145 7.026387
1146 7.026387
1147 7.026387
1148 7.026387
1149 7.026387
1150 7.026387
1151 7.026387
1152 7.026387
1153 7.026387
1154 7.026387
1155 7.026387
1156 7.026387
1157 7.026387
1158 7.026387
1159 7.026387
1160 7.026387
1161 7.026387
1162 7.026387
1163 7.026387
1164 7.026387
1165 7.026387
1166 7.026387
1167 7.026387
1168 7.026387
1169 7.026387
1170 7.026387
1171 7.026387
1172 7.026387
1173 7.026387
1174 7.026387
1175 7.026387
1176 7.026387
1177 7.026387
1178 7.026387
1179 7.026387
1180 7.026387
1181 7.026387
1182 7.026387
1183 7.026387
1184 7.026387
1185 7.026387
1186 7.026387
1187 7.026387
1188 7.026387
1189 7.026387
1190 7.026387
1191 7.026387
1192 7.026387
1193 7.026387
1194 7.026387
1195 7.026387
1196 7.026387
1197 7.026387
1198 7.026387
1199 7.026387
1200 7.026387
1201 7.026387
1202 7.026387
1203 7.026387
1204 7.026387
1205 7.026387
1206 7.026387
1207 7.026387
1208 7.026387
1209 7.026387
1210 7.026387
1211 7.026387
1212 7.026387
1213 7.026387
1214 7.026387
1215 7.026387
1216 7.026387
1217 7.026387
1218 7.026387
1219 7.026387
1220 7.026387
1221 7.026387
1222 7.026387
1223 7.026387
1224 7.026387
1225 7.026387
1226 7.026387
1227 7.026387
1228 7.026387
1229 7.026387
1230 7.026387
1231 7.026387
1232 7.026387
1233 7.026387
1234 7.026387
1235 7.026387
1236 7.026387
1237 7.026387
1238 7.026387
1239 7.026387
1240 7.026387
1241 7.026387
1242 7.026387
1243 7.026387
1244 7.026387
1245 7.026387
1246 7.026387
1247 7.026387
1248 7.026387
1249 7.026387
1250 7.026387
1251 7.026387
1252 7.026387
1253 7.026387
1254 7.026387
1255 7.026387
1256 7.026387
1257 7.026387
1258 7.026387
1259 7.026387
1260 7.026387
1261 7.026387
1262 7.026387
1263 7.026387
1264 7.026387
1265 7.026387
1266 7.026387
1267 7.026387
1268 7.026387
1269 7.026387
1270 7.026387
1271 7.026387
1272 7.026387
1273 7.026387
1274 7.026387
1275 7.026387
1276 7.026387
1277 7.026387
1278 7.026387
1279 7.026387
1280 7.026387
1281 7.026387
1282 7.026387
1283 7.026387
1284 7.026387
1285 7.026387
1286 7.026387
1287 7.026387
1288 7.026387
1289 7.026387
1290 7.026387
1291 7.026387
1292 7.026387
1293 7.026387
1294 7.026387
1295 7.026387
1296 7.026387
1297 7.026387
1298 7.026387
1299 7.026387
1300 7.026387
1301 7.026387
1302 7.026387
1303 7.026387
1304 7.026387
1305 7.026387
1306 7.026387
1307 7.026387
1308 7.026387
1309 7.026387
1310 7.026387
1311 7.026387
1312 7.026387
1313 7.026387
1314 7.026387
1315 7.026387
1316 7.026387
1317 7.026387
1318 7.026387
1319 7.026387
1320 7.026387
1321 7.026387
1322 7.026387
1323 7.026387
1324 7.026387
1325 7.026387
1326 7.026387
1327 7.026387
1328 7.026387
1329 7.026387
1330 7.026387
1331 7.026387
1332 7.026387
1333 7.026387
1334 7.026387
1335 7.026387
1336 7.026387
1337 7.026387
1338 7.026387
1339 7.026387
1340 7.026387
1341 7.026387
1342 7.026387
1343 7.026387
1344 7.026387
1345 7.026387
1346 7.026387
1347 7.026387
1348 7.026387
1349 7.026387
1350 7.026387
1351 7.026387
1352 7.026387
1353 7.026387
1354 7.026387
1355 7.026387
1356 7.026387
1357 7.026387
1358 7.026387
1359 7.026387
1360 7.026387
1361 7.026387
1362 7.026387
1363 7.026387
1364 7.026387
1365 7.026387
1366 7.026387
1367 7.026387
1368 7.026387
1369 7.026387
1370 7.026387
1371 7.026387
1372 7.026387
1373 7.026387
1374 7.026387
1375 7.026387
1376 7.026387
1377 7.026387
1378 7.026387
1379 7.026387
1380 7.026387
1381 7.026387
1382 7.026387
1383 7.026387
1384 7.026387
1385 7.026387
1386 7.026387
1387 7.026387
1388 7.026387
1389 7.026387
1390 7.026387
1391 7.026387
1392 7.026387
1393 7.026387
1394 7.026387
1395 7.026387
1396 7.026387
1397 7.026387
1398 7.026387
1399 7.026387
1400 7.026387
1401 7.026387
1402 7.026387
1403 7.026387
1404 7.026387
1405 7.026387
1406 7.026387
1407 7.026387
1408 7.026387
1409 7.026387
1410 7.026387
1411 7.026387
1412 7.026387
1413 7.026387
1414 7.026387
1415 7.026387
1416 7.026387
1417 7.026387
1418 7.026387
1419 7.026387
1420 7.026387
1421 7.026387
1422 7.026387
1423 7.026387
1424 7.026387
1425 7.026387
1426 7.026387
1427 7.026387
1428 7.026387
1429 7.026387
1430 7.026387
1431 7.026387
1432 7.026387
1433 7.026387
1434 7.026387
1435 7.026387
1436 7.026387
1437 7.026387
1438 7.026387
1439 7.026387
1440 7.026387
1441 7.026387
1442 7.026387
1443 7.026387
1444 7.026387
1445 7.026387
1446 7.026387
1447 7.026387
1448 7.026387
1449 7.026387
1450 7.026387
1451 7.026387
1452 7.026387
1453 7.026387
1454 7.026387
1455 7.026387
1456 7.026387
1457 7.026387
1458 7.026387
1459 7.026387
1460 7.026387
1461 7.026387
1462 7.026387
1463 7.026387
1464 7.026387
1465 7.026387
1466 7.026387
1467 7.026387
1468 7.026387
1469 7.026387
1470 7.026387
1471 7.026387
1472 7.026387
1473 7.026387
1474 7.026387
1475 7.026387
1476 7.026387
1477 7.026387
1478 7.026387
1479 7.026387
1480 7.026387
1481 7.026387
1482 7.026387
1483 7.026387
1484 7.026387
1485 7.026387
1486 7.026387
1487 7.026387
1488 7.026387
1489 7.026387
1490 7.026387
1491 7.026387
1492 7.026387
1493 7.026387
1494 7.026387
1495 7.026387
1496 7.026387
1497 7.026387
1498 7.026387
1499 7.026387
1500 7.026387
1501 7.026387
1502 7.026387
1503 7.026387
1504 7.026387
1505 7.026387
1506 7.026387
1507 7.026387
1508 7.026387
1509 7.026387
1510 7.026387
1511 7.026387
1512 7.026387
1513 7.026387
1514 7.026387
1515 7.026387
1516 7.026387
1517 7.026387
1518 7.026387
1519 7.026387
1520 7.026387
1521 7.026387
1522 7.026387
1523 7.026387
1524 7.026387
1525 7.026387
1526 7.026387
1527 7.026387
1528 7.026387
1529 7.026387
1530 7.026387
1531 7.026387
1532 7.026387
1533 7.026387
1534 7.026387
1535 7.026387
1536 7.026387
1537 7.026387
1538 7.026387
1539 7.026387
1540 7.026387
1541 7.026387
1542 7.026387
1543 7.026387
1544 7.026387
1545 7.026387
1546 7.026387
1547 7.026387
1548 7.026387
1549 7.026387
1550 7.026387
1551 7.026387
1552 7.026387
1553 7.026387
1554 7.026387
1555 7.026387
1556 7.026387
1557 7.026387
1558 7.026387
1559 7.026387
1560 7.026387
1561 7.026387
1562 7.026387
1563 7.026387
1564 7.026387
1565 7.026387
1566 7.026387
1567 7.026387
1568 7.026387
1569 7.026387
1570 7.026387
1571 7.026387
1572 7.026387
1573 7.026387
1574 7.026387
1575 7.026387
1576 7.026387
1577 7.026387
1578 7.026387
1579 7.026387
1580 7.026387
1581 7.026387
1582 7.026387
1583 7.026387
1584 7.026387
1585 7.026387
1586 7.026387
1587 7.026387
1588 7.026387
1589 7.026387
1590 7.026387
1591 7.026387
1592 7.026387
1593 7.026387
1594 7.026387
1595 7.026387
1596 7.026387
1597 7.026387
1598 7.026387
1599 7.026387
1600 7.026387
1601 7.026387
1602 7.026387
1603 7.026387
1604 7.026387
1605 7.026387
1606 7.026387
1607 7.026387
1608 7.026387
1609 7.026387
1610 7.026387
1611 7.026387
1612 7.026387
1613 7.026387
1614 7.026387
1615 7.026387
1616 7.026387
1617 7.026387
1618 7.026387
1619 7.026387
1620 7.026387
1621 7.026387
1622 7.026387
1623 7.026387
1624 7.026387
1625 7.026387
1626 7.026387
1627 7.026387
1628 7.026387
1629 7.026387
1630 7.026387
1631 7.026387
1632 7.026387
1633 7.026387
1634 7.026387
1635 7.026387
1636 7.026387
1637 7.026387
1638 7.026387
1639 7.026387
1640 7.026387
1641 7.026387
1642 7.026387
1643 7.026387
1644 7.026387
1645 7.026387
1646 7.026387
1647 7.026387
1648 7.026387
1649 7.026387
1650 7.026387
1651 7.026387
1652 7.026387
1653 7.026387
1654 7.026387
1655 7.026387
1656 7.026387
1657 7.026387
1658 7.026387
1659 7.026387
1660 7.026387
1661 7.026387
1662 7.026387
1663 7.026387
1664 7.026387
1665 7.026387
1666 7.026387
1667 7.026387
1668 7.026387
1669 7.026387
1670 7.026387
1671 7.026387
1672 7.026387
1673 7.026387
1674 7.026387
1675 7.026387
1676 7.026387
1677 7.026387
1678 7.026387
1679 7.026387
1680 7.026387
1681 7.026387
1682 7.026387
1683 7.026387
1684 7.026387
1685 7.026387
1686 7.026387
1687 7.026387
1688 7.026387
1689 7.026387
1690 7.026387
1691 7.026387
1692 7.026387
1693 7.026387
1694 7.026387
1695 7.026387
1696 7.026387
1697 7.026387
1698 7.026387
1699 7.026387
1700 7.026387
1701 7.026387
1702 7.026387
1703 7.026387
1704 7.026387
1705 7.026387
1706 7.026387
1707 7.026387
1708 7.026387
1709 7.026387
1710 7.026387
1711 7.026387
1712 7.026387
1713 7.026387
1714 7.026387
1715 7.026387
1716 7.026387
1717 7.026387
1718 7.026387
1719 7.026387
1720 7.026387
1721 7.026387
1722 7.026387
1723 7.026387
1724 7.026387
1725 7.026387
1726 7.026387
1727 7.026387
1728 7.026387
1729 7.026387
1730 7.026387
1731 7.026387
1732 7.026387
1733 7.026387
1734 7.026387
1735 7.026387
1736 7.026387
1737 7.026387
1738 7.026387
1739 7.026387
1740 7.026387
1741 7.026387
1742 7.026387
1743 7.026387
1744 7.026387
1745 7.026387
1746 7.026387
1747 7.026387
1748 7.026387
1749 7.026387
1750 7.026387
1751 7.026387
1752 7.026387
1753 7.026387
1754 7.026387
1755 7.026387
1756 7.026387
1757 7.026387
1758 7.026387
1759 7.026387
1760 7.026387
1761 7.026387
1762 7.026387
