1 0.591214
2 1.081495
3 1.111749
4 1.128532
5 1.141267
6 1.150068
7 1.155673
8 1.160514
9 1.166560
10 1.168856
11 1.172832
12 1.174407
13 1.174945
14 1.176926
15 1.177652
16 1.179155
17 1.179752
18 1.178425
19 1.180645
20 1.178958
21 1.179847
22 1.180149
23 1.180224
24 1.180520
25 1.181639
26 1.180661
27 1.180245
28 1.181668
29 1.179445
30 1.179883
31 1.181937
32 1.182749
33 1.179761
34 1.180950
35 1.181134
36 1.181290
37 1.179843
38 1.182022
39 1.180990
40 1.182325
41 1.182027
42 1.182016
43 1.181372
44 1.183125
45 1.182409
46 1.182527
47 1.181846
48 1.183081
49 1.182609
50 1.182016
51 1.180901
52 1.179687
53 1.180640
54 1.182284
55 1.180656
56 1.180099
57 1.181958
58 1.181019
59 1.181988
60 1.182090
61 1.183678
62 1.182283
63 1.184381
64 1.184734
65 1.182311
66 1.182589
67 1.181939
68 1.182661
69 1.179091
70 1.183151
71 1.180938
72 1.180590
73 1.181496
74 1.182800
75 1.183530
76 1.182692
77 1.183016
78 1.183239
79 1.182862
80 1.183324
81 1.184983
82 1.183345
83 1.182992
84 1.182734
85 1.181888
86 1.181661
87 1.184070
88 1.183355
89 1.182294
90 1.183719
91 1.182899
92 1.183124
93 1.183503
94 1.182913
95 1.183785
96 1.181468
97 1.181601
98 1.182684
99 1.181563
100 1.182270
101 1.182820
102 1.183323
103 1.182806
104 1.181713
105 1.181790
106 1.181513
107 1.182828
108 1.180959
109 1.182630
110 1.182001
111 1.183935
112 1.183731
113 1.181754
114 1.182915
115 1.185513
116 1.184360
117 1.184097
118 1.183225
119 1.183577
120 1.184011
121 1.183662
122 1.183566
123 1.183591
124 1.183744
125 1.183654
126 1.183184
127 1.182313
128 1.181195
129 1.183513
130 1.182594
131 1.183378
132 1.184105
133 1.182699
134 1.182981
135 1.182606
136 1.183266
137 1.182528
138 1.182789
139 1.183488
140 1.182634
141 1.183836
142 1.183681
143 1.182466
144 1.183824
145 1.183280
146 1.182517
147 1.181647
148 1.182892
149 1.183872
150 1.184711
151 1.183139
152 1.181665
153 1.183556
154 1.183609
155 1.180851
156 1.181566
157 1.183532
158 1.181912
159 1.182348
160 1.183424
161 1.182246
162 1.182793
163 1.184689
164 1.184227
165 1.182709
166 1.182658
167 1.181923
168 1.183240
169 1.183626
170 1.183733
171 1.181742
172 1.183185
173 1.183145
174 1.180786
175 1.182513
176 1.182917
177 1.183257
178 1.183410
179 1.182647
180 1.182916
181 1.184856
182 1.182835
183 1.184188
184 1.182787
185 1.183969
186 1.181340
187 1.183416
188 1.184176
189 1.181287
190 1.181319
191 1.184619
192 1.182376
193 1.183317
194 1.183080
195 1.182567
196 1.183385
197 1.183883
198 1.182266
199 1.183287
200 1.183455
201 1.182631
202 1.183653
203 1.182769
204 1.183788
205 1.183519
206 1.182987
207 1.181845
208 1.182913
209 1.183097
210 1.183030
211 1.184885
212 1.183586
213 1.184379
214 1.184762
215 1.182189
216 1.181728
217 1.184223
218 1.186061
219 1.183055
220 1.184003
221 1.184058
222 1.181181
223 1.182606
224 1.181974
225 1.183530
226 1.182800
227 1.185102
228 1.181681
229 1.181840
230 1.181197
231 1.183815
232 1.183727
233 1.182705
234 1.183464
235 1.181693
236 1.181882
237 1.183572
238 1.182395
239 1.182469
240 1.183666
241 1.185157
242 1.183292
243 1.182743
244 1.184394
245 1.183473
246 1.183895
247 1.183905
248 1.183173
249 1.183777
250 1.182379
251 1.183104
252 1.182800
253 1.182149
254 1.182804
255 1.182686
256 1.186380
257 1.185303
258 1.183747
259 1.184705
260 1.183231
261 1.182200
262 1.182638
263 1.184277
264 1.183012
265 1.183659
266 1.183502
267 1.182138
268 1.181850
269 1.182773
270 1.181793
271 1.181327
272 1.183224
273 1.184085
274 1.183060
275 1.183130
276 1.182986
277 1.184852
278 1.183345
279 1.182595
280 1.183660
281 1.183469
282 1.183450
283 1.183574
284 1.182581
285 1.183319
286 1.183597
287 1.182184
288 1.183267
289 1.182965
290 1.183091
291 1.183173
292 1.184633
293 1.182775
294 1.182451
295 1.182797
296 1.183432
297 1.181891
298 1.182752
299 1.183644
300 1.182066
301 1.182516
302 1.183041
303 1.183334
304 1.182563
305 1.183860
306 1.184998
307 1.182113
308 1.182655
309 1.184161
310 1.181765
311 1.183757
312 1.183619
313 1.183197
314 1.182691
315 1.182259
316 1.182638
317 1.183683
318 1.180944
319 1.181881
320 1.180749
321 1.184165
322 1.182304
323 1.183130
324 1.181485
325 1.183106
326 1.182935
327 1.181508
328 1.182171
329 1.183241
330 1.183670
331 1.183346
332 1.180949
333 1.182172
334 1.183663
335 1.183079
336 1.183732
337 1.182406
338 1.184674
339 1.183469
340 1.183283
341 1.180885
342 1.184074
343 1.183731
344 1.182702
345 1.182077
346 1.182277
347 1.183325
348 1.183103
349 1.182555
350 1.184460
351 1.183747
352 1.182745
353 1.184608
354 1.184470
355 1.184940
356 1.182877
357 1.183162
358 1.182920
359 1.182338
360 1.184211
361 1.183280
362 1.183760
363 1.183070
364 1.182053
365 1.184608
366 1.183159
367 1.183191
368 1.181941
369 1.185132
370 1.182784
371 1.183861
372 1.182962
373 1.182661
374 1.184389
375 1.183033
376 1.182832
377 1.182379
378 1.184443
379 1.183589
380 1.183431
381 1.182866
382 1.184828
383 1.181621
384 1.180544
385 1.182415
386 1.183059
387 1.182689
388 1.183876
389 1.184100
390 1.185153
391 1.183600
392 1.182563
393 1.182193
394 1.182626
395 1.183219
396 1.183719
397 1.181975
398 1.182161
399 1.182267
400 1.184153
401 1.183655
402 1.182282
403 1.182107
404 1.183764
405 1.184486
406 1.183878
407 1.183554
408 1.182287
409 1.183655
410 1.184201
411 1.182853
412 1.183294
413 1.183479
414 1.183389
415 1.182687
416 1.183000
417 1.183908
418 1.183347
419 1.182332
420 1.183333
421 1.182952
422 1.182365
423 1.183801
424 1.183609
425 1.184678
426 1.183533
427 1.182109
428 1.184508
429 1.181894
430 1.182537
431 1.182188
432 1.184645
433 1.183426
434 1.183115
435 1.184474
436 1.182679
437 1.181957
438 1.185220
439 1.183684
440 1.183720
441 1.182223
442 1.182961
443 1.181609
444 1.182689
445 1.183874
446 1.183099
447 1.183437
448 1.183552
449 1.182203
450 1.183028
451 1.183117
452 1.184756
453 1.181863
454 1.182635
455 1.182739
456 1.182818
457 1.182783
458 1.182822
459 1.182158
460 1.182910
461 1.181556
462 1.183216
463 1.182471
464 1.183454
465 1.182969
466 1.182881
467 1.182768
468 1.184341
469 1.181715
470 1.183004
471 1.182313
472 1.184388
473 1.184365
474 1.183580
475 1.184059
476 1.181428
477 1.182099
478 1.183473
479 1.183139
480 1.182979
481 1.184187
482 1.184721
483 1.183616
484 1.182997
485 1.183533
486 1.183769
487 1.182727
488 1.183078
489 1.182462
490 1.183416
491 1.183946
492 1.183909
493 1.181873
494 1.180178
495 1.181334
496 1.184271
497 1.184381
498 1.182484
499 1.183596
500 1.180820
501 1.183455


Active cycles: 300
k_mean: 1.183124
k_stddev(cycle): 0.000973
k_stderr(mean): 0.000056
Difference with the reference K: -0.000686, Per cent error: -0.057930
Reactivity(rho): 0.154780, pcm difference: -48.963584
Total Time: 410.110898seconds. Average: 0.818585 seconds per cycle.
