1 0.590070
2 1.078721
3 1.112549
4 1.129638
5 1.141197
6 1.152037
7 1.159140
8 1.163102
9 1.166216
10 1.170752
11 1.171987
12 1.172932
13 1.175790
14 1.178343
15 1.177908
16 1.177896
17 1.178790
18 1.179740
19 1.179393
20 1.181151
21 1.180525
22 1.181590
23 1.181555
24 1.179753
25 1.182238
26 1.182139
27 1.182734
28 1.180839
29 1.183821
30 1.181292
31 1.181665
32 1.179701
33 1.180549
34 1.181210
35 1.181153
36 1.181791
37 1.182567
38 1.180973
39 1.182609
40 1.182461
41 1.181952
42 1.183484
43 1.182180
44 1.182122
45 1.181501
46 1.182588
47 1.183546
48 1.182487
49 1.181822
50 1.182886
51 1.181535
52 1.182406
53 1.183001
54 1.182374
55 1.185027
56 1.182114
57 1.182806
58 1.183126
59 1.183735
60 1.183021
61 1.183303
62 1.183297
63 1.182743
64 1.183071
65 1.182759
66 1.183436
67 1.182930
68 1.183948
69 1.182224
70 1.182617
71 1.183450
72 1.184427
73 1.183895
74 1.183694
75 1.183849
76 1.183490
77 1.183204
78 1.183037
79 1.183355
80 1.182985
81 1.184563
82 1.182210
83 1.183586
84 1.184148
85 1.183518
86 1.183193
87 1.184178
88 1.181214
89 1.183440
90 1.183657
91 1.182296
92 1.183000
93 1.183691
94 1.184242
95 1.184249
96 1.183913
97 1.182877
98 1.184033
99 1.183352
100 1.182789
101 1.183084
102 1.186414
103 1.183488
104 1.182951
105 1.184088
106 1.181713
107 1.183059
108 1.184442
109 1.183087
110 1.181818
111 1.182865
112 1.184243
113 1.183642
114 1.182819
115 1.184185
116 1.183266
117 1.183828
118 1.184093
119 1.183405
120 1.183829
121 1.185417
122 1.182496
123 1.185395
124 1.184526
125 1.183161
126 1.184517
127 1.183874
128 1.183272
129 1.183606
130 1.183402
131 1.182930
132 1.183456
133 1.184554
134 1.184302
135 1.180824
136 1.183396
137 1.184220
138 1.183859
139 1.183052
140 1.182654
141 1.184230
142 1.182652
143 1.184181
144 1.183603
145 1.183053
146 1.184297
147 1.183043
148 1.184749
149 1.183861
150 1.183784
151 1.185402
152 1.185056
153 1.184491
154 1.184692
155 1.182820
156 1.183802
157 1.183824
158 1.183327
159 1.183650
160 1.184078
161 1.183290
162 1.182385
163 1.183864
164 1.184337
165 1.182714
166 1.183342
167 1.183507
168 1.181884
169 1.185000
170 1.183366
171 1.184539
172 1.183208
173 1.184121
174 1.185076
175 1.183770
176 1.182993
177 1.183867
178 1.184201
179 1.184642
180 1.184983
181 1.182577
182 1.183196
183 1.184711
184 1.182895
185 1.183745
186 1.184181
187 1.185580
188 1.183719
189 1.183482
190 1.184539
191 1.183153
192 1.185327
193 1.183185
194 1.184057
195 1.183967
196 1.183885
197 1.182773
198 1.183529
199 1.186133
200 1.184579
201 1.183105
202 1.183740
203 1.183189
204 1.182511
205 1.184484
206 1.183352
207 1.183937
208 1.185050
209 1.184295
210 1.182728
211 1.185137
212 1.184409
213 1.182859
214 1.183054
215 1.182915
216 1.182938
217 1.184039
218 1.184156
219 1.184140
220 1.184967
221 1.183550
222 1.183159
223 1.182612
224 1.181758
225 1.182026
226 1.182677
227 1.182606
228 1.183978
229 1.183523
230 1.183880
231 1.184145
232 1.182615
233 1.183302
234 1.184976
235 1.184402
236 1.181500
237 1.183257
238 1.183400
239 1.184411
240 1.182624
241 1.184034
242 1.183794
243 1.184113
244 1.181999
245 1.182649
246 1.183156
247 1.183916
248 1.183380
249 1.182831
250 1.183062
251 1.183470
252 1.184480
253 1.182634
254 1.185841
255 1.184117
256 1.183136
257 1.182146
258 1.184313
259 1.184844
260 1.183023
261 1.184630
262 1.185236
263 1.183133
264 1.183744
265 1.183108
266 1.182580
267 1.182747
268 1.184460
269 1.183752
270 1.184359
271 1.184417
272 1.184444
273 1.184241
274 1.184004
275 1.183205
276 1.184240
277 1.184244
278 1.185150
279 1.184449
280 1.184341
281 1.184702
282 1.182530
283 1.183786
284 1.183552
285 1.184707
286 1.184322
287 1.183172
288 1.183913
289 1.182479
290 1.185640
291 1.183893
292 1.184143
293 1.183930
294 1.183105
295 1.184942
296 1.184842
297 1.185337
298 1.183471
299 1.184338
300 1.183337
301 1.184669
302 1.184592
303 1.184802
304 1.184727
305 1.182874
306 1.182155
307 1.184138
308 1.184713
309 1.183952
310 1.183083
311 1.182387
312 1.183676
313 1.183191
314 1.183976
315 1.182473
316 1.184390
317 1.183482
318 1.183982
319 1.183544
320 1.183479
321 1.183693
322 1.184273
323 1.185111
324 1.184096
325 1.182514
326 1.182717
327 1.182453
328 1.184190
329 1.185188
330 1.185535
331 1.184112
332 1.184265
333 1.185280
334 1.183177
335 1.183250
336 1.183142
337 1.183389
338 1.183374
339 1.183609
340 1.184431
341 1.182661
342 1.182656
343 1.185348
344 1.183050
345 1.183846
346 1.183877
347 1.183013
348 1.183805
349 1.183064
350 1.184299
351 1.182981
352 1.183923
353 1.183344
354 1.184196
355 1.183778
356 1.183241
357 1.183204
358 1.182277
359 1.183782
360 1.183837
361 1.184462
362 1.182999
363 1.181940
364 1.183921
365 1.183914
366 1.182665
367 1.181652
368 1.182819
369 1.183609
370 1.183563
371 1.183645
372 1.182612
373 1.182275
374 1.184060
375 1.185328
376 1.184358
377 1.182903
378 1.183469
379 1.183083
380 1.184464
381 1.184747
382 1.184294
383 1.183537
384 1.183195
385 1.184157
386 1.183488
387 1.184728
388 1.183194
389 1.184032
390 1.183350
391 1.182352
392 1.183333
393 1.183797
394 1.184136
395 1.184096
396 1.184774
397 1.183423
398 1.184381
399 1.182751
400 1.184937
401 1.184411
402 1.183782
403 1.184535
404 1.183801
405 1.184082
406 1.183078
407 1.184346
408 1.182935
409 1.182944
410 1.183527
411 1.183973
412 1.183375
413 1.184507
414 1.184724
415 1.185192
416 1.184541
417 1.183967
418 1.184196
419 1.185036
420 1.184975
421 1.182548
422 1.185804
423 1.184646
424 1.184050
425 1.184096
426 1.183593
427 1.185334
428 1.183178
429 1.183549
430 1.182992
431 1.183034
432 1.183837
433 1.182180
434 1.183385
435 1.183434
436 1.183070
437 1.184880
438 1.182694
439 1.183056
440 1.184430
441 1.182968
442 1.183917
443 1.184859
444 1.183101
445 1.184141
446 1.184649
447 1.183181
448 1.184736
449 1.183847
450 1.183487
451 1.184069
452 1.182187
453 1.184251
454 1.183816
455 1.184342
456 1.184617
457 1.185512
458 1.183427
459 1.184925
460 1.185448
461 1.182933
462 1.182485
463 1.184050
464 1.183119
465 1.185331
466 1.182709
467 1.184371
468 1.184103
469 1.183445
470 1.182891
471 1.183235
472 1.183254
473 1.185488
474 1.183642
475 1.181908
476 1.182347
477 1.182822
478 1.183628
479 1.182259
480 1.183129
481 1.183907
482 1.183221
483 1.183428
484 1.182481
485 1.183842
486 1.183483
487 1.183632
488 1.184197
489 1.183022
490 1.183102
491 1.184695
492 1.183569
493 1.184540
494 1.183374
495 1.184573
496 1.183968
497 1.184022
498 1.185110
499 1.183928
500 1.184027
501 1.184020


Active cycles: 200
k_mean: 1.183733
k_stddev(cycle): 0.000839
k_stderr(mean): 0.000059
Difference with the reference K: -0.000077, Per cent error: -0.006537
Reactivity(rho): 0.155215, pcm difference: -5.521988
Total Time: 399.719118seconds. Average: 0.797843 seconds per cycle.
