1 1.183810
2 0.189410
3 0.189410
4 0.201248
5 0.201248
6 0.201248
7 0.213086
8 0.213086
9 0.213086
10 0.213086
11 0.213086
12 0.248600
13 0.378819
14 0.485362
15 0.532714
16 0.556391
17 0.603743
18 0.674772
19 0.722124
20 0.793153
21 0.828667
22 0.840505
23 0.911534
24 0.923372
25 0.923372
26 0.935210
27 0.982562
28 0.272276
29 0.272276
30 0.272276
31 0.272276
32 0.272276
33 0.272276
34 0.272276
35 0.272276
36 0.284114
37 0.331467
38 0.331467
39 0.366981
40 0.390657
41 0.390657
42 0.449848
43 0.485362
44 0.556391
45 0.662934
46 0.662934
47 0.722124
48 0.733962
49 0.804991
50 0.816829
51 0.816829
52 0.840505
53 0.899696
54 0.911534
55 0.958886
56 0.615581
57 0.615581
58 0.615581
59 0.627419
60 0.627419
61 0.627419
62 0.627419
63 0.674772
64 0.710286
65 0.745800
66 0.769477
67 0.804991
68 0.852343
69 0.852343
70 0.852343
71 0.864181
72 0.887858
73 0.899696
74 0.958886
75 0.426172
76 0.426172
77 0.426172
78 0.426172
79 0.426172
80 0.426172
81 0.426172
82 0.426172
83 0.473524
84 0.473524
85 0.473524
86 0.497200
87 0.556391
88 0.603743
89 0.627419
90 0.651096
91 0.662934
92 0.710286
93 0.745800
94 0.804991
95 0.840505
96 0.887858
97 0.911534
98 0.935210
99 0.958886
100 0.520876
101 0.520876
102 0.520876
103 0.520876
104 0.520876
105 0.520876
106 0.520876
107 0.568229
108 0.568229
109 0.580067
110 0.580067
111 0.627419
112 0.662934
113 0.698448
114 0.745800
115 0.757638
116 0.793153
117 0.852343
118 0.899696
119 0.923372
120 0.947048
121 0.970724
122 0.509038
123 0.509038
124 0.509038
125 0.520876
126 0.520876
127 0.520876
128 0.520876
129 0.520876
130 0.556391
131 0.580067
132 0.627419
133 0.627419
134 0.651095
135 0.698448
136 0.722124
137 0.757638
138 0.769477
139 0.804991
140 0.852343
141 0.864181
142 0.876019
143 0.935210
144 0.994400
145 0.580067
146 0.580067
147 0.591905
148 0.603743
149 0.603743
150 0.603743
151 0.603743
152 0.603743
153 0.603743
154 0.603743
155 0.615581
156 0.627419
157 0.639257
158 0.639257
159 0.651096
160 0.686610
161 0.710286
162 0.757638
163 0.781315
164 0.828667
165 0.852343
166 0.852343
167 0.864181
168 0.864181
169 0.899696
170 0.923372
171 0.970724
172 0.426172
173 0.426172
174 0.426172
175 0.426172
176 0.426172
177 0.426172
178 0.426172
179 0.426172
180 0.485362
181 0.497200
182 0.520876
183 0.556391
184 0.580067
185 0.615581
186 0.651096
187 0.674772
188 0.698448
189 0.722124
190 0.757638
191 0.769477
192 0.769477
193 0.804991
194 0.864181
195 0.923372
196 0.970724
197 0.556391
198 0.556391
199 0.568229
200 0.568229
201 0.568229
202 0.568229
203 0.568229
204 0.580067
205 0.603743
206 0.603743
207 0.603743
208 0.603743
209 0.627419
210 0.686610
211 0.698448
212 0.710286
213 0.769477
214 0.816829
215 0.887858
216 0.947048
217 0.982562
218 0.544553
219 0.544553
220 0.544553
221 0.544553
222 0.544553
223 0.556391
224 0.556391
225 0.603743
226 0.651096
227 0.674772
228 0.722124
229 0.769477
230 0.816829
231 0.840505
232 0.887858
233 0.899696
234 0.923372
235 0.923372
236 0.958886
237 0.461686
238 0.461686
239 0.473524
240 0.473524
241 0.473524
242 0.473524
243 0.473524
244 0.473524
245 0.473524
246 0.473524
247 0.473524
248 0.485362
249 0.485362
250 0.520876
251 0.568229
252 0.580067
253 0.591905
254 0.686610
255 0.722124
256 0.733962
257 0.793153
258 0.876019
259 0.899696
260 0.923372
261 0.947048
262 0.982562
263 0.414334
264 0.414334
265 0.414334
266 0.414334
267 0.414334
268 0.414334
269 0.438010
270 0.438010
271 0.438010
272 0.473524
273 0.473524
274 0.509038
275 0.509038
276 0.532715
277 0.580067
278 0.591905
279 0.603743
280 0.662934
281 0.757638
282 0.793153
283 0.840505
284 0.876019
285 0.887858
286 0.899696
287 0.935210
288 0.947048
289 0.982562
290 0.485362
291 0.485362
292 0.485362
293 0.497200
294 0.497200
295 0.497200
296 0.497200
297 0.544553
298 0.556391
299 0.568229
300 0.568229
301 0.603743
302 0.615581
303 0.651096
304 0.722124
305 0.769477
306 0.828667
307 0.852343
308 0.899696
309 0.958886
310 0.556391
311 0.556391
312 0.556391
313 0.556391
314 0.556391
315 0.556391
316 0.568229
317 0.603743
318 0.615581
319 0.615581
320 0.639257
321 0.686610
322 0.733962
323 0.733962
324 0.769476
325 0.793153
326 0.793153
327 0.804991
328 0.816829
329 0.852343
330 0.876019
331 0.887857
332 0.923372
333 0.947048
334 0.947048
335 0.958886
336 0.520876
337 0.520876
338 0.520876
339 0.520876
340 0.532714
341 0.532714
342 0.532714
343 0.556391
344 0.556391
345 0.591905
346 0.651095
347 0.674772
348 0.710286
349 0.745800
350 0.757638
351 0.769476
352 0.793153
353 0.828667
354 0.852343
355 0.876019
356 0.899696
357 0.899696
358 0.958886
359 0.449848
360 0.449848
361 0.461686
362 0.461686
363 0.461686
364 0.461686
365 0.461686
366 0.497200
367 0.497200
368 0.509038
369 0.556391
370 0.556391
371 0.615581
372 0.674772
373 0.686610
374 0.733962
375 0.769476
376 0.793153
377 0.816829
378 0.852343
379 0.864181
380 0.864181
381 0.864181
382 0.876019
383 0.887857
384 0.923372
385 0.970724
386 0.366981
387 0.366981
388 0.366981
389 0.414333
390 0.426172
391 0.426172
392 0.414333
393 0.426172
394 0.426172
395 0.485362
396 0.497200
397 0.568229
398 0.639257
399 0.698448
400 0.710286
401 0.745800
402 0.781315
403 0.864181
404 0.911534
405 0.911534
406 0.935210
407 0.982562
408 0.449848
409 0.449848
410 0.461686
411 0.461686
412 0.461686
413 0.461686
414 0.461686
415 0.461686
416 0.473524
417 0.509038
418 0.556391
419 0.591905
420 0.674772
421 0.722124
422 0.722124
423 0.733962
424 0.757638
425 0.757638
426 0.793153
427 0.793153
428 0.852343
429 0.899696
430 0.947048
431 0.662934
432 0.662934
433 0.651096
434 0.651096
435 0.651096
436 0.651096
437 0.651096
438 0.651096
439 0.651096
440 0.674772
441 0.698448
442 0.710286
443 0.769477
444 0.828667
445 0.887858
446 0.899696
447 0.947048
448 0.497200
449 0.497200
450 0.497200
451 0.497200
452 0.497200
453 0.497200
454 0.509038
455 0.544553
456 0.544553
457 0.568229
458 0.603743
459 0.615581
460 0.639257
461 0.674772
462 0.722124
463 0.757638
464 0.781315
465 0.793153
466 0.840505
467 0.864181
468 0.876019
469 0.876019
470 0.923372
471 0.947048
472 0.473524
473 0.473524
474 0.473524
475 0.473524
476 0.473524
477 0.473524
478 0.485362
479 0.485362
480 0.520876
481 0.568229
482 0.591905
483 0.627419
484 0.651096
485 0.698448
486 0.733962
487 0.769477
488 0.793153
489 0.840505
490 0.864181
491 0.899696
492 0.911534
493 0.935210
494 0.935210
495 0.970724
496 0.426172
497 0.426172
498 0.426172
499 0.426172
500 0.426172
501 0.426172
502 0.461686
503 0.532715
504 0.568229
505 0.580067
506 0.591905
507 0.615581
508 0.627419
509 0.639257
510 0.651096
511 0.651096
512 0.710286
513 0.745800
514 0.816829
515 0.935210
516 0.947048
517 0.970724
518 0.449848
519 0.449848
520 0.461686
521 0.449848
522 0.449848
523 0.449848
524 0.449848
525 0.461686
526 0.497200
527 0.497200
528 0.556391
529 0.568229
530 0.627419
531 0.639257
532 0.639257
533 0.639257
534 0.639257
535 0.686610
536 0.769477
537 0.793153
538 0.793153
539 0.852343
540 0.887858
541 0.935210
542 0.947048
543 0.473524
544 0.485362
545 0.485362
546 0.485362
547 0.485362
548 0.497200
549 0.497200
550 0.497200
551 0.497200
552 0.509038
553 0.497200
554 0.544553
555 0.591905
556 0.639257
557 0.674772
558 0.698448
559 0.710286
560 0.745800
561 0.793153
562 0.852343
563 0.876019
564 0.887858
565 0.911534
566 0.935210
567 0.947048
568 0.366981
569 0.366981
570 0.366981
571 0.366981
572 0.366981
573 0.366981
574 0.366981
575 0.378819
576 0.378819
577 0.414334
578 0.449848
579 0.449848
580 0.449848
581 0.473524
582 0.509038
583 0.580067
584 0.639257
585 0.745800
586 0.816829
587 0.840505
588 0.887858
589 0.923372
590 0.935210
591 0.947048
592 0.947048
593 0.970724
594 0.426172
595 0.426172
596 0.426172
597 0.426172
598 0.426172
599 0.426172
600 0.426172
601 0.438010
602 0.449848
603 0.485362
604 0.532715
605 0.591905
606 0.615581
607 0.615581
608 0.627419
609 0.651096
610 0.722124
611 0.757638
612 0.816829
613 0.828667
614 0.840505
615 0.876019
616 0.911534
617 0.947048
618 0.994400
619 0.449848
620 0.449848
621 0.449848
622 0.449848
623 0.449848
624 0.449848
625 0.449848
626 0.485362
627 0.497200
628 0.497200
629 0.532715
630 0.580067
631 0.627419
632 0.686610
633 0.733962
634 0.757638
635 0.804991
636 0.816829
637 0.828667
638 0.852343
639 0.852343
640 0.876019
641 0.970724
642 0.473524
643 0.473524
644 0.473524
645 0.473524
646 0.473524
647 0.473524
648 0.473524
649 0.485362
650 0.497200
651 0.497200
652 0.497200
653 0.520876
654 0.591905
655 0.639257
656 0.745800
657 0.804991
658 0.864181
659 0.864181
660 0.899696
661 0.899696
662 0.911534
663 0.923372
664 0.935210
665 0.958886
666 0.544553
667 0.544553
668 0.544553
669 0.544553
670 0.544553
671 0.544553
672 0.568229
673 0.568229
674 0.580067
675 0.580067
676 0.591905
677 0.662934
678 0.662934
679 0.674772
680 0.745800
681 0.793153
682 0.816829
683 0.887858
684 0.923372
685 0.935210
686 0.947048
687 0.982562
688 0.509038
689 0.509038
690 0.509038
691 0.520876
692 0.520876
693 0.520876
694 0.520876
695 0.520876
696 0.520876
697 0.520876
698 0.520876
699 0.556391
700 0.568229
701 0.580067
702 0.615581
703 0.674772
704 0.733962
705 0.757638
706 0.816829
707 0.828667
708 0.887858
709 0.947048
710 1.041753
711 0.520876
712 0.520876
713 0.520876
714 0.520876
715 0.520876
716 0.520876
717 0.520876
718 0.556391
719 0.568229
720 0.580067
721 0.603743
722 0.662934
723 0.698448
724 0.757638
725 0.769477
726 0.793153
727 0.864181
728 0.923372
729 0.958886
730 0.461686
731 0.473524
732 0.473524
733 0.473524
734 0.473524
735 0.473524
736 0.473524
737 0.473524
738 0.473524
739 0.497200
740 0.520876
741 0.544553
742 0.544553
743 0.568229
744 0.568229
745 0.580067
746 0.603743
747 0.603743
748 0.674772
749 0.686610
750 0.745800
751 0.769477
752 0.781315
753 0.828667
754 0.840505
755 0.852343
756 0.876019
757 0.876019
758 0.911534
759 0.982562
760 0.497200
761 0.497200
762 0.497200
763 0.497200
764 0.497200
765 0.497200
766 0.497200
767 0.509038
768 0.509038
769 0.532715
770 0.568229
771 0.580067
772 0.615581
773 0.698448
774 0.816829
775 0.887858
776 0.911534
777 0.911534
778 0.947048
779 1.006239
780 0.343305
781 0.343305
782 0.343305
783 0.343305
784 0.343305
785 0.343305
786 0.343305
787 0.343305
788 0.343305
789 0.343305
790 0.461686
791 0.497200
792 0.497200
793 0.532715
794 0.532715
795 0.532715
796 0.556391
797 0.615581
798 0.686610
799 0.698448
800 0.757638
801 0.793153
802 0.840505
803 0.840505
804 0.852343
805 0.911534
806 0.970724
807 0.544553
808 0.544553
809 0.556391
810 0.556391
811 0.556391
812 0.556391
813 0.556391
814 0.580067
815 0.580067
816 0.603743
817 0.603743
818 0.603743
819 0.603743
820 0.627419
821 0.662934
822 0.745800
823 0.781315
824 0.793153
825 0.828667
826 0.852343
827 0.899696
828 0.923372
829 0.982562
830 0.485362
831 0.485362
832 0.485362
833 0.485362
834 0.509038
835 0.520876
836 0.532715
837 0.532715
838 0.532715
839 0.591905
840 0.591905
841 0.603743
842 0.603743
843 0.603743
844 0.615581
845 0.639257
846 0.662934
847 0.710286
848 0.710286
849 0.733962
850 0.793153
851 0.864181
852 0.864181
853 0.899696
854 0.935210
855 0.958886
856 0.378819
857 0.378819
858 0.378819
859 0.378819
860 0.378819
861 0.378819
862 0.378819
863 0.414334
864 0.449848
865 0.532715
866 0.556391
867 0.591905
868 0.615581
869 0.651096
870 0.662934
871 0.686610
872 0.745800
873 0.828667
874 0.852343
875 0.923372
876 0.935210
877 0.994400
878 0.473524
879 0.473524
880 0.473524
881 0.473524
882 0.473524
883 0.497200
884 0.509038
885 0.509038
886 0.509038
887 0.520876
888 0.556391
889 0.568229
890 0.568229
891 0.591905
892 0.603743
893 0.627419
894 0.662934
895 0.662934
896 0.710286
897 0.816829
898 0.840505
899 0.911534
900 0.935210
901 0.947048
902 0.958886
903 0.461686
904 0.461686
905 0.461686
906 0.461686
907 0.461686
908 0.461686
909 0.461686
910 0.473524
911 0.497200
912 0.591905
913 0.603743
914 0.651096
915 0.662934
916 0.674772
917 0.722124
918 0.769477
919 0.769477
920 0.793153
921 0.816829
922 0.816829
923 0.816829
924 0.828667
925 0.840505
926 0.852343
927 0.864181
928 0.923372
929 0.982562
930 0.461686
931 0.461686
932 0.461686
933 0.461686
934 0.461686
935 0.461686
936 0.461686
937 0.461686
938 0.473524
939 0.485362
940 0.556391
941 0.568229
942 0.568229
943 0.580067
944 0.603743
945 0.603743
946 0.603743
947 0.639257
948 0.651096
949 0.662934
950 0.698448
951 0.757638
952 0.804991
953 0.852343
954 0.911534
955 0.911534
956 0.923372
957 0.982562
958 0.331467
959 0.343305
960 0.343305
961 0.343305
962 0.343305
963 0.343305
964 0.343305
965 0.355143
966 0.366981
967 0.485362
968 0.520876
969 0.580067
970 0.627419
971 0.651096
972 0.651096
973 0.662934
974 0.674772
975 0.674772
976 0.710286
977 0.781315
978 0.828667
979 0.852343
980 0.876019
981 0.947048
982 0.958886
983 0.248600
984 0.248600
985 0.248600
986 0.260438
987 0.260438
988 0.260438
989 0.260438
990 0.260438
991 0.343305
992 0.473524
993 0.556391
994 0.591905
995 0.591905
996 0.591905
997 0.615581
998 0.627419
999 0.662934
1000 0.733962
1001 0.757638
1002 0.804991
1003 0.804991
1004 0.816829
1005 0.852343
1006 0.864181
1007 0.864181
1008 0.887858
1009 0.923372
1010 0.958886
1011 0.307791
1012 0.307791
1013 0.307791
1014 0.307791
1015 0.307791
1016 0.307791
1017 0.307791
1018 0.307791
1019 0.331467
1020 0.355143
1021 0.366981
1022 0.366981
1023 0.449848
1024 0.485362
1025 0.520876
1026 0.603743
1027 0.615581
1028 0.651096
1029 0.733962
1030 0.757638
1031 0.757638
1032 0.804991
1033 0.804991
1034 0.840505
1035 0.864181
1036 0.899696
1037 0.935210
1038 0.982562
1039 0.449848
1040 0.449848
1041 0.449848
1042 0.449848
1043 0.449848
1044 0.449848
1045 0.449848
1046 0.449848
1047 0.461686
1048 0.473524
1049 0.485362
1050 0.627419
1051 0.662934
1052 0.698448
1053 0.698448
1054 0.710286
1055 0.733962
1056 0.745800
1057 0.769477
1058 0.781315
1059 0.816829
1060 0.852343
1061 0.864181
1062 0.876019
1063 0.947048
1064 0.982562
1065 0.449848
1066 0.449848
1067 0.449848
1068 0.449848
1069 0.449848
1070 0.449848
1071 0.485362
1072 0.485362
1073 0.497200
1074 0.509038
1075 0.509038
1076 0.544553
1077 0.544553
1078 0.556391
1079 0.556391
1080 0.568229
1081 0.615581
1082 0.651096
1083 0.686610
1084 0.710286
1085 0.781315
1086 0.804991
1087 0.840505
1088 0.852343
1089 0.876019
1090 0.899696
1091 0.947048
1092 0.958886
1093 0.426172
1094 0.426172
1095 0.426172
1096 0.426172
1097 0.426172
1098 0.426172
1099 0.426172
1100 0.449848
1101 0.449848


Active cycles: 100
k_mean: 0.616173
k_stddev(cycle): 0.205981
k_stderr(mean): 0.020598
Reactivity(rho): -0.622921, Per Cent error compared to reference: 77.819041
Total Time: 15.230892seconds. Average: 0.013834 seconds per cycle.
