1 1.186470
2 1.079011
3 1.116412
4 1.128858
5 1.143221
6 1.149503
7 1.158445
8 1.158098
9 1.166361
10 1.169439
11 1.170551
12 1.171743
13 1.173527
14 1.178980
15 1.178854
16 1.177836
17 1.182137
18 1.177930
19 1.177102
20 1.179469
21 1.177978
22 1.179604
23 1.180219
24 1.179517
25 1.175902
26 1.179201
27 1.179643
28 1.180645
29 1.180629
30 1.180566
31 1.180132
32 1.180993
33 1.182437
34 1.181498
35 1.186193
36 1.185215
37 1.173353
38 1.180487
39 1.185649
40 1.182784
41 1.178309
42 1.176818
43 1.181206
44 1.185909
45 1.186099
46 1.183479
47 1.177796
48 1.184536
49 1.183660
50 1.181766
51 1.183463
52 1.179256
53 1.185254
54 1.184536
55 1.179501
56 1.180953
57 1.180487
58 1.178783
59 1.179746
60 1.182713
61 1.180922
62 1.183455
63 1.180322
64 1.189918
65 1.180772
66 1.179390
67 1.180819
68 1.178767
69 1.184670
70 1.182950
71 1.184284
72 1.182839
73 1.182200
74 1.181537
75 1.178546
76 1.183376
77 1.177836
78 1.183037
79 1.178286
80 1.179319
81 1.183037
82 1.185499
83 1.181624
84 1.182176
85 1.181450
86 1.179761
87 1.184228
88 1.181584
89 1.178601
90 1.186217
91 1.179840
92 1.183060
93 1.181798
94 1.182823
95 1.181206
96 1.182531
97 1.179832
98 1.185167
99 1.186746
100 1.181884
101 1.181663
102 1.185601
103 1.180085
104 1.182776
105 1.185483
106 1.183336
107 1.186122
108 1.186391
109 1.179319
110 1.183976
111 1.179817
112 1.184141
113 1.180195
114 1.188443
115 1.180756
116 1.179020
117 1.184820
118 1.184773
119 1.181766
120 1.182926
121 1.182239
122 1.185002
123 1.182287
124 1.183621
125 1.182090
126 1.177757
127 1.183013
128 1.181687
129 1.183281
130 1.179027
131 1.185625
132 1.179840
133 1.179106
134 1.184552
135 1.183968
136 1.180045
137 1.183715
138 1.180756
139 1.181008
140 1.179162
141 1.179438
142 1.181403
143 1.184552
144 1.178775
145 1.182437
146 1.180772
147 1.182311
148 1.179509
149 1.183463
150 1.181734
151 1.187101
152 1.182137
153 1.182334
154 1.185499
155 1.178704
156 1.180503
157 1.186012
158 1.183408
159 1.181269
160 1.176699
161 1.182973
162 1.188506
163 1.173014
164 1.186249
165 1.177228
166 1.186517
167 1.184055
168 1.181726
169 1.182405
170 1.187606
171 1.183747
172 1.185530
173 1.182326
174 1.187693
175 1.182816
176 1.180906
177 1.188182
178 1.188277
179 1.175689
180 1.185767
181 1.184615
182 1.182808
183 1.185317
184 1.184141
185 1.184844
186 1.184781
187 1.179864
188 1.182224
189 1.184173
190 1.184489
191 1.184410
192 1.183368
193 1.182168
194 1.184765
195 1.183147
196 1.184165
197 1.181285
198 1.183842
199 1.180369
200 1.185696
201 1.179951
202 1.184765
203 1.179177
204 1.184615
205 1.183234
206 1.181782
207 1.182263
208 1.183960
209 1.176833
210 1.185444
211 1.183581
212 1.181379
213 1.183384
214 1.184063
215 1.179856
216 1.181513
217 1.178688
218 1.180819
219 1.178443
220 1.184915
221 1.178585
222 1.188569
223 1.183936
224 1.187551
225 1.178570
226 1.181498
227 1.182784
228 1.181008
229 1.182437
230 1.182358
231 1.182019
232 1.182184
233 1.181056
234 1.184654
235 1.181040
236 1.186067
237 1.185815
238 1.182097
239 1.185136
240 1.183005
241 1.185515
242 1.182689
243 1.184505
244 1.183668
245 1.179982
246 1.178901
247 1.185191
248 1.187069
249 1.177212
250 1.182058
251 1.183778
252 1.181750
253 1.185807
254 1.178585
255 1.182926
256 1.181087
257 1.181008
258 1.179611
259 1.188356
260 1.176818
261 1.186225
262 1.181829
263 1.177757
264 1.188127
265 1.182500
266 1.181277
267 1.180440
268 1.177923
269 1.184568
270 1.172824
271 1.180401
272 1.182326
273 1.183589
274 1.178357
275 1.182634
276 1.181813
277 1.186525
278 1.179240
279 1.183139
280 1.187661
281 1.178917
282 1.185452
283 1.188885
284 1.181016
285 1.179430
286 1.180188
287 1.187669
288 1.178475
289 1.178870
290 1.176865
291 1.178948
292 1.189058
293 1.180298
294 1.184962
295 1.184812
296 1.185223
297 1.181277
298 1.184149
299 1.183794
300 1.189050
301 1.175815
302 1.182019
303 1.183707
304 1.178364
305 1.183920
306 1.182437
307 1.185925
308 1.184260
309 1.180961
310 1.182200
311 1.186675
312 1.184678
313 1.179864
314 1.187945
315 1.177267
316 1.182887
317 1.181947
318 1.187014
319 1.183352
320 1.184473
321 1.182973
322 1.180480
323 1.180274
324 1.184441
325 1.181237
326 1.184212
327 1.187354
328 1.181553
329 1.180456
330 1.177520
331 1.181356
332 1.185578
333 1.179106
334 1.177078
335 1.181458
336 1.177938
337 1.182074
338 1.187338
339 1.186004
340 1.180945
341 1.180519
342 1.187054
343 1.190305
344 1.188387
345 1.173385
346 1.184615
347 1.183755
348 1.177315
349 1.181726
350 1.183179
351 1.186083
352 1.184031
353 1.183944
354 1.181671
355 1.189074
356 1.183068
357 1.180148
358 1.182113
359 1.188214
360 1.182737
361 1.178972
362 1.182547
363 1.182153
364 1.184189
365 1.183471
366 1.180961
367 1.180195
368 1.182705
369 1.181095
370 1.179548
371 1.179532
372 1.183408
373 1.184607
374 1.184031
375 1.179825
376 1.183084
377 1.183100
378 1.177765
379 1.184702
380 1.183305
381 1.183384
382 1.179398
383 1.186919
384 1.187109
385 1.177994
386 1.185523
387 1.186280
388 1.178822
389 1.186051
390 1.182350
391 1.183123
392 1.180203
393 1.180369
394 1.185633
395 1.182910
396 1.187393
397 1.181924
398 1.181537
399 1.183668
400 1.180574
401 1.182737
402 1.176494
403 1.181403
404 1.187803
405 1.183463
406 1.182200
407 1.185822
408 1.178065
409 1.185104
410 1.180598
411 1.181711
412 1.179296
413 1.183171
414 1.180732
415 1.183273
416 1.179225
417 1.187614
418 1.180772
419 1.178972
420 1.180353
421 1.175815
422 1.183652
423 1.183518
424 1.181876
425 1.181837
426 1.182460
427 1.180527
428 1.183865
429 1.185444
430 1.182650
431 1.183557
432 1.179698
433 1.185002
434 1.183108
435 1.186872
436 1.187780
437 1.176115
438 1.186399
439 1.184063
440 1.182737
441 1.186746
442 1.184954
443 1.178128
444 1.181655
445 1.187085
446 1.185223
447 1.180093
448 1.184370
449 1.176881
450 1.187180
451 1.182374
452 1.182839
453 1.176170
454 1.184473
455 1.186919
456 1.178996
457 1.184007
458 1.178025
459 1.182997
460 1.179919
461 1.186872
462 1.185996
463 1.177915
464 1.178791
465 1.183258
466 1.182737
467 1.184576
468 1.185515
469 1.181616
470 1.180906
471 1.179935
472 1.186912
473 1.180574
474 1.184023
475 1.183037
476 1.178270
477 1.177946
478 1.183265
479 1.184820
480 1.183542
481 1.179517
482 1.179027
483 1.179272
484 1.181087
485 1.186328
486 1.184765
487 1.173440
488 1.185949
489 1.183802
490 1.185104
491 1.180843
492 1.180464
493 1.180424
494 1.184284
495 1.183147
496 1.187890
497 1.176407
498 1.180480
499 1.183881
500 1.180693
501 1.185649
502 1.174150
503 1.179753
504 1.184433
505 1.184986
506 1.179256
507 1.178601
508 1.180843
509 1.181221
510 1.179067
511 1.184102
512 1.182303
513 1.179809
514 1.184576
515 1.180985
516 1.180590
517 1.180243
518 1.181798
519 1.181261
520 1.182090
521 1.185491
522 1.185633
523 1.176013
524 1.185057
525 1.183187
526 1.179162
527 1.181442
528 1.182287
529 1.178609
530 1.181853
531 1.185254
532 1.177954
533 1.179856
534 1.182973
535 1.185302
536 1.187859
537 1.177552
538 1.180069
539 1.185594
540 1.185120
541 1.183123
542 1.184789
543 1.186541
544 1.183920
545 1.183187
546 1.182950
547 1.184189
548 1.183565
549 1.187330
550 1.184520
551 1.182966
552 1.184165
553 1.180922
554 1.180472
555 1.187038
556 1.179422
557 1.182090
558 1.179185
559 1.184015
560 1.189461
561 1.178491
562 1.184978
563 1.182879
564 1.186406
565 1.179501
566 1.183415
567 1.184094
568 1.181545
569 1.183897
570 1.184781
571 1.184860
572 1.182618
573 1.187622
574 1.182642
575 1.178191
576 1.186359
577 1.187385
578 1.181940
579 1.180117
580 1.183731
581 1.181963
582 1.181253
583 1.186343
584 1.183352
585 1.178436
586 1.185215
587 1.181150
588 1.188285
589 1.183621
590 1.182926
591 1.177962
592 1.187835
593 1.181040
594 1.183368
595 1.182034
596 1.181719
597 1.183376
598 1.184994
599 1.179193
600 1.181403
601 1.186438


Active cycles: 100
k_mean: 1.182675
k_stddev(cycle): 0.002923
k_stderr(mean): 0.000292
Reactivity(rho): 0.154459, Per Cent error compared to reference: 0.081042
Total Time: 774.678988seconds. Average: 1.288983 seconds per cycle.
