1 0.591214
2 1.081009
3 1.112134
4 1.131035
5 1.141498
6 1.149854
7 1.156601
8 1.161104
9 1.166595
10 1.169138
11 1.171673
12 1.172557
13 1.175867
14 1.175327
15 1.176633
16 1.178534
17 1.180472
18 1.177458
19 1.178605
20 1.178776
21 1.180451
22 1.180809
23 1.181503
24 1.179953
25 1.180789
26 1.182737
27 1.179408
28 1.180644
29 1.182005
30 1.179113
31 1.181818
32 1.182254
33 1.181144
34 1.181930
35 1.180776
36 1.182063
37 1.180152
38 1.181344
39 1.181994
40 1.180418
41 1.179777
42 1.183053
43 1.182414
44 1.182292
45 1.182323
46 1.183089
47 1.182587
48 1.182890
49 1.180708
50 1.181942
51 1.182452
52 1.181734
53 1.182065
54 1.182282
55 1.181803
56 1.181762
57 1.182540
58 1.182709
59 1.181160
60 1.182462
61 1.181771
62 1.182496
63 1.181623
64 1.183299
65 1.182541
66 1.183199
67 1.182514
68 1.182985
69 1.182161
70 1.181593
71 1.182773
72 1.183195
73 1.182248
74 1.183335
75 1.182261
76 1.182809
77 1.183722
78 1.182232
79 1.182835
80 1.181155
81 1.181673
82 1.182594
83 1.183114
84 1.181825
85 1.182945
86 1.183001
87 1.181015
88 1.181910
89 1.181515
90 1.183744
91 1.182547
92 1.182954
93 1.182268
94 1.182896
95 1.182762
96 1.182308
97 1.182305
98 1.182833
99 1.184731
100 1.182462
101 1.183995
102 1.181997
103 1.182831
104 1.181865
105 1.183706
106 1.181515
107 1.183696
108 1.182986
109 1.182758
110 1.181195
111 1.183077
112 1.183059
113 1.181060
114 1.183008
115 1.182989
116 1.183511
117 1.182502
118 1.182875
119 1.182280
120 1.183264
121 1.183053
122 1.182148
123 1.183898
124 1.181862
125 1.182373
126 1.181517
127 1.184046
128 1.182209
129 1.183365
130 1.181740
131 1.182384
132 1.182632
133 1.182796
134 1.182802
135 1.182671
136 1.182409
137 1.182540
138 1.182738
139 1.183455
140 1.182107
141 1.182438
142 1.181609
143 1.183342
144 1.183797
145 1.183275
146 1.183787
147 1.183369
148 1.184372
149 1.182974
150 1.182195
151 1.182592
152 1.183012
153 1.183336
154 1.182689
155 1.182755
156 1.182129
157 1.182892
158 1.183239
159 1.182399
160 1.181971
161 1.182647
162 1.182525
163 1.183793
164 1.183707
165 1.182033
166 1.183054
167 1.184818
168 1.183441
169 1.182547
170 1.182222
171 1.183891
172 1.184602
173 1.182968
174 1.182077
175 1.182175
176 1.181530
177 1.184082
178 1.182515
179 1.181495
180 1.182427
181 1.181982
182 1.183287
183 1.182306
184 1.183271
185 1.182383
186 1.183142
187 1.182166
188 1.182845
189 1.183211
190 1.182933
191 1.184085
192 1.182630
193 1.179663
194 1.183403
195 1.181868
196 1.180952
197 1.183715
198 1.181741
199 1.183392
200 1.182086
201 1.182115
202 1.181720
203 1.183161
204 1.181220
205 1.182279
206 1.182406
207 1.182978
208 1.184455
209 1.183460
210 1.184099
211 1.183654
212 1.183856
213 1.183145
214 1.181408
215 1.181943
216 1.181999
217 1.183303
218 1.183700
219 1.185209
220 1.183692
221 1.182709
222 1.182533
223 1.184532
224 1.184929
225 1.183874
226 1.183153
227 1.183055
228 1.182671
229 1.184518
230 1.184019
231 1.183609
232 1.182453
233 1.182118
234 1.183145
235 1.183739
236 1.184525
237 1.182517
238 1.183492
239 1.183103
240 1.183010
241 1.183406
242 1.182747
243 1.184744
244 1.182594
245 1.182814
246 1.183507
247 1.183112
248 1.183302
249 1.181913
250 1.183175
251 1.182904
252 1.183397
253 1.182278
254 1.181412
255 1.182064
256 1.183152
257 1.182325
258 1.182500
259 1.182677
260 1.183043
261 1.183173
262 1.183028
263 1.181256
264 1.182620
265 1.182516
266 1.182066
267 1.181719
268 1.181604
269 1.184611
270 1.183256
271 1.182837
272 1.181541
273 1.182146
274 1.182140
275 1.183053
276 1.182868
277 1.182506
278 1.183223
279 1.182103
280 1.181829
281 1.182332
282 1.183271
283 1.182427
284 1.183848
285 1.184466
286 1.184357
287 1.184160
288 1.183691
289 1.183009
290 1.182535
291 1.182476
292 1.181690
293 1.181645
294 1.183845
295 1.183125
296 1.183857
297 1.182804
298 1.183135
299 1.184261
300 1.183210
301 1.183758
302 1.181415
303 1.182589
304 1.181059
305 1.183093
306 1.183951
307 1.183268
308 1.183147
309 1.182763
310 1.183595
311 1.183519
312 1.182894
313 1.184986
314 1.182306
315 1.182463
316 1.182845
317 1.183902
318 1.184635
319 1.183415
320 1.184322
321 1.183131
322 1.183236
323 1.182647
324 1.183791
325 1.182775
326 1.182288
327 1.183916
328 1.184224
329 1.183610
330 1.182882
331 1.183413
332 1.182947
333 1.182526
334 1.182705
335 1.183378
336 1.183860
337 1.183144
338 1.183616
339 1.184390
340 1.183384
341 1.183469
342 1.184853
343 1.183563
344 1.184515
345 1.183861
346 1.182806
347 1.182943
348 1.183905
349 1.184306
350 1.182441
351 1.183375
352 1.184005
353 1.184952
354 1.182384
355 1.184556
356 1.182639
357 1.182990
358 1.182311
359 1.183076
360 1.182007
361 1.182221
362 1.181816
363 1.183335
364 1.181465
365 1.182713
366 1.182141
367 1.180571
368 1.182555
369 1.183905
370 1.182772
371 1.181655
372 1.183307
373 1.181812
374 1.184180
375 1.182954
376 1.182698
377 1.184419
378 1.183421
379 1.182952
380 1.183324
381 1.183045
382 1.184552
383 1.183207
384 1.182848
385 1.183171
386 1.183437
387 1.184249
388 1.182839
389 1.183824
390 1.181418
391 1.182387
392 1.182900
393 1.184470
394 1.183361
395 1.181827
396 1.184715
397 1.182385
398 1.185183
399 1.183194
400 1.182696
401 1.182442
402 1.183911
403 1.183040
404 1.181815
405 1.182836
406 1.184597
407 1.182537
408 1.184310
409 1.184213
410 1.182177
411 1.183126
412 1.184318
413 1.184566
414 1.183523
415 1.182782
416 1.183000
417 1.185196
418 1.184027
419 1.184444
420 1.183341
421 1.182882
422 1.180648
423 1.183764
424 1.182262
425 1.182149
426 1.183489
427 1.183940
428 1.182547
429 1.181619
430 1.183076
431 1.181682
432 1.183480
433 1.183220
434 1.184017
435 1.185061
436 1.184188
437 1.183160
438 1.183245
439 1.182392
440 1.183691
441 1.183180
442 1.182801
443 1.183762
444 1.183319
445 1.183189
446 1.184580
447 1.183104
448 1.182536
449 1.183415
450 1.184164
451 1.183058
452 1.184169
453 1.183221
454 1.182797
455 1.182110
456 1.184814
457 1.181998
458 1.183676
459 1.182261
460 1.182545
461 1.182992
462 1.184567
463 1.183053
464 1.182344
465 1.184032
466 1.181915
467 1.184159
468 1.183112
469 1.183118
470 1.183995
471 1.183619
472 1.183175
473 1.183669
474 1.183215
475 1.183937
476 1.183089
477 1.184158
478 1.182848
479 1.184105
480 1.184085
481 1.182242
482 1.185655
483 1.183773
484 1.182584
485 1.184127
486 1.181756
487 1.183850
488 1.180649
489 1.183890
490 1.183387
491 1.183632
492 1.184426
493 1.185685
494 1.183623
495 1.183380
496 1.183742
497 1.184064
498 1.180654
499 1.184360
500 1.183720
501 1.181141
502 1.182528
503 1.184897
504 1.185145
505 1.181802
506 1.183530
507 1.184067
508 1.182276
509 1.182182
510 1.183240
511 1.183894
512 1.184455
513 1.183332
514 1.182126
515 1.182585
516 1.182489
517 1.183167
518 1.183856
519 1.183508
520 1.182122
521 1.182933
522 1.184759
523 1.182717
524 1.183387
525 1.182149
526 1.183817
527 1.184161
528 1.183205
529 1.183467
530 1.182866
531 1.181280
532 1.183607
533 1.184124
534 1.182864
535 1.184346
536 1.182680
537 1.182644
538 1.182885
539 1.182851
540 1.182843
541 1.182406
542 1.182222
543 1.182748
544 1.184717
545 1.183760
546 1.183122
547 1.183072
548 1.183622
549 1.182170
550 1.184727
551 1.182338
552 1.182120
553 1.181422
554 1.182311
555 1.182437
556 1.182485
557 1.182432
558 1.184097
559 1.182629
560 1.183664
561 1.185162
562 1.183623
563 1.183453
564 1.183462
565 1.183841
566 1.181272
567 1.183312
568 1.183312
569 1.183725
570 1.183892
571 1.183797
572 1.183968
573 1.184755
574 1.184670
575 1.183549
576 1.183321
577 1.183341
578 1.181977
579 1.182726
580 1.182543
581 1.182400
582 1.181923
583 1.182439
584 1.183218
585 1.182523
586 1.182785
587 1.180778
588 1.183066
589 1.182416
590 1.183169
591 1.184937
592 1.182456
593 1.182848
594 1.184291
595 1.183520
596 1.182777
597 1.183270
598 1.183460
599 1.182677
600 1.182444
601 1.183618


Active cycles: 300
k_mean: 1.183213
k_stddev(cycle): 0.000936
k_stderr(mean): 0.000054
Difference with the reference K: -0.000597, Per cent error: -0.050445
Reactivity(rho): 0.154844, pcm difference: -42.633660
Total Time: 490.526604seconds. Average: 0.816184 seconds per cycle.
