1 0.590002
2 1.079851
3 1.112466
4 1.130302
5 1.141727
6 1.149895
7 1.157165
8 1.163740
9 1.165432
10 1.167996
11 1.171476
12 1.172653
13 1.173790
14 1.176118
15 1.175451
16 1.180163
17 1.177846
18 1.179171
19 1.179254
20 1.179576
21 1.180209
22 1.178467
23 1.179203
24 1.180425
25 1.181565
26 1.181476
27 1.181323
28 1.181270
29 1.183661
30 1.180410
31 1.181853
32 1.182183
33 1.180947
34 1.180780
35 1.182079
36 1.180000
37 1.181916
38 1.180705
39 1.181824
40 1.181282
41 1.181636
42 1.180731
43 1.180555
44 1.183098
45 1.181838
46 1.181046
47 1.181719
48 1.182187
49 1.182293
50 1.183214
51 1.180309
52 1.183882
53 1.182141
54 1.182720
55 1.181978
56 1.181205
57 1.182257
58 1.182291
59 1.182402
60 1.182989
61 1.181245
62 1.182098
63 1.181483
64 1.182556
65 1.182028
66 1.182857
67 1.183399
68 1.182638
69 1.182805
70 1.183161
71 1.181891
72 1.183477
73 1.183179
74 1.182374
75 1.182237
76 1.183014
77 1.182760
78 1.182686
79 1.183434
80 1.182295
81 1.183731
82 1.182239
83 1.183494
84 1.182716
85 1.182550
86 1.183482
87 1.185058
88 1.180899
89 1.182858
90 1.182364
91 1.182647
92 1.183618
93 1.182998
94 1.182003
95 1.181452
96 1.182621
97 1.183143
98 1.182321
99 1.183692
100 1.183633
101 1.183037
102 1.182685
103 1.184020
104 1.183314
105 1.181728
106 1.182182
107 1.182905
108 1.182089
109 1.183622
110 1.183319
111 1.182730
112 1.183464
113 1.182734
114 1.181558
115 1.181786
116 1.183114
117 1.184638
118 1.182201
119 1.183072
120 1.183210
121 1.183367
122 1.181371
123 1.183939
124 1.182747
125 1.183858
126 1.182392
127 1.182842
128 1.182520
129 1.182900
130 1.181751
131 1.182737
132 1.182796
133 1.182736
134 1.183495
135 1.181939
136 1.183484
137 1.182577
138 1.183565
139 1.183346
140 1.183260
141 1.183867
142 1.183215
143 1.181882
144 1.181197
145 1.182649
146 1.180308
147 1.182535
148 1.183993
149 1.183249
150 1.182786
151 1.181983
152 1.182835
153 1.182081
154 1.182192
155 1.183556
156 1.182210
157 1.183489
158 1.184389
159 1.181810
160 1.183166
161 1.181702
162 1.184137
163 1.182968
164 1.182947
165 1.183582
166 1.182635
167 1.183340
168 1.182917
169 1.183088
170 1.182896
171 1.182888
172 1.183312
173 1.184461
174 1.182990
175 1.182974
176 1.183701
177 1.183766
178 1.182097
179 1.183700
180 1.184518
181 1.182503
182 1.183024
183 1.183291
184 1.182800
185 1.184550
186 1.182768
187 1.183252
188 1.184241
189 1.184773
190 1.183072
191 1.183118
192 1.181406
193 1.181900
194 1.180604
195 1.182982
196 1.182221
197 1.182647
198 1.183433
199 1.182834
200 1.183783
201 1.183118
202 1.183321
203 1.183090
204 1.184978
205 1.184236
206 1.184907
207 1.183456
208 1.185584
209 1.182603
210 1.183623
211 1.182065
212 1.182582
213 1.183303
214 1.184241
215 1.183055
216 1.183325
217 1.182852
218 1.183015
219 1.182866
220 1.182440
221 1.183820
222 1.181540
223 1.183512
224 1.182219
225 1.182243
226 1.182369
227 1.183618
228 1.181293
229 1.184722
230 1.182609
231 1.181725
232 1.183192
233 1.182828
234 1.182094
235 1.183923
236 1.182555
237 1.183964
238 1.183510
239 1.182356
240 1.183389
241 1.183850
242 1.183178
243 1.183987
244 1.183504
245 1.183066
246 1.184881
247 1.182657
248 1.183468
249 1.181863
250 1.184294
251 1.182321
252 1.183322
253 1.182742
254 1.183545
255 1.184560
256 1.183124
257 1.182280
258 1.183489
259 1.183390
260 1.183247
261 1.182624
262 1.182638
263 1.181399
264 1.182711
265 1.182212
266 1.182443
267 1.184158
268 1.181974
269 1.184373
270 1.183073
271 1.182464
272 1.182538
273 1.183199
274 1.181054
275 1.184127
276 1.181669
277 1.183206
278 1.185184
279 1.184534
280 1.183874
281 1.181910
282 1.185435
283 1.182843
284 1.183753
285 1.183740
286 1.184098
287 1.183833
288 1.183847
289 1.183951
290 1.183076
291 1.184494
292 1.183318
293 1.183185
294 1.182824
295 1.181686
296 1.182780
297 1.182042
298 1.183676
299 1.183106
300 1.182064
301 1.182437
302 1.181117
303 1.184126
304 1.182368
305 1.181367
306 1.182558
307 1.183562
308 1.182248
309 1.182695
310 1.183014
311 1.183065
312 1.184334
313 1.183188
314 1.183120
315 1.182716
316 1.181478
317 1.184108
318 1.183570
319 1.181474
320 1.182780
321 1.183945
322 1.183695
323 1.182911
324 1.183212
325 1.182465
326 1.184726
327 1.182395
328 1.183191
329 1.181624
330 1.181418
331 1.183708
332 1.182765
333 1.184875
334 1.182226
335 1.182474
336 1.184315
337 1.183128
338 1.184154
339 1.183203
340 1.182527
341 1.183708
342 1.181756
343 1.181817
344 1.183673
345 1.182390
346 1.182591
347 1.182865
348 1.182215
349 1.182896
350 1.183890
351 1.182909
352 1.183685
353 1.184266
354 1.183170
355 1.182823
356 1.181738
357 1.183711
358 1.182616
359 1.183569
360 1.181673
361 1.181612
362 1.182398
363 1.184639
364 1.183153
365 1.184447
366 1.183681
367 1.184341
368 1.182761
369 1.181375
370 1.183800
371 1.182251
372 1.182649
373 1.183568
374 1.183793
375 1.183153
376 1.183633
377 1.182077
378 1.182641
379 1.182822
380 1.180974
381 1.183304
382 1.183720
383 1.183401
384 1.183653
385 1.184146
386 1.183527
387 1.183759
388 1.183574
389 1.183886
390 1.183581
391 1.183627
392 1.182862
393 1.182926
394 1.184272
395 1.183489
396 1.183073
397 1.184004
398 1.183582
399 1.182833
400 1.182514
401 1.185007
402 1.183734
403 1.184778
404 1.184064
405 1.183294
406 1.183467
407 1.183139
408 1.182543
409 1.182806
410 1.183036
411 1.183208
412 1.183922
413 1.183128
414 1.181457
415 1.183502
416 1.182737
417 1.184264
418 1.183163
419 1.182984
420 1.184338
421 1.183064
422 1.184188
423 1.184761
424 1.182508
425 1.183889
426 1.183326
427 1.183880
428 1.182717
429 1.183166
430 1.182305
431 1.185106
432 1.183670
433 1.184575
434 1.182125
435 1.182172
436 1.184113
437 1.182668
438 1.181569
439 1.184792
440 1.182426
441 1.182881
442 1.181716
443 1.183491
444 1.181829
445 1.182323
446 1.181476
447 1.183095
448 1.183468
449 1.182270
450 1.182205
451 1.183567
452 1.182870
453 1.183300
454 1.185004
455 1.184350
456 1.182735
457 1.183392
458 1.183948
459 1.183727
460 1.183664
461 1.183279
462 1.184770
463 1.181630
464 1.184207
465 1.182989
466 1.182633
467 1.183504
468 1.182868
469 1.182211
470 1.182457
471 1.183368
472 1.183727
473 1.183625
474 1.181612
475 1.182550
476 1.183507
477 1.184249
478 1.184528
479 1.183845
480 1.182328
481 1.182593
482 1.182457
483 1.182908
484 1.183037
485 1.183324
486 1.183696
487 1.184271
488 1.181970
489 1.181995
490 1.183863
491 1.183640
492 1.182642
493 1.183517
494 1.184336
495 1.182827
496 1.182914
497 1.183658
498 1.183631
499 1.183515
500 1.183666
501 1.181788
502 1.182129
503 1.182285
504 1.182054
505 1.183332
506 1.183419
507 1.182780
508 1.184323
509 1.182903
510 1.183623
511 1.181663
512 1.181379
513 1.183377
514 1.182626
515 1.184201
516 1.182801
517 1.183143
518 1.184212
519 1.184364
520 1.183325
521 1.184375
522 1.181865
523 1.182499
524 1.181119
525 1.182962
526 1.182298
527 1.183291
528 1.183922
529 1.182552
530 1.183313
531 1.183775
532 1.182410
533 1.184228
534 1.182211
535 1.183292
536 1.183012
537 1.183418
538 1.183273
539 1.181538
540 1.184097
541 1.182479
542 1.184979
543 1.184234
544 1.183183
545 1.183759
546 1.184266
547 1.184027
548 1.182480
549 1.184874
550 1.183977
551 1.184181
552 1.182558
553 1.183868
554 1.183162
555 1.182801
556 1.183872
557 1.183699
558 1.181686
559 1.183510
560 1.184169
561 1.183238
562 1.182069
563 1.182745
564 1.182340
565 1.182890
566 1.181491
567 1.181905
568 1.182112
569 1.183701
570 1.182422
571 1.183235
572 1.181998
573 1.184070
574 1.182394
575 1.182928
576 1.182126
577 1.182665
578 1.181605
579 1.182084
580 1.181821
581 1.181779
582 1.182319
583 1.183278
584 1.183071
585 1.184138
586 1.181119
587 1.184788
588 1.182626
589 1.183083
590 1.183565
591 1.182827
592 1.183175
593 1.181933
594 1.184399
595 1.182041
596 1.183175
597 1.183847
598 1.183151
599 1.183010
600 1.181934
601 1.183612


Active cycles: 300
k_mean: 1.183107
k_stddev(cycle): 0.000889
k_stderr(mean): 0.000051
Difference with the reference K: -0.000703, Per cent error: -0.059355
Reactivity(rho): 0.154768, pcm difference: -50.168396
Total Time: 502.203589seconds. Average: 0.835613 seconds per cycle.
