1 0.591212
2 1.079448
3 1.110948
4 1.129341
5 1.141999
6 1.151214
7 1.157535
8 1.162500
9 1.164915
10 1.169831
11 1.172463
12 1.173392
13 1.173624
14 1.174003
15 1.177445
16 1.177540
17 1.179564
18 1.180094
19 1.179811
20 1.177539
21 1.180475
22 1.180810
23 1.182247
24 1.181458
25 1.180171
26 1.181302
27 1.181144
28 1.179443
29 1.181433
30 1.181228
31 1.177522
32 1.180278
33 1.181272
34 1.182305
35 1.181597
36 1.181635
37 1.181299
38 1.182579
39 1.181216
40 1.182329
41 1.181494
42 1.183813
43 1.182545
44 1.180704
45 1.183364
46 1.181619
47 1.182455
48 1.182886
49 1.182480
50 1.182342
51 1.182524
52 1.181438
53 1.183151
54 1.182157
55 1.182687
56 1.182314
57 1.183958
58 1.183043
59 1.182285
60 1.182166
61 1.181562
62 1.182289
63 1.181348
64 1.181351
65 1.181882
66 1.183248
67 1.182933
68 1.182746
69 1.183521
70 1.182792
71 1.183094
72 1.182785
73 1.182722
74 1.181522
75 1.182587
76 1.182275
77 1.182461
78 1.181661
79 1.182594
80 1.182029
81 1.182311
82 1.182399
83 1.182325
84 1.182256
85 1.181955
86 1.181012
87 1.182484
88 1.181276
89 1.183287
90 1.182194
91 1.181231
92 1.180638
93 1.181299
94 1.181863
95 1.181741
96 1.182077
97 1.182150
98 1.183087
99 1.181297
100 1.180824
101 1.182006
102 1.183457
103 1.182525
104 1.181994
105 1.181183
106 1.182132
107 1.182635
108 1.182362
109 1.182931
110 1.185157
111 1.183950
112 1.182965
113 1.182714
114 1.181236
115 1.183038
116 1.182279
117 1.183094
118 1.182692
119 1.184804
120 1.183519
121 1.184175
122 1.183477
123 1.184856
124 1.184848
125 1.183981
126 1.182584
127 1.182338
128 1.180969
129 1.183601
130 1.182364
131 1.181610
132 1.184180
133 1.182809
134 1.181778
135 1.181154
136 1.183525
137 1.183696
138 1.181035
139 1.183199
140 1.183763
141 1.181769
142 1.180555
143 1.184395
144 1.182787
145 1.184362
146 1.182745
147 1.181755
148 1.183464
149 1.181799
150 1.183821
151 1.182716
152 1.182503
153 1.183606
154 1.184320
155 1.183640
156 1.183335
157 1.183631
158 1.183855
159 1.184067
160 1.182854
161 1.182112
162 1.182650
163 1.182991
164 1.182884
165 1.181896
166 1.181603
167 1.182141
168 1.182178
169 1.182446
170 1.183090
171 1.181536
172 1.181043
173 1.181854
174 1.183484
175 1.180517
176 1.183751
177 1.183178
178 1.183031
179 1.182486
180 1.181916
181 1.183324
182 1.182626
183 1.182953
184 1.181321
185 1.184899
186 1.183507
187 1.183318
188 1.182093
189 1.184273
190 1.182596
191 1.185578
192 1.183149
193 1.183536
194 1.181409
195 1.180279
196 1.182132
197 1.180558
198 1.182394
199 1.181330
200 1.182356
201 1.183431
202 1.182608
203 1.184151
204 1.183548
205 1.183627
206 1.182251
207 1.182951
208 1.183897
209 1.183494
210 1.183591
211 1.182403
212 1.182948
213 1.181893
214 1.181707
215 1.181337
216 1.182978
217 1.182842
218 1.181824
219 1.183505
220 1.184885
221 1.182730
222 1.182860
223 1.183107
224 1.182938
225 1.183237
226 1.182631
227 1.183476
228 1.183723
229 1.183018
230 1.183656
231 1.184551
232 1.183398
233 1.182981
234 1.183579
235 1.183688
236 1.181833
237 1.183378
238 1.181307
239 1.184241
240 1.181759
241 1.182885
242 1.182091
243 1.182724
244 1.183336
245 1.181890
246 1.181845
247 1.181687
248 1.182467
249 1.183734
250 1.184173
251 1.182375
252 1.182319
253 1.183685
254 1.183758
255 1.182593
256 1.182915
257 1.183728
258 1.180586
259 1.182787
260 1.181687
261 1.182899
262 1.181190
263 1.182473
264 1.182117
265 1.183528
266 1.183023
267 1.183217
268 1.182040
269 1.183101
270 1.183684
271 1.184098
272 1.183435
273 1.183664
274 1.181340
275 1.183663
276 1.183670
277 1.183591
278 1.182409
279 1.182828
280 1.180885
281 1.183559
282 1.181621
283 1.185329
284 1.181844
285 1.182276
286 1.183427
287 1.182976
288 1.182345
289 1.181209
290 1.182463
291 1.183409
292 1.183414
293 1.182189
294 1.184460
295 1.183041
296 1.182518
297 1.182176
298 1.184260
299 1.182315
300 1.183457
301 1.183729
302 1.181581
303 1.182770
304 1.183237
305 1.183738
306 1.181898
307 1.183021
308 1.181610
309 1.182990
310 1.182856
311 1.183750
312 1.182269
313 1.183085
314 1.182763
315 1.183846
316 1.183263
317 1.181299
318 1.182697
319 1.183542
320 1.183035
321 1.183495
322 1.182527
323 1.183698
324 1.183498
325 1.182648
326 1.182129
327 1.182578
328 1.183311
329 1.183572
330 1.181359
331 1.182598
332 1.181904
333 1.183521
334 1.182251
335 1.182158
336 1.181072
337 1.180732
338 1.182306
339 1.184469
340 1.183335
341 1.183694
342 1.183631
343 1.183289
344 1.182172
345 1.183373
346 1.183792
347 1.184456
348 1.182490
349 1.183450
350 1.183710
351 1.183422
352 1.181348
353 1.182339
354 1.182975
355 1.182075
356 1.182531
357 1.184184
358 1.183341
359 1.182627
360 1.182181
361 1.182747
362 1.184536
363 1.183272
364 1.183845
365 1.183980
366 1.181935
367 1.182524
368 1.182544
369 1.183465
370 1.181797
371 1.182511
372 1.182368
373 1.183436
374 1.184086
375 1.183415
376 1.182528
377 1.184499
378 1.183425
379 1.184107
380 1.181245
381 1.182956
382 1.183440
383 1.183478
384 1.182956
385 1.183312
386 1.182716
387 1.184251
388 1.183235
389 1.183326
390 1.183655
391 1.183401
392 1.182606
393 1.182811
394 1.183233
395 1.183898
396 1.183286
397 1.182982
398 1.182522
399 1.181780
400 1.182839
401 1.183455
402 1.185353
403 1.184889
404 1.181293
405 1.182874
406 1.182974
407 1.182251
408 1.182870
409 1.183503
410 1.183112
411 1.185873
412 1.183425
413 1.182529
414 1.181777
415 1.181798
416 1.182218
417 1.183554
418 1.183456
419 1.183138
420 1.183674
421 1.182536
422 1.182606
423 1.182342
424 1.182547
425 1.183164
426 1.182537
427 1.183059
428 1.183053
429 1.183822
430 1.184589
431 1.184075
432 1.182591
433 1.183896
434 1.182390
435 1.181791
436 1.183418
437 1.182759
438 1.181399
439 1.182490
440 1.184502
441 1.184270
442 1.184754
443 1.184027
444 1.183748
445 1.184473
446 1.182504
447 1.182043
448 1.182986
449 1.180326
450 1.182758
451 1.182460
452 1.182286
453 1.182536
454 1.181576
455 1.183568
456 1.182878
457 1.182839
458 1.183397
459 1.182056
460 1.183124
461 1.182837
462 1.183463
463 1.183676
464 1.182112
465 1.184058
466 1.183384
467 1.181477
468 1.182604
469 1.182825
470 1.183045
471 1.182905
472 1.183296
473 1.184423
474 1.181566
475 1.181821
476 1.183199
477 1.184347
478 1.181701
479 1.183037
480 1.182921
481 1.181861
482 1.183341
483 1.182874
484 1.183701
485 1.183117
486 1.183009
487 1.184763
488 1.182666
489 1.182915
490 1.182785
491 1.183071
492 1.182707
493 1.183971
494 1.183946
495 1.182299
496 1.182849
497 1.184000
498 1.182025
499 1.182842
500 1.184654
501 1.183951
502 1.183708
503 1.183697
504 1.184275
505 1.182767
506 1.184175
507 1.182229
508 1.183441
509 1.183820
510 1.182085
511 1.183462
512 1.181452
513 1.183085
514 1.182127
515 1.181539
516 1.185011
517 1.183460
518 1.183203
519 1.182040
520 1.182762
521 1.182365
522 1.184862
523 1.182880
524 1.183611
525 1.183351
526 1.184005
527 1.183480
528 1.182648
529 1.182377
530 1.183096
531 1.181810
532 1.182336
533 1.183500
534 1.182595
535 1.183220
536 1.184039
537 1.184506
538 1.181505
539 1.182426
540 1.182814
541 1.183080
542 1.183282
543 1.183702
544 1.183962
545 1.182284
546 1.182829
547 1.182893
548 1.183033
549 1.182427
550 1.185288
551 1.183775
552 1.182392
553 1.182253
554 1.183083
555 1.183950
556 1.183842
557 1.182475
558 1.183355
559 1.182447
560 1.184190
561 1.183446
562 1.182640
563 1.182373
564 1.183248
565 1.182968
566 1.183585
567 1.183931
568 1.182174
569 1.182847
570 1.182638
571 1.183783
572 1.182769
573 1.182424
574 1.180999
575 1.181368
576 1.181923
577 1.183055
578 1.183059
579 1.183461
580 1.183632
581 1.182168
582 1.184309
583 1.182999
584 1.182248
585 1.182536
586 1.182606
587 1.182471
588 1.182182
589 1.182010
590 1.183764
591 1.183433
592 1.181712
593 1.180308
594 1.182797
595 1.182988
596 1.181183
597 1.181886
598 1.183708
599 1.183259
600 1.183149
601 1.182374


Active cycles: 300
k_mean: 1.182985
k_stddev(cycle): 0.000880
k_stderr(mean): 0.000051
Difference with the reference K: -0.000825, Per cent error: -0.069720
Reactivity(rho): 0.154680, pcm difference: -58.935666
Total Time: 487.162067seconds. Average: 0.810586 seconds per cycle.
