1 0.589336
2 1.079261
3 1.110751
4 1.128536
5 1.140203
6 1.149818
7 1.155154
8 1.162166
9 1.167435
10 1.170097
11 1.171505
12 1.172803
13 1.174330
14 1.177484
15 1.177686
16 1.179216
17 1.178649
18 1.177535
19 1.179861
20 1.180175
21 1.179156
22 1.179846
23 1.180965
24 1.180581
25 1.182506
26 1.180384
27 1.180359
28 1.181169
29 1.180356
30 1.180761
31 1.180980
32 1.181338
33 1.182030
34 1.182169
35 1.182743
36 1.182509
37 1.181599
38 1.180664
39 1.180585
40 1.181089
41 1.181991
42 1.181400
43 1.181281
44 1.180650
45 1.181555
46 1.181784
47 1.181037
48 1.181568
49 1.180903
50 1.180023
51 1.181224
52 1.181159
53 1.181469
54 1.180948
55 1.182224
56 1.181534
57 1.184925
58 1.181553
59 1.183243
60 1.182536
61 1.183669
62 1.181262
63 1.181899
64 1.182548
65 1.183246
66 1.182266
67 1.182804
68 1.182394
69 1.181949
70 1.182314
71 1.183098
72 1.183355
73 1.184724
74 1.183515
75 1.182295
76 1.182075
77 1.183744
78 1.182430
79 1.182812
80 1.182676
81 1.181742
82 1.182887
83 1.183665
84 1.183689
85 1.182476
86 1.183699
87 1.182804
88 1.182212
89 1.183045
90 1.184013
91 1.182908
92 1.181077
93 1.181611
94 1.182840
95 1.181525
96 1.182274
97 1.183745
98 1.182863
99 1.182176
100 1.182158
101 1.183126
102 1.183540
103 1.181490
104 1.183085
105 1.182507
106 1.183057
107 1.182323
108 1.183292
109 1.185031
110 1.183354
111 1.184475
112 1.182622
113 1.183393
114 1.182556
115 1.183499
116 1.183023
117 1.182834
118 1.183309
119 1.182627
120 1.182594
121 1.184215
122 1.182818
123 1.183832
124 1.183728
125 1.182769
126 1.181826
127 1.181341
128 1.183878
129 1.183292
130 1.182141
131 1.183913
132 1.183503
133 1.184044
134 1.183478
135 1.183572
136 1.183462
137 1.184183
138 1.182982
139 1.182185
140 1.184577
141 1.181996
142 1.183844
143 1.183015
144 1.183201
145 1.184352
146 1.183354
147 1.183968
148 1.184394
149 1.183454
150 1.184292
151 1.183045
152 1.182773
153 1.182224
154 1.183625
155 1.183022
156 1.182784
157 1.183277
158 1.181790
159 1.183049
160 1.182331
161 1.183858
162 1.182215
163 1.183176
164 1.182249
165 1.181968
166 1.182648
167 1.182458
168 1.183389
169 1.181854
170 1.182490
171 1.183631
172 1.183295
173 1.184511
174 1.184803
175 1.183282
176 1.184734
177 1.182516
178 1.183093
179 1.182035
180 1.182753
181 1.182016
182 1.183794
183 1.182107
184 1.183295
185 1.183220
186 1.183789
187 1.183499
188 1.183107
189 1.182640
190 1.181866
191 1.183044
192 1.182759
193 1.184498
194 1.182932
195 1.182710
196 1.186368
197 1.183226
198 1.183107
199 1.182574
200 1.183512
201 1.184301
202 1.182489
203 1.183646
204 1.183960
205 1.181399
206 1.183653
207 1.182001
208 1.183563
209 1.183442
210 1.183785
211 1.182349
212 1.182508
213 1.184302
214 1.183462
215 1.182079
216 1.183878
217 1.181611
218 1.182287
219 1.183162
220 1.182565
221 1.183787
222 1.182308
223 1.184031
224 1.183196
225 1.183399
226 1.182012
227 1.182558
228 1.182565
229 1.183615
230 1.185143
231 1.183271
232 1.184416
233 1.182774
234 1.181351
235 1.181885
236 1.183235
237 1.184061
238 1.182567
239 1.185328
240 1.181962
241 1.183828
242 1.183945
243 1.183230
244 1.180832
245 1.182745
246 1.182495
247 1.183158
248 1.183996
249 1.183896
250 1.183661
251 1.182362
252 1.184644
253 1.184181
254 1.183706
255 1.183844
256 1.183985
257 1.183141
258 1.184636
259 1.181799
260 1.182108
261 1.182370
262 1.181664
263 1.183972
264 1.182686
265 1.185190
266 1.184458
267 1.182976
268 1.183535
269 1.185193
270 1.184205
271 1.181862
272 1.183015
273 1.182594
274 1.183732
275 1.183453
276 1.183327
277 1.183065
278 1.182364
279 1.182794
280 1.182938
281 1.183319
282 1.183381
283 1.184602
284 1.182428
285 1.183926
286 1.184633
287 1.183606
288 1.183297
289 1.181102
290 1.183395
291 1.182172
292 1.184364
293 1.183297
294 1.184090
295 1.184124
296 1.183874
297 1.182576
298 1.183763
299 1.183562
300 1.184036
301 1.182973
302 1.183649
303 1.182322
304 1.183314
305 1.181527
306 1.183162
307 1.181862
308 1.183400
309 1.183702
310 1.184264
311 1.183498
312 1.183635
313 1.182863
314 1.183449
315 1.182406
316 1.181606
317 1.183117
318 1.183714
319 1.181756
320 1.183008
321 1.182884
322 1.182127
323 1.183215
324 1.183191
325 1.183741
326 1.183809
327 1.182214
328 1.182641
329 1.182341
330 1.183627
331 1.182622
332 1.181554
333 1.183099
334 1.182945
335 1.183260
336 1.182539
337 1.182885
338 1.183495
339 1.183002
340 1.183445
341 1.182699
342 1.181701
343 1.182834
344 1.183814
345 1.183806
346 1.183816
347 1.184115
348 1.182720
349 1.184110
350 1.183184
351 1.184642
352 1.183073
353 1.182444
354 1.185204
355 1.183337
356 1.183349
357 1.185214
358 1.184255
359 1.184945
360 1.183711
361 1.182498
362 1.185165
363 1.183641
364 1.181446
365 1.182954
366 1.182990
367 1.182375
368 1.183698
369 1.183457
370 1.182838
371 1.182795
372 1.182840
373 1.182410
374 1.182945
375 1.182580
376 1.184233
377 1.182869
378 1.183498
379 1.181492
380 1.184716
381 1.182417
382 1.183773
383 1.183389
384 1.181971
385 1.182967
386 1.182907
387 1.182068
388 1.182795
389 1.182783
390 1.184360
391 1.183063
392 1.183040
393 1.183951
394 1.183746
395 1.183658
396 1.182763
397 1.182577
398 1.181255
399 1.182886
400 1.182763
401 1.183179


Active cycles: 200
k_mean: 1.183177
k_stddev(cycle): 0.000895
k_stderr(mean): 0.000063
Difference with the reference K: -0.000633, Per cent error: -0.053505
Reactivity(rho): 0.154818
Total Time: 1776.844115seconds. Average: 4.431033 seconds per cycle.
