1 1.178767
2 1.086998
3 1.106436
4 1.127011
5 1.137405
6 1.152936
7 1.163969
8 1.162383
9 1.165035
10 1.167260
11 1.169865
12 1.168752
13 1.181584
14 1.177275
15 1.176376
16 1.172943
17 1.179075
18 1.170764
19 1.180188
20 1.168657
21 1.185633
22 1.178317
23 1.176139
24 1.183502
25 1.180898
26 1.181442
27 1.182981
28 1.189090
29 1.177015
30 1.181158
31 1.185112
32 1.182981
33 1.178530
34 1.179832
35 1.171191
36 1.178862
37 1.178649
38 1.172398
39 1.178033
40 1.179359
41 1.179075
42 1.174197
43 1.185349
44 1.185041
45 1.178080
46 1.182697
47 1.181537
48 1.176518
49 1.186888
50 1.181300
51 1.182034
52 1.185870
53 1.190392
54 1.184970
55 1.177678
56 1.184449
57 1.199200
58 1.183692
59 1.165887
60 1.181253
61 1.177394
62 1.187432
63 1.178933
64 1.178530
65 1.191457
66 1.185870
67 1.172161
68 1.182247
69 1.181584
70 1.184094
71 1.180211
72 1.179525
73 1.181750
74 1.173724
75 1.192333
76 1.187290
77 1.175381
78 1.193257
79 1.179122
80 1.183928
81 1.184568
82 1.180069
83 1.188545
84 1.173677
85 1.172730
86 1.184331
87 1.173771
88 1.187930
89 1.175736
90 1.192689
91 1.183147
92 1.187764
93 1.173227
94 1.189279
95 1.181584
96 1.182200
97 1.179667
98 1.178933
99 1.176210
100 1.189895
101 1.186107
102 1.178814
103 1.177891
104 1.183502
105 1.181963
106 1.181892
107 1.184141
108 1.175665
109 1.187077
110 1.177962
111 1.176565
112 1.180045
113 1.192239
114 1.174008
115 1.180377
116 1.180566
117 1.181206
118 1.187385
119 1.181182
120 1.182105
121 1.183810
122 1.181277
123 1.179359
124 1.184899
125 1.185373
126 1.182318
127 1.185349
128 1.184686
129 1.180282
130 1.190866
131 1.170693
132 1.189256
133 1.193943
134 1.170457
135 1.179335
136 1.184520
137 1.183502
138 1.183526
139 1.185112
140 1.170078
141 1.189469
142 1.179832
143 1.183621
144 1.185231
145 1.189540
146 1.183360
147 1.177370
148 1.189776
149 1.186083
150 1.186556
151 1.175168
152 1.169296
153 1.185751
154 1.181679
155 1.179477
156 1.176968
157 1.186556
158 1.173132
159 1.179075
160 1.181111
161 1.185917
162 1.177725
163 1.188924
164 1.171025
165 1.168539
166 1.180969
167 1.179288
168 1.174103
169 1.178317
170 1.181892
171 1.178885
172 1.176494
173 1.185017
174 1.174411
175 1.181655
176 1.180519
177 1.182413
178 1.175760
179 1.188024
180 1.189942
181 1.174055
182 1.176897
183 1.188095
184 1.177252
185 1.186651
186 1.190392
187 1.166124
188 1.178507
189 1.175405
190 1.181750
191 1.175855
192 1.185373
193 1.178649
194 1.184662
195 1.192357
196 1.178317
197 1.174245
198 1.178128
199 1.184023
200 1.182839
201 1.175642
202 1.186130
203 1.185657
204 1.182887
205 1.185112
206 1.184686
207 1.188214
208 1.188474
209 1.171854
210 1.186651
211 1.177370
212 1.181064
213 1.181987
214 1.178791
215 1.187480
216 1.180259
217 1.187219
218 1.183289
219 1.180188
220 1.186462
221 1.191126
222 1.186888
223 1.166976
224 1.179619
225 1.180093
226 1.173771
227 1.187622
228 1.178814
229 1.185799
230 1.187764
231 1.182129
232 1.184733
233 1.176139
234 1.186912
235 1.181703
236 1.178578
237 1.186509
238 1.189279
239 1.175381
240 1.185136
241 1.187006
242 1.179903
243 1.176139
244 1.188522
245 1.182981
246 1.182153
247 1.191718
248 1.188403
249 1.173606
250 1.172943
251 1.188995
252 1.192120
253 1.167829
254 1.182129
255 1.182839
256 1.188664
257 1.182745
258 1.183976
259 1.180874
260 1.182555
261 1.180235
262 1.177891
263 1.181750
264 1.183597
265 1.179856
266 1.176494
267 1.177465
268 1.181158
269 1.181135
270 1.189658
271 1.180164
272 1.190866
273 1.179359
274 1.188308
275 1.186746
276 1.181987
277 1.184355
278 1.182484
279 1.189705
280 1.180922
281 1.170220
282 1.178649
283 1.185988
284 1.180922
285 1.184141
286 1.183668
287 1.195151
288 1.182934
289 1.172682
290 1.188095
291 1.185231
292 1.184284
293 1.177039
294 1.183715
295 1.175476
296 1.195506
297 1.174126
298 1.190179
299 1.179903
300 1.179240
301 1.182887
302 1.184946
303 1.181111
304 1.182460
305 1.178104
306 1.187930
307 1.192475
308 1.181726
309 1.183242
310 1.186296
311 1.182792
312 1.186533
313 1.180614
314 1.190037
315 1.178364
316 1.180259
317 1.178743
318 1.187148
319 1.188356
320 1.182105
321 1.189563
322 1.187006
323 1.166384
324 1