1 0.674772
2 1.077267
3 0.556391
4 1.278515
5 0.568229
6 1.053591
7 0.532714
8 1.100943
9 0.686610
10 1.171972
11 0.473524
12 1.100943
13 0.603743
14 1.254839
15 0.627419
16 1.219324
17 0.556391
18 1.266677
19 0.686610
20 1.207486
21 0.520876
22 1.207486
23 0.757638
24 1.302191
25 0.331467
26 1.183810
27 0.781315
28 1.266677
29 0.414334
30 1.243001
31 0.698448
32 1.254839
33 0.461686
34 1.136458
35 0.603743
36 1.160134
37 0.627419
38 1.183810
39 0.662934
40 1.112781
41 0.568229
42 1.207486
43 0.544553
44 1.314029
45 0.556391
46 1.171972
47 0.544553
48 1.266677
49 0.580067
50 1.243001
51 0.544553
52 1.254839
53 0.603743
54 1.266677
55 0.615581
56 1.325867
57 0.473524
58 1.136458
59 0.887858
60 1.041753
61 0.355143
62 1.325867
63 0.591905
64 1.361382
65 0.473524
66 1.231162
67 0.591905
68 1.065429
69 0.639257
70 1.243001
71 0.426172
72 1.136458
73 0.615581
74 0.923372
75 0.686610
76 1.219324
77 0.485362
78 1.302191
79 0.509038
80 1.148296
81 0.556391
82 1.124620
83 0.710286
84 1.219324
85 0.331467
86 1.136458
87 0.793153
88 0.923372
89 0.497200
90 1.278515
91 0.615581
92 1.266677
93 0.449848
94 1.136458
95 0.627419
96 1.207486
97 0.532715
98 1.254839
99 0.639257
100 1.314029
101 0.485362
102 1.053591
103 0.923372
104 1.183810
105 0.236762
106 1.089105
107 1.041753
108 1.136458
109 1.041753
110 1.065429
111 1.171972


Active cycles: 10
k_mean: 0.994400
k_stddev(cycle): 0.276617
k_stderr(mean): 0.087474
Reactivity(rho): -0.005631, Per Cent error compared to reference: 16.090098
Total Time: 19.320094seconds. Average: 0.174055 seconds per cycle.
