1 1.186635
2 1.078711
3 1.106223
4 1.130499
5 1.145147
6 1.151555
7 1.158824
8 1.165595
9 1.166779
10 1.169517
11 1.166929
12 1.177473
13 1.178033
14 1.176770
15 1.176407
16 1.181395
17 1.181024
18 1.176092
19 1.179027
20 1.179422
21 1.179225
22 1.182634
23 1.184394
24 1.176810
25 1.178428
26 1.176092
27 1.180914
28 1.182713
29 1.184654
30 1.178128
31 1.179043
32 1.183715
33 1.180843
34 1.178325
35 1.183376
36 1.180164
37 1.175539
38 1.179990
39 1.183171
40 1.177362
41 1.180337
42 1.183336
43 1.182453
44 1.177323
45 1.182902
46 1.178720
47 1.182389
48 1.177275
49 1.180140
50 1.179319
51 1.176305
52 1.180235
53 1.180440
54 1.176242
55 1.179240
56 1.181758
57 1.183494
58 1.181387
59 1.185720
60 1.180922
61 1.184718
62 1.177670
63 1.183052
64 1.182121
65 1.183400
66 1.180756
67 1.186659
68 1.182129
69 1.180637
70 1.180803
71 1.183707
72 1.181214
73 1.181379
74 1.183573
75 1.181174
76 1.179406
77 1.181411
78 1.185238
79 1.182168
80 1.183218
81 1.188703
82 1.179698
83 1.184718
84 1.181758
85 1.179746
86 1.181821
87 1.183826
88 1.184386
89 1.190439
90 1.182855
91 1.178767
92 1.183881
93 1.183613
94 1.182531
95 1.177220
96 1.185538
97 1.178293
98 1.184007
99 1.184149
100 1.185870
101 1.181876
102 1.181229
103 1.183818
104 1.184725
105 1.182224
106 1.179454
107 1.189098
108 1.179438
109 1.183273
110 1.181498
111 1.184544
112 1.182800
113 1.181521
114 1.179793
115 1.181079
116 1.185452
117 1.179967
118 1.184402
119 1.180511
120 1.184654
121 1.182239
122 1.183755
123 1.183913
124 1.185286
125 1.178001
126 1.182650
127 1.184205
128 1.181190
129 1.181190
130 1.182413
131 1.179888
132 1.180069
133 1.181261
134 1.180914
135 1.176541
136 1.184733
137 1.180811
138 1.177804
139 1.182137
140 1.183786
141 1.182366
142 1.183423
143 1.187283
144 1.179264
145 1.179556
146 1.178491
147 1.183163
148 1.179493
149 1.186233
150 1.177362
151 1.178104
152 1.185057
153 1.185680
154 1.187488
155 1.175586
156 1.182642
157 1.180906
158 1.186556
159 1.183755
160 1.183400
161 1.182366
162 1.177796
163 1.185523
164 1.186470
165 1.174268
166 1.181466
167 1.174774
168 1.182208
169 1.184844
170 1.190534
171 1.174190
172 1.183557
173 1.181040
174 1.180211
175 1.186249
176 1.186848
177 1.179146
178 1.178088
179 1.176462
180 1.181482
181 1.184473
182 1.178609
183 1.181655
184 1.178546
185 1.177946
186 1.180393
187 1.182626
188 1.185317
189 1.181726
190 1.182563
191 1.185396
192 1.180440
193 1.182429
194 1.177046
195 1.180377
196 1.184047
197 1.190108
198 1.182863
199 1.176605
200 1.181805
201 1.183842
202 1.185223
203 1.188877
204 1.184441
205 1.174174
206 1.181529
207 1.183155
208 1.184607
209 1.179248
210 1.181663
211 1.184970
212 1.186470
213 1.182689
214 1.183194
215 1.183005
216 1.186691
217 1.176865
218 1.183076
219 1.182263
220 1.181103
221 1.180022
222 1.182610
223 1.181876
224 1.186549
225 1.180432
226 1.187669
227 1.191284
228 1.183281
229 1.175389
230 1.184039
231 1.176999
232 1.183502
233 1.180314
234 1.183123
235 1.181671
236 1.187496
237 1.182823
238 1.184165
239 1.180416
240 1.185120
241 1.179335
242 1.182216
243 1.183226
244 1.182090
245 1.181166
246 1.181166
247 1.188743
248 1.178791
249 1.178909
250 1.187867
251 1.183486
252 1.188245
253 1.178191
254 1.179651
255 1.184370
256 1.183510
257 1.180906
258 1.187630
259 1.183289
260 1.177488
261 1.184362
262 1.178735
263 1.183668
264 1.182255
265 1.180345
266 1.189626
267 1.178956
268 1.186572
269 1.187669
270 1.183250
271 1.180645
272 1.180148
273 1.184662
274 1.183084
275 1.177299
276 1.184220
277 1.182618
278 1.181553
279 1.181584
280 1.180582
281 1.181190
282 1.179430
283 1.185980
284 1.185696
285 1.178246
286 1.184899
287 1.188340
288 1.179501
289 1.181269
290 1.179343
291 1.181190
292 1.180101
293 1.181821
294 1.190463
295 1.178720
296 1.188616
297 1.186533
298 1.181048
299 1.176155
300 1.182595
301 1.176139
302 1.183439
303 1.177646
304 1.186406
305 1.186564
306 1.182571
307 1.184268
308 1.186817
309 1.183494
310 1.185167
311 1.179722
312 1.179675
313 1.184449
314 1.185404
315 1.178546
316 1.183597
317 1.185002
318 1.186998
319 1.177773
320 1.181592
321 1.185096
322 1.178917
323 1.183526
324 1.186091
325 1.184284
326 1.184441
327 1.184307
328 1.183376
329 1.182295
330 1.178333
331 1.182863
332 1.178783
333 1.184291
334 1.181332
335 1.180345
336 1.182603
337 1.177575
338 1.178238
339 1.188332
340 1.175981
341 1.189950
342 1.180622
343 1.176652
344 1.188829
345 1.183423
346 1.181553
347 1.179098
348 1.181214
349 1.187054
350 1.180945
351 1.182342
352 1.184757
353 1.179864
354 1.181450
355 1.183108
356 1.183147
357 1.181340
358 1.186888
359 1.184394
360 1.187906
361 1.177986
362 1.182453
363 1.181182
364 1.184931
365 1.183700
366 1.182973
367 1.194504
368 1.181924
369 1.173511
370 1.182389
371 1.183826
372 1.180519
373 1.182113
374 1.182279
375 1.183044
376 1.182326
377 1.178775
378 1.183352
379 1.183194
380 1.184907
381 1.183336
382 1.182626
383 1.180677
384 1.179659
385 1.187827
386 1.183368
387 1.178925
388 1.182082
389 1.180677
390 1.187646
391 1.183226
392 1.181600
393 1.179753
394 1.188656
395 1.175208
396 1.181829
397 1.181805
398 1.187559
399 1.184820
400 1.184662
401 1.180937
402 1.177615
403 1.180511
404 1.186162
405 1.180393
406 1.180740
407 1.184031
408 1.179951
409 1.182397
410 1.184520
411 1.183368
412 1.183060
413 1.185065
414 1.179485
415 1.181726
416 1.186059
417 1.181577
418 1.178025
419 1.183171
420 1.181142
421 1.183550
422 1.182571
423 1.184347
424 1.183037
425 1.178278
426 1.181892
427 1.179327
428 1.182208
429 1.180353
430 1.185523
431 1.183044
432 1.182453
433 1.184268
434 1.184647
435 1.183486
436 1.184418
437 1.183865
438 1.188853
439 1.172793
440 1.178791
441 1.184063
442 1.183739
443 1.181356
444 1.182074
445 1.183873
446 1.185341
447 1.179501
448 1.184047
449 1.181813
450 1.185231
451 1.182626
452 1.184110
453 1.182074
454 1.186257
455 1.180061
456 1.191339
457 1.175681
458 1.183976
459 1.176344
460 1.179264
461 1.177607
462 1.182429
463 1.179335
464 1.183415
465 1.185673
466 1.183210
467 1.183305
468 1.184441
469 1.178530
470 1.178183
471 1.175697
472 1.184426
473 1.181742
474 1.179122
475 1.182729
476 1.180835
477 1.183763
478 1.184197
479 1.183084
480 1.187480
481 1.177173
482 1.183163
483 1.182129
484 1.185183
485 1.186556
486 1.180180
487 1.184899
488 1.184520
489 1.180377
490 1.185467
491 1.182839
492 1.187172
493 1.175673
494 1.184931
495 1.185349
496 1.187322
497 1.181387
498 1.184765
499 1.180298
500 1.179998
501 1.177007
502 1.186493
503 1.183984
504 1.181774
505 1.182579
506 1.180732
507 1.181900
508 1.184441
509 1.190810
510 1.184394
511 1.174316
512 1.182484
513 1.178104
514 1.184252
515 1.184481
516 1.181371
517 1.183265
518 1.187338
519 1.177552
520 1.184457
521 1.181458
522 1.182831
523 1.178057
524 1.185388
525 1.182129
526 1.185736
527 1.187062
528 1.179430
529 1.186067
530 1.183068
531 1.179982
532 1.183305
533 1.184260
534 1.186059
535 1.176620
536 1.180740
537 1.180701
538 1.186162
539 1.184883
540 1.185625
541 1.181277
542 1.184228
543 1.180440
544 1.188411
545 1.182981
546 1.180259
547 1.190187
548 1.182760
549 1.173329
550 1.177907
551 1.186746
552 1.180195
553 1.180937
554 1.184394
555 1.185199
556 1.187835
557 1.173787
558 1.179430
559 1.180945
560 1.179398
561 1.183984
562 1.182658
563 1.181371
564 1.184891
565 1.184883
566 1.182571
567 1.181111
568 1.180266
569 1.178751
570 1.185578
571 1.175602
572 1.183479
573 1.185807
574 1.192247
575 1.173898
576 1.177725
577 1.181206
578 1.183455
579 1.184473
580 1.186430
581 1.183700
582 1.184141
583 1.182745
584 1.181766
585 1.181790
586 1.179154
587 1.181198
588 1.185775
589 1.184907
590 1.183147
591 1.182113
592 1.183715
593 1.183368
594 1.184323
595 1.181040
596 1.181853
597 1.179193
598 1.184362
599 1.178806
600 1.180472
601 1.183281


Active cycles: 100
k_mean: 1.182562
k_stddev(cycle): 0.003469
k_stderr(mean): 0.000347
Reactivity(rho): 0.154378, Per Cent error compared to reference: 0.089168
Total Time: 708.242120seconds. Average: 1.178439 seconds per cycle.
