1 1.020470
2 1.036804
3 1.054358
4 1.071682
5 1.087978
6 1.102110
7 1.115208
8 1.127284
9 1.137164
10 1.145726
11 1.153960
12 1.160598
13 1.167424
14 1.173392
15 1.179002
16 1.184786
17 1.189818
18 1.194650
19 1.199706
20 1.203826
21 1.208144
22 1.212156
23 1.215990
24 1.219610
25 1.222744
26 1.226288
27 1.229276
28 1.231802
29 1.234242
30 1.235826
31 1.238504
32 1.240302
33 1.241924
34 1.243618
35 1.245538
36 1.247588
37 1.249136
38 1.251286
39 1.252862
40 1.254320
41 1.255660
42 1.256010
43 1.257158
44 1.257894
45 1.259412
46 1.259704
47 1.260606
48 1.260966
49 1.261146
50 1.261162
51 1.261774
52 1.261890
53 1.262938
54 1.263068
55 1.262950
56 1.263618
57 1.262836
58 1.263200
59 1.263966
60 1.263848
61 1.264294
62 1.263846
63 1.263810
64 1.263278
65 1.262814
66 1.262378
67 1.262468
68 1.262502
69 1.262538
70 1.262446
71 1.262628
72 1.262454
73 1.262656
74 1.262898
75 1.263490
76 1.263446
77 1.262954
78 1.263194
79 1.262196
80 1.261576
81 1.261422
82 1.261084
83 1.260538
84 1.259944
85 1.259548
86 1.258702
87 1.257958
88 1.257730
89 1.257232
90 1.256832
91 1.257124
92 1.256726
93 1.256124
94 1.255664
95 1.255080
96 1.255110
97 1.254720
98 1.254612
99 1.254026
100 1.253912
101 1.253208
102 1.252740
103 1.252378
104 1.252138
105 1.251456
106 1.251276
107 1.250534
108 1.250282
109 1.249948
110 1.249830
111 1.248942
112 1.248412
113 1.248222
114 1.247568
115 1.247172
116 1.246400
117 1.245826
118 1.244888
119 1.244698
120 1.244006
121 1.243550
122 1.243100
123 1.242612
124 1.242488
125 1.242038
126 1.242112
127 1.241270
128 1.241454
129 1.240754
130 1.240250
131 1.239932
132 1.239774
133 1.239568
134 1.239210
135 1.237922
136 1.237746
137 1.236892
138 1.236692
139 1.236070
140 1.236098
141 1.235832
142 1.235276
143 1.234970
144 1.234474
145 1.233682
146 1.233476
147 1.232716
148 1.233002
149 1.232740
150 1.232328
151 1.232108
152 1.231772
153 1.231310
154 1.230626
155 1.229962
156 1.229612
157 1.229192
158 1.228428
159 1.228382
160 1.228788
161 1.228422
162 1.227796
163 1.227088
164 1.226970
165 1.226434
166 1.225640
167 1.225472
168 1.225122
169 1.224956
170 1.224136
171 1.224210
172 1.223810
173 1.223484
174 1.223036
175 1.222764
176 1.222406
177 1.221810
178 1.221430
179 1.220626
180 1.220224
181 1.220612
182 1.220736
183 1.220408
184 1.219320
185 1.218922
186 1.219076
187 1.218974
188 1.218158
189 1.217746
190 1.217534
191 1.217436
192 1.216940
193 1.216494
194 1.216196
195 1.215312
196 1.214858
197 1.214216
198 1.214526
199 1.214694
200 1.213670
201 1.212784
202 1.212620
203 1.212356
204 1.212420
205 1.212562
206 1.211922
207 1.211810
208 1.211562
209 1.211256
210 1.211268
211 1.211204
212 1.211026
213 1.211614
214 1.211206
215 1.210828
216 1.209986
217 1.209478
218 1.209132
219 1.208222
220 1.207538
221 1.207478
222 1.207342
223 1.207346
224 1.207644
225 1.207004
226 1.206434
227 1.206294
228 1.206124
229 1.206140
230 1.205908
231 1.205884
232 1.205394
233 1.204870
234 1.204214
235 1.203628
236 1.203166
237 1.203242
238 1.203184
239 1.202826
240 1.203170
241 1.203326
242 1.203262
243 1.202466
244 1.202180
245 1.202062
246 1.201976
247 1.201574
248 1.201602
249 1.201010
250 1.200868
251 1.200654
252 1.201086
253 1.200914
254 1.200944
255 1.199688
256 1.199746
257 1.199408
258 1.199342
259 1.199672
260 1.199884
261 1.199666
262 1.198928
263 1.198824
264 1.198424
265 1.198330
266 1.198588
267 1.198828
268 1.198204
269 1.198330
270 1.198774
271 1.197996
272 1.197716
273 1.198070
274 1.197842
275 1.197980
276 1.198254
277 1.198074
278 1.197232
279 1.197442
280 1.196962
281 1.196680
282 1.196308
283 1.196440
284 1.196640
285 1.196550
286 1.196988
287 1.196852
288 1.197160
289 1.196910
290 1.196102
291 1.195818
292 1.195502
293 1.195284
294 1.195228
295 1.195190
296 1.195142
297 1.195616
298 1.195798
299 1.195586
300 1.195926
301 1.195970
302 1.196266
303 1.195736
304 1.196196
305 1.195934
306 1.196108
307 1.195602
308 1.195744
309 1.194640
310 1.194564
311 1.194540
312 1.195102
313 1.194882
314 1.195160
315 1.195378
316 1.195294
317 1.194750
318 1.194634
319 1.194690
320 1.194308
321 1.194208
322 1.193778
323 1.193606
324 1.193414
325 1.193110
326 1.192970
327 1.192912
328 1.193250
329 1.193444
330 1.193610
331 1.193940
332 1.193946
333 1.193606
334 1.193172
335 1.192404
336 1.191730
337 1.191136
338 1.191800
339 1.191634
340 1.191306
341 1.190528
342 1.190662
343 1.190940
344 1.190842
345 1.190756
346 1.191068
347 1.191444
348 1.191460
349 1.191766
350 1.192018
351 1.192298
352 1.192590
353 1.192250
354 1.192158
355 1.192192
356 1.192818
357 1.193502
358 1.193852
359 1.193300
360 1.192870
361 1.192208
362 1.191744
363 1.191398
364 1.190826
365 1.190630
366 1.190382
367 1.189828
368 1.189794
369 1.189792
370 1.189296
371 1.188684
372 1.188998
373 1.188516
374 1.188954
375 1.189060
376 1.188896
377 1.189014
378 1.189264
379 1.189508
380 1.189586
381 1.189442
382 1.188862
383 1.189308
384 1.190022
385 1.190278
386 1.190194
387 1.190776
388 1.190072
389 1.190232
390 1.189588
391 1.189326
392 1.188664
393 1.189404
394 1.189720
395 1.190086
396 1.189728
397 1.189724
398 1.189438
399 1.189118
400 1.189432
401 1.188964
402 1.188602
403 1.188558
404 1.188310
405 1.188452
406 1.187994
407 1.187542
408 1.187510
409 1.187354
410 1.187448
411 1.187582
412 1.187602
413 1.187316
414 1.187498
415 1.187368
416 1.186876
417 1.186650
418 1.186558
419 1.186800
420 1.186644
421 1.186372
422 1.186832
423 1.186664
424 1.187044
425 1.186924
426 1.186594
427 1.186908
428 1.187286
429 1.186486
430 1.186100
431 1.185774
432 1.185792
433 1.185936
434 1.185620
435 1.185496
436 1.186112
437 1.186142
438 1.186704
439 1.186662
440 1.186896
441 1.187190
442 1.187134
443 1.187182
444 1.187316
445 1.187634
446 1.187864
447 1.187608
448 1.187396
449 1.187352
450 1.187576
451 1.187572
452 1.187730
453 1.187504
454 1.187640
455 1.188132
456 1.187718
457 1.187688
458 1.187398
459 1.188090
460 1.188204
461 1.187914
462 1.187884
463 1.187962
464 1.188146
465 1.187764
466 1.187762
467 1.187428
468 1.188310
469 1.188426
470 1.187856
471 1.188274
472 1.187418
473 1.187602
474 1.187310
475 1.187744
476 1.187386
477 1.187112
478 1.187196
479 1.186784
480 1.187374
481 1.186864
482 1.187438
483 1.187528
484 1.187340
485 1.186916
486 1.186340
487 1.186720
488 1.186724
489 1.186856
490 1.186998
491 1.187328
492 1.187260
493 1.187182
494 1.186978
495 1.186370
496 1.186248
497 1.186242
498 1.186046
499 1.186420
500 1.186482
501 1.186012
502 1.186086
503 1.185926
504 1.185882
505 1.185860
506 1.185488
507 1.184998
508 1.185446
509 1.185124
510 1.185370
511 1.185404
512 1.185348
513 1.185756
514 1.185124
515 1.185026
516 1.185202
517 1.185116
518 1.185320
519 1.185364
520 1.185274
521 1.185242
522 1.185760
523 1.186422
524 1.186292
525 1.186106
526 1.186182
527 1.185518
528 1.185862
529 1.186824
530 1.187064
531 1.186786
532 1.186656
533 1.186948
534 1.187278
535 1.187662
536 1.187430
537 1.187016
538 1.186632
539 1.187038
540 1.186938
541 1.187384
542 1.187046
543 1.187012
544 1.186592
545 1.185910
546 1.186288
547 1.185908
548 1.185564
549 1.185618
550 1.185838
551 1.185262
552 1.185748
553 1.186074
554 1.185790
555 1.186260
556 1.186898
557 1.187594
558 1.188484
559 1.188440
560 1.188226
561 1.188070
562 1.187704
563 1.187896
564 1.187508
565 1.187710
566 1.187676
567 1.188262
568 1.188030
569 1.187774
570 1.187394
571 1.187284
572 1.187128
573 1.186892
574 1.186820
575 1.186838
576 1.186972
577 1.186306
578 1.186796
579 1.186974
580 1.187034
581 1.186980
582 1.187460
583 1.187476
584 1.186678
585 1.186910
586 1.187264
587 1.187672
588 1.188024
589 1.187886
590 1.187724
591 1.187624
592 1.187502
593 1.187738
594 1.187250
595 1.187024
596 1.186810
597 1.186650
598 1.186554
599 1.186566
600 1.187166
601 1.186556
602 1.186680
603 1.186174
604 1.186078
605 1.185862
606 1.185624
607 1.185346
608 1.185358
609 1.185376
610 1.185348
611 1.185316
612 1.185558
613 1.185468
614 1.185494
615 1.185412
616 1.185502
617 1.186146
618 1.185594
619 1.185552
620 1.186530
621 1.186132
622 1.185498
623 1.185042
624 1.185500
625 1.186012
626 1.185966
627 1.186016
628 1.186106
629 1.185658
630 1.185316
631 1.185328
632 1.185250
633 1.185612
634 1.184912
635 1.185406
636 1.185246
637 1.185140
638 1.184818
639 1.184754
640 1.185770
641 1.185462
642 1.185916
643 1.186332
644 1.186778
645 1.186552
646 1.187234
647 1.187178
648 1.187218
649 1.187140
650 1.187626
651 1.187528
652 1.187590
653 1.187472
654 1.187884
655 1.188440
656 1.188068
657 1.188072
658 1.187884
659 1.188246
660 1.188450
661 1.188122
662 1.187896
663 1.187306
664 1.186708
665 1.186994
666 1.186632
667 1.185894
668 1.186082
669 1.186758
670 1.186236
671 1.186028
672 1.185684
673 1.185912
674 1.186014
675 1.186164
676 1.185682
677 1.185270
678 1.184626
679 1.184440
680 1.183856
681 1.183952
682 1.183526
683 1.183684
684 1.184526
685 1.184380
686 1.184484
687 1.184712
688 1.184914
689 1.184908
690 1.185242
691 1.185212
692 1.185708
693 1.185780
694 1.185996
695 1.186416
696 1.186634
697 1.186280
698 1.186058
699 1.186400
700 1.186244
701 1.186248
702 1.185556
703 1.185378
704 1.185884
705 1.186112
706 1.186024
707 1.185754
708 1.184784
709 1.184676
710 1.185178
711 1.184802
712 1.184914
713 1.185296
714 1.184836
715 1.186032
716 1.185950
717 1.186456
718 1.186574
719 1.186244
720 1.185858
721 1.185680
722 1.185640
723 1.185520
724 1.185508
725 1.185568
726 1.185594
727 1.185590
728 1.185470
729 1.186078
730 1.185846
731 1.185640
732 1.185906
733 1.186082
734 1.186794
735 1.186824
736 1.186976
737 1.187010
738 1.187364
739 1.187748
740 1.186862
741 1.186316
742 1.185898
743 1.186084
744 1.186172
745 1.186192
746 1.186046
747 1.185562
748 1.185536
749 1.185792
750 1.185760
751 1.185810
752 1.186016
753 1.185530
754 1.186268
755 1.186364
756 1.186226
757 1.185784
758 1.186328
759 1.186396
760 1.186458
761 1.186226
762 1.186028
763 1.186262
764 1.185790
765 1.185594
766 1.185550
767 1.185596
768 1.185188
769 1.185322
770 1.184566
771 1.184778
772 1.184034
773 1.183744
774 1.183900
775 1.183704
776 1.183858
777 1.184470
778 1.184118
779 1.183828
780 1.183878
781 1.184020
782 1.184244
783 1.184564
784 1.184710
785 1.184764
786 1.184372
787 1.184182
788 1.184320
789 1.184166
790 1.184022
791 1.184676
792 1.184318
793 1.184646
794 1.184622
795 1.184520
796 1.184616
797 1.184900
798 1.185124
799 1.184948
800 1.184856
801 1.185632
802 1.185564
803 1.185342
804 1.184788
805 1.184328
806 1.184392
807 1.184448
808 1.184728
809 1.184212
810 1.184652
811 1.184594
812 1.185158
813 1.184876
814 1.184930
815 1.184860
816 1.184928
817 1.184862
818 1.185126
819 1.185184
820 1.184624
821 1.184210
822 1.184176
823 1.183578
824 1.183748
825 1.183730
826 1.183424
827 1.183626
828 1.183134
829 1.182640
830 1.182510
831 1.182366
832 1.183294
833 1.183044
834 1.182896
835 1.183346
836 1.183098
837 1.183718
838 1.183826
839 1.183510
840 1.184290
841 1.184780
842 1.184156
843 1.184230
844 1.184330
845 1.184636
846 1.184682
847 1.184522
848 1.183904
849 1.184520
850 1.184176
851 1.185012
852 1.184336
853 1.184664
854 1.184754
855 1.184722
856 1.183738
857 1.183554
858 1.184350
859 1.184022
860 1.183734
861 1.183634
862 1.183858
863 1.184032
864 1.184516
865 1.185050
866 1.185086
867 1.185222
868 1.184814
869 1.184538
870 1.184556
871 1.184430
872 1.184210
873 1.183852
874 1.184268
875 1.183998
876 1.184504
877 1.184582
878 1.184398
879 1.184706
880 1.185574
881 1.184882
882 1.184614
883 1.184974
884 1.185008
885 1.184846
886 1.184828
887 1.185324
888 1.185570
889 1.185876
890 1.185526
891 1.185722
892 1.185138
893 1.185602
894 1.185660
895 1.185612
896 1.185498
897 1.186134
898 1.185730
899 1.185460
900 1.185500
901 1.185024
902 1.185426
903 1.185030
904 1.185090
905 1.184540
906 1.184178
907 1.184300
908 1.185012
909 1.184328
910 1.183628
911 1.183698
912 1.184200
913 1.184172
914 1.183912
915 1.184354
916 1.185246
917 1.185702
918 1.185814
919 1.185906
920 1.186058
921 1.186086
922 1.186590
923 1.186280
924 1.187114
925 1.187316
926 1.187268
927 1.187538
928 1.187334
929 1.187010
930 1.186894
931 1.186138
932 1.186872
933 1.187024
934 1.186974
935 1.187276
936 1.186904
937 1.186500
938 1.186264
939 1.186396
940 1.186928
941 1.186462
942 1.186240
943 1.186582
944 1.187020
945 1.187468
946 1.187306
947 1.186642
948 1.187004
949 1.186038
950 1.186134
951 1.186222
952 1.185784
953 1.186146
954 1.186082
955 1.185972
956 1.185668
957 1.185694
958 1.185430
959 1.185440
960 1.184922
961 1.184710
962 1.184038
963 1.184012
964 1.183624
965 1.184036
966 1.184816
967 1.185318
968 1.185230
969 1.185392
970 1.185848
971 1.185568
972 1.185316
973 1.185338
974 1.185320
975 1.185584
976 1.185778
977 1.185806
978 1.185740
979 1.184992
980 1.185514
981 1.185720
982 1.185422
983 1.185618
984 1.185640
985 1.185778
986 1.185064
987 1.185394
988 1.185588
989 1.185696
990 1.185664
991 1.185800
992 1.185100
993 1.185802
994 1.185916
995 1.185992
996 1.185946
997 1.185918
998 1.185970
999 1.185576
1000 1.186034
1001 1.185874
1002 1.186190
1003 1.185644
1004 1.185740
1005 1.185610
1006 1.185438
1007 1.186042
1008 1.185930
1009 1.186032
1010 1.185904
1011 1.186640
1012 1.187202
1013 1.187090
1014 1.186650
1015 1.186206
1016 1.186668
1017 1.186774
1018 1.186912
1019 1.186648
1020 1.186798
1021 1.187308
1022 1.187492
1023 1.187666
1024 1.187524
1025 1.186602
1026 1.187394
1027 1.186990
1028 1.187068
1029 1.187400
1030 1.187324
1031 1.187234
1032 1.186220
1033 1.185944
1034 1.185956
1035 1.185318
1036 1.184884
1037 1.185130
1038 1.185618
1039 1.186496
1040 1.186716
1041 1.186702
1042 1.186474
1043 1.186522
1044 1.186560
1045 1.186982
1046 1.186230
1047 1.186058
1048 1.186182
1049 1.185220
1050 1.185860
1051 1.186028
1052 1.186066
1053 1.186246
1054 1.186150
1055 1.185990
1056 1.185354
1057 1.185106
1058 1.184972
1059 1.184562
1060 1.184520
1061 1.184520
1062 1.184932
1063 1.184514
1064 1.184522
1065 1.184350
1066 1.184442
1067 1.183996
1068 1.184236
1069 1.184084
1070 1.184362
1071 1.184648
1072 1.185062
1073 1.184834
1074 1.184706
1075 1.184940
1076 1.185262
1077 1.185436
1078 1.185122
1079 1.185160
1080 1.185218
1081 1.185792
1082 1.185304
1083 1.184632
1084 1.184636
1085 1.184516
1086 1.184684
1087 1.185334
1088 1.185670
1089 1.186050
1090 1.186178
1091 1.186284
1092 1.186340
1093 1.186618
1094 1.187148
1095 1.186496
1096 1.186304
1097 1.186738
1098 1.187004
1099 1.186596
1100 1.186652
1101 1.186736
1102 1.186398
1103 1.186332
1104 1.186220
1105 1.186446
1106 1.186560
1107 1.186108
1108 1.185562
1109 1.185658
1110 1.185592
1111 1.185920
1112 1.186050
1113 1.186614
1114 1.186888
1115 1.187464
1116 1.187352
1117 1.187350
1118 1.186844
1119 1.186872
1120 1.186508
1121 1.186324
1122 1.186824
1123 1.186788
1124 1.187220
1125 1.186424
1126 1.186278
1127 1.186132
1128 1.185616
1129 1.185950
1130 1.185640
1131 1.186182
1132 1.186194
1133 1.186286
1134 1.185560
1135 1.185994
1136 1.185708
1137 1.185496
1138 1.185646
1139 1.185692
1140 1.186382
1141 1.185980
1142 1.186088
1143 1.186752
1144 1.186120
1145 1.185788
1146 1.185976
1147 1.186188
1148 1.185564
1149 1.185494
1150 1.185748
1151 1.185458
1152 1.186216
1153 1.185486
1154 1.185290
1155 1.185846
1156 1.185978
1157 1.185668
1158 1.185796
1159 1.186606
1160 1.186818
1161 1.186258
1162 1.185740
1163 1.185272
1164 1.184604
1165 1.184242
1166 1.184838
1167 1.185306
1168 1.186490
1169 1.185670
1170 1.185582
1171 1.185088
1172 1.184666
1173 1.184740
1174 1.185260
1175 1.185876
1176 1.185508
1177 1.185520
1178 1.185382
1179 1.185548
1180 1.185624
1181 1.185682
1182 1.185580
1183 1.185510
1184 1.185786
1185 1.185280
1186 1.184922
1187 1.185326
1188 1.185136
1189 1.185376
1190 1.185732
1191 1.185222
1192 1.185446
1193 1.185316
1194 1.184584
1195 1.184364
1196 1.183760
1197 1.183838
1198 1.183890
1199 1.183934
1200 1.184204
1201 1.183490
1202 1.183356
1203 1.183436
1204 1.183896
1205 1.184098
1206 1.184044
1207 1.183882
1208 1.184044
1209 1.183646
1210 1.183432
1211 1.183616
1212 1.183274
1213 1.183964
1214 1.184108
1215 1.184052
1216 1.183966
1217 1.184282
1218 1.184486
1219 1.184406
1220 1.183976
1221 1.184210
1222 1.184576
1223 1.184204
1224 1.183692
1225 1.183280
1226 1.183846
1227 1.183010
1228 1.182522
1229 1.182432
1230 1.183040
1231 1.183660
1232 1.183920
1233 1.183856
1234 1.184214
1235 1.184720
1236 1.184984
1237 1.184912
1238 1.185142
1239 1.185370
1240 1.185834
1241 1.185514
1242 1.186236
1243 1.186396
1244 1.186802
1245 1.187444
1246 1.187314
1247 1.187186
1248 1.187140
1249 1.186430
1250 1.186638
1251 1.186244
1252 1.186306
1253 1.186632
1254 1.186704
1255 1.186320
1256 1.186442
1257 1.186936
1258 1.186764
1259 1.186832
1260 1.186914
1261 1.187324
1262 1.187672
1263 1.187988
1264 1.187706
1265 1.187360
1266 1.187448
1267 1.188036
1268 1.187414
1269 1.187948
1270 1.187094
1271 1.187430
1272 1.187332
1273 1.187232
1274 1.187342
1275 1.187592
1276 1.187536
1277 1.187638
1278 1.187456
1279 1.187886
1280 1.188076
1281 1.188108
1282 1.188522
1283 1.188468
1284 1.188102
1285 1.187800
1286 1.187426
1287 1.187218
1288 1.186842
1289 1.186884
1290 1.187532
1291 1.187418
1292 1.187732
1293 1.188056
1294 1.188276
1295 1.187616
1296 1.187394
1297 1.186682
1298 1.186828
1299 1.186448
1300 1.185978
1301 1.186452
1302 1.186614
1303 1.185990
1304 1.185128
1305 1.184974
1306 1.184870
1307 1.185060
1308 1.184654
1309 1.184794
1310 1.184518
1311 1.185298
1312 1.184490
1313 1.184468
1314 1.184412
1315 1.184420
1316 1.184148
1317 1.184338
1318 1.184488
1319 1.184950
1320 1.185288
1321 1.186106
1322 1.186402
1323 1.185718
1324 1.185384
1325 1.184800
1326 1.185054
1327 1.185290
1328 1.185904
1329 1.185626
1330 1.185212
1331 1.185176
1332 1.185066
1333 1.184830
1334 1.185482
1335 1.184988
1336 1.184984
1337 1.184998
1338 1.185952
1339 1.185710
1340 1.184896
1341 1.185632
1342 1.185772
1343 1.185548
1344 1.185274
1345 1.185704
1346 1.185860
1347 1.185300
1348 1.184850
1349 1.185274
1350 1.185644
1351 1.185748
1352 1.185366
1353 1.184892
1354 1.185026
1355 1.184782
1356 1.184666
1357 1.184990
1358 1.185034
1359 1.184700
1360 1.185028
1361 1.184832
1362 1.184872
1363 1.185572
1364 1.184844
1365 1.184816
1366 1.185208
1367 1.184728
1368 1.184512
1369 1.184778
1370 1.184854
1371 1.184454
1372 1.184032
1373 1.183962
1374 1.183594
1375 1.183664
1376 1.184028
1377 1.184486
1378 1.184358
1379 1.184970
1380 1.184600
1381 1.184162
1382 1.184304
1383 1.184808
1384 1.185156
1385 1.186014
1386 1.186288
1387 1.186642
1388 1.186552
1389 1.186334
1390 1.186706
1391 1.186422
1392 1.186400
1393 1.185986
1394 1.185668
1395 1.185144
1396 1.185090
1397 1.184310
1398 1.184164
1399 1.184056
1400 1.183518
1401 1.183352
1402 1.183814
1403 1.184106
1404 1.184304
1405 1.183986
1406 1.184066
1407 1.184328
1408 1.184388
1409 1.184232
1410 1.184236
1411 1.184596
1412 1.185046
1413 1.184488
1414 1.184628
1415 1.184364
1416 1.184504
1417 1.184724
1418 1.184786
1419 1.184528
1420 1.184692
1421 1.184676
1422 1.185046
1423 1.184346
1424 1.184466
1425 1.184552
1426 1.184538
1427 1.185298
1428 1.185546
1429 1.186224
1430 1.186342
1431 1.185772
1432 1.186166
1433 1.186102
1434 1.185628
1435 1.185710
1436 1.185358
1437 1.185476
1438 1.185498
1439 1.185094
1440 1.184840
1441 1.184914
1442 1.185136
1443 1.184904
1444 1.184300
1445 1.184276
1446 1.183924
1447 1.183956
1448 1.183958
1449 1.184150
1450 1.184626
1451 1.184812
1452 1.185082
1453 1.185182
1454 1.185956
1455 1.186112
1456 1.186096
1457 1.185940
1458 1.186692
1459 1.186628
1460 1.186208
1461 1.186162
1462 1.185806
1463 1.185950
1464 1.185696
1465 1.185540
1466 1.185498
1467 1.184968
1468 1.184212
1469 1.184060
1470 1.184350
1471 1.184144
1472 1.183768
1473 1.183640
1474 1.182776
1475 1.183280
1476 1.183974
1477 1.184458
1478 1.184050
1479 1.184066
1480 1.184192
1481 1.183970
1482 1.183560
1483 1.183362
1484 1.183828
1485 1.184082
1486 1.184394
1487 1.184296
1488 1.184928
1489 1.184506
1490 1.184634
1491 1.184872
1492 1.184876
1493 1.184816
1494 1.184740
1495 1.183972
1496 1.184442
1497 1.184496
1498 1.184348
1499 1.184580
1500 1.184134
1501 1.183700
1502 1.183432
1503 1.182826
1504 1.182742
1505 1.183294
1506 1.183610
1507 1.184192
1508 1.184114
1509 1.183896
1510 1.183480
1511 1.183350
1512 1.183390
1513 1.183968
1514 1.184228
1515 1.184218
1516 1.184790
1517 1.185040
1518 1.184288
1519 1.184026
1520 1.184598
1521 1.184740
1522 1.184306
1523 1.184082
1524 1.184484
1525 1.184540
1526 1.184514
1527 1.184578
1528 1.184408
1529 1.184266
1530 1.184382
1531 1.184624
1532 1.185156
1533 1.185544
1534 1.186070
1535 1.185854
1536 1.185464
1537 1.185208
1538 1.185334
1539 1.184984
1540 1.185046
1541 1.185524
1542 1.185928
1543 1.185590
1544 1.185538
1545 1.185808
1546 1.185472
1547 1.185438
1548 1.185326
1549 1.185844
1550 1.185576
1551 1.185354
1552 1.185498
1553 1.185564
1554 1.185646
1555 1.185472
1556 1.185320
1557 1.185866
1558 1.186122
1559 1.185488
1560 1.184626
1561 1.185432
1562 1.184868
1563 1.184764
1564 1.184846
1565 1.184960
1566 1.185190
1567 1.185414
1568 1.184786
1569 1.184546
1570 1.184484
1571 1.184434
1572 1.184176
1573 1.184426
1574 1.184318
1575 1.184624
1576 1.185102
1577 1.185208
1578 1.185448
1579 1.185808
1580 1.185722
1581 1.185204
1582 1.185352
1583 1.185430
1584 1.184844
1585 1.184984
1586 1.185104
1587 1.184992
1588 1.185084
1589 1.185386
1590 1.185304
1591 1.185148
1592 1.184856
1593 1.184656
1594 1.184364
1595 1.183678
1596 1.183586
1597 1.183754
1598 1.183498
1599 1.183342
1600 1.183646
1601 1.183838
1602 1.183874
1603 1.183812
1604 1.184022
1605 1.184052
1606 1.183488
1607 1.183422
1608 1.183956
1609 1.183648
1610 1.184030
1611 1.184434
1612 1.184132
1613 1.184870
1614 1.184622
1615 1.184370
1616 1.184180
1617 1.183352
1618 1.183950
1619 1.183984
1620 1.184468
1621 1.183898
1622 1.184366
1623 1.184062
1624 1.184262
1625 1.184994
1626 1.184836
1627 1.185358
1628 1.185766
1629 1.185684
1630 1.185734
1631 1.185482
1632 1.185678
1633 1.186232
1634 1.186272
1635 1.186100
1636 1.185828
1637 1.185812
1638 1.185682
1639 1.185820
1640 1.185610
1641 1.185170
1642 1.184888
1643 1.184556
1644 1.184418
1645 1.183792
1646 1.183906
1647 1.183670
1648 1.183264
1649 1.183088
1650 1.183524
1651 1.183440
1652 1.183720
1653 1.183358
1654 1.183716
1655 1.183400
1656 1.183482
1657 1.184042
1658 1.184384
1659 1.184404
1660 1.184460
1661 1.184828
1662 1.185448
1663 1.185602
1664 1.185682
1665 1.186070
1666 1.186670
1667 1.186442
1668 1.186004
1669 1.186220
1670 1.186170
1671 1.186186
1672 1.185972
1673 1.186048
1674 1.185606
1675 1.185798
1676 1.185044
1677 1.185700
1678 1.185840
1679 1.185576
1680 1.185474
1681 1.185608
1682 1.185770
1683 1.184902
1684 1.185370
1685 1.185282
1686 1.184672
1687 1.184898
1688 1.184516
1689 1.184854
1690 1.184384
1691 1.184914
1692 1.185258
1693 1.185538
1694 1.185012
1695 1.185210
1696 1.184470
1697 1.183946
1698 1.183966
1699 1.184446
1700 1.183964
1701 1.184016
1702 1.184274
1703 1.183888
1704 1.183566
1705 1.183902
1706 1.184380
1707 1.184638
1708 1.184468
1709 1.184702
1710 1.184660
1711 1.184690
1712 1.184720
1713 1.184378
1714 1.184656
1715 1.184352
1716 1.185166
1717 1.185158
1718 1.186310
1719 1.186672
1720 1.187052
1721 1.186914
1722 1.187312
1723 1.186130
1724 1.186114
1725 1.186362
1726 1.186350
1727 1.185952
1728 1.185386
1729 1.184402
1730 1.183938
1731 1.184330
1732 1.184042
1733 1.184798
1734 1.184330
1735 1.184550
1736 1.184958
1737 1.184946
1738 1.184982
1739 1.185358
1740 1.185490
1741 1.185964
1742 1.186418
1743 1.185914
1744 1.185786
1745 1.185398
1746 1.185666
1747 1.185520
1748 1.185198
1749 1.185370
1750 1.185056
1751 1.184522
1752 1.184394
1753 1.184174
1754 1.184288
1755 1.184280
1756 1.184442
1757 1.184334
1758 1.183926
1759 1.183532
1760 1.183582
1761 1.183196
1762 1.183644
1763 1.184216
1764 1.184476
1765 1.184258
1766 1.185446
1767 1.185714
1768 1.185278
1769 1.184858
1770 1.185126
1771 1.185342
1772 1.184838
1773 1.184808
1774 1.185194
1775 1.185426
1776 1.184884
1777 1.185444
1778 1.185264
1779 1.184678
1780 1.184490
1781 1.184286
1782 1.184136
1783 1.183904
1784 1.183828
1785 1.183904
1786 1.183636
1787 1.183684
1788 1.183808
1789 1.183636
1790 1.183646
1791 1.183274
1792 1.182890
1793 1.182028
1794 1.181990
1795 1.182234
1796 1.182262
1797 1.182544
1798 1.182900
1799 1.183084
1800 1.183378
1801 1.183352
1802 1.183458
1803 1.183750
1804 1.184330
1805 1.184892
1806 1.184556
1807 1.184676
1808 1.184716
1809 1.185184
1810 1.185268
1811 1.185410
1812 1.184902
1813 1.185262
1814 1.186030
1815 1.185418
1816 1.185294
1817 1.185420
1818 1.185452
1819 1.185030
1820 1.184838
1821 1.184414
1822 1.183954
1823 1.183896
1824 1.184446
1825 1.183796
1826 1.184234
1827 1.184666
1828 1.184866
1829 1.185776
1830 1.186356
1831 1.186072
1832 1.185824
1833 1.186446
1834 1.186036
1835 1.186030
1836 1.186362
1837 1.185818
1838 1.186040
1839 1.185874
1840 1.186254
1841 1.186260
1842 1.186428
1843 1.186388
1844 1.186488
1845 1.186348
1846 1.186452
1847 1.186330
1848 1.186556
1849 1.186810
1850 1.186816
1851 1.186196
1852 1.186624
1853 1.186240
1854 1.186544
1855 1.186466
1856 1.186694
1857 1.186230
1858 1.186182
1859 1.186570
1860 1.186932
1861 1.186896
1862 1.187134
1863 1.187222
1864 1.186790
1865 1.187352
1866 1.187402
1867 1.186878
1868 1.187028
1869 1.186790
1870 1.186856
1871 1.187402
1872 1.187732
1873 1.187392
1874 1.187654
1875 1.187584
1876 1.187736
1877 1.187666
1878 1.187306
1879 1.187380
1880 1.187488
1881 1.187448
1882 1.187268
1883 1.187550
1884 1.186694
1885 1.186846
1886 1.187010
1887 1.186928
1888 1.186740
1889 1.186382
1890 1.185876
1891 1.185554
1892 1.185700
1893 1.186124
1894 1.186266
1895 1.186616
1896 1.186534
1897 1.187110
1898 1.187334
1899 1.187086
1900 1.186666
1901 1.186480
1902 1.186078
1903 1.186526
1904 1.186360
1905 1.186422
1906 1.185574
1907 1.185906
1908 1.185436
1909 1.185102
1910 1.184538
1911 1.184432
1912 1.184506
1913 1.184130
1914 1.184792
1915 1.184490
1916 1.184196
1917 1.183850
1918 1.184606
1919 1.184604
1920 1.184482
1921 1.185022
1922 1.185274
1923 1.185386
1924 1.184882
1925 1.184684
1926 1.184688
1927 1.184954
1928 1.184816
1929 1.184634
1930 1.184642
1931 1.185180
1932 1.185534
1933 1.186004
1934 1.185938
1935 1.186160
1936 1.185860
1937 1.185670
1938 1.185554
1939 1.185078
1940 1.185002
1941 1.185236
1942 1.185016
1943 1.184992
1944 1.184648
1945 1.184528
1946 1.184140
1947 1.184870
1948 1.185008
1949 1.184496
1950 1.184166
1951 1.184742
1952 1.185292
1953 1.185080
1954 1.184576
1955 1.184364
1956 1.184776
1957 1.184748
1958 1.185230
1959 1.185428
1960 1.184534
1961 1.185056
1962 1.184740
1963 1.184052
1964 1.184276
1965 1.184016
1966 1.183858
1967 1.183866
1968 1.183848
1969 1.183752
1970 1.183706
1971 1.183784
1972 1.184654
1973 1.184894
1974 1.184650
1975 1.184830
1976 1.185302
1977 1.185464
1978 1.185386
1979 1.185556
1980 1.185668
1981 1.185988
1982 1.186274
1983 1.185898
1984 1.185732
1985 1.186474
1986 1.185930
1987 1.185524
1988 1.185192
1989 1.184878
1990 1.184726
1991 1.185110
1992 1.184990
1993 1.184664
1994 1.184208
1995 1.184006
1996 1.184088
1997 1.183364
1998 1.183702
1999 1.183684
2000 1.183300
2001 1.183148
2002 1.183134
2003 1.182674
2004 1.183118
2005 1.183662
2006 1.183472
2007 1.183410
2008 1.182818
2009 1.183214
2010 1.183358
2011 1.183460
2012 1.184376
2013 1.184348
2014 1.184340
2015 1.184448
2016 1.183780
2017 1.183676
2018 1.184456
2019 1.184626
2020 1.184522
2021 1.185178
2022 1.185768
2023 1.185110
2024 1.185280
2025 1.185658
2026 1.185552
2027 1.185868
2028 1.185764
2029 1.186082
2030 1.185482
2031 1.185900
2032 1.185650
2033 1.186072
2034 1.185418
2035 1.185028
2036 1.185502
2037 1.185240
2038 1.184730
2039 1.184786
2040 1.184752
2041 1.185028
2042 1.185002
2043 1.184942
2044 1.184912
2045 1.185132
2046 1.184720
2047 1.184760
2048 1.184632
2049 1.184968
2050 1.184428
2051 1.184606
2052 1.184608
2053 1.185088
2054 1.184886
2055 1.185104
2056 1.184778
2057 1.184084
2058 1.184396
2059 1.184744
2060 1.183944
2061 1.183624
2062 1.184024
2063 1.183664
2064 1.183776
2065 1.184008
2066 1.183230
2067 1.183276
2068 1.183394
2069 1.183798
2070 1.183780
2071 1.184080
2072 1.183596
2073 1.184020
2074 1.183280
2075 1.182840
2076 1.183170
2077 1.182706
2078 1.183408
2079 1.183362
2080 1.183216
2081 1.183266
2082 1.183520
2083 1.183020
2084 1.182970
2085 1.182646
2086 1.182854
2087 1.182506
2088 1.182706
2089 1.182718
2090 1.183012
2091 1.182844
2092 1.182884
2093 1.182668
2094 1.182206
2095 1.182488
2096 1.182952
2097 1.182444
2098 1.182530
2099 1.182388
2100 1.182484
2101 1.182366
2102 1.182200
2103 1.182380
2104 1.182722
2105 1.182160
2106 1.182284
2107 1.181922
2108 1.181564
2109 1.181434
2110 1.181526
2111 1.181218
2112 1.181478
2113 1.181380
2114 1.181070
2115 1.181264
2116 1.181236
2117 1.181656
2118 1.182342
2119 1.182604
2120 1.183148
2121 1.183408
2122 1.183424
2123 1.183366
2124 1.183540
2125 1.183604
2126 1.183640
2127 1.183576
2128 1.183510
2129 1.183442
2130 1.183536
2131 1.183186
2132 1.183120
2133 1.183168
2134 1.183356
2135 1.183044
2136 1.183166
2137 1.182948
2138 1.183184
2139 1.183468
2140 1.183590
2141 1.184138
2142 1.183554
2143 1.183426
2144 1.183364
2145 1.183562
2146 1.183608
2147 1.184138
2148 1.184558
2149 1.184440
2150 1.184502
2151 1.184774
2152 1.184868
2153 1.184468
2154 1.184576
2155 1.184792
2156 1.184678
2157 1.185068
2158 1.184496
2159 1.184594
2160 1.184732
2161 1.185074
2162 1.185456
2163 1.185354
2164 1.185512
2165 1.185222
2166 1.184986
2167 1.184398
2168 1.184198
2169 1.184202
2170 1.183856
2171 1.183964
2172 1.183818
2173 1.183450
2174 1.183492
2175 1.183300
2176 1.183682
2177 1.183874
2178 1.183554
2179 1.183290
2180 1.183562
2181 1.183872
2182 1.184012
2183 1.183826
2184 1.183474
2185 1.183650
2186 1.183562
2187 1.183690
2188 1.183816
2189 1.183796
2190 1.183730
2191 1.183298
2192 1.183492
2193 1.183500
2194 1.182872
2195 1.182730
2196 1.182664
2197 1.183086
2198 1.182622
2199 1.182914
2200 1.183094
2201 1.183580
2202 1.183352
2203 1.183310
2204 1.183410
2205 1.183192
2206 1.183830
2207 1.183912
2208 1.183544
2209 1.183696
2210 1.183696
2211 1.183672
2212 1.183194
2213 1.183348
2214 1.183638
2215 1.184046
2216 1.183492
2217 1.183720
2218 1.183974
2219 1.184178
2220 1.183766
2221 1.183954
2222 1.183590
2223 1.184318
2224 1.184252
2225 1.183906
2226 1.183524
2227 1.183490
2228 1.183798
2229 1.183704
2230 1.183940
2231 1.183908
2232 1.183774
2233 1.183750
2234 1.183572
2235 1.183878
2236 1.184072
2237 1.184202
2238 1.184168
2239 1.183696
2240 1.183790
2241 1.183560
2242 1.182790
2243 1.183294
2244 1.183128
2245 1.183238
2246 1.183052
2247 1.183132
2248 1.182722
2249 1.182542
2250 1.182764
2251 1.182888
2252 1.183008
2253 1.183290
2254 1.182986
2255 1.182826
2256 1.183354
2257 1.183398
2258 1.183894
2259 1.183280
2260 1.183520
2261 1.184022
2262 1.184298
2263 1.183688
2264 1.183592
2265 1.184076
2266 1.183618
2267 1.183148
2268 1.182654
2269 1.182726
2270 1.182500
2271 1.182406
2272 1.182498
2273 1.182262
2274 1.181578
2275 1.182088
2276 1.181954
2277 1.182176
2278 1.182398
2279 1.182498
2280 1.182888
2281 1.183020
2282 1.182552
2283 1.182894
2284 1.183060
2285 1.183254
2286 1.183212
2287 1.183014
2288 1.182616
2289 1.182812
2290 1.182638
2291 1.182082
2292 1.182392
2293 1.181428
2294 1.180930
2295 1.181528
2296 1.182472
2297 1.182650
2298 1.183008
2299 1.183236
2300 1.183350
2301 1.183930
2302 1.183970
2303 1.184494
2304 1.184382
2305 1.184270
2306 1.184696
2307 1.184384
2308 1.183734
2309 1.183652
2310 1.183384
2311 1.183746
2312 1.182728
2313 1.182838
2314 1.183044
2315 1.182776
2316 1.183276
2317 1.183560
2318 1.183698
2319 1.183762
2320 1.183670
2321 1.183256
2322 1.183490
2323 1.183814
2324 1.182888
2325 1.183218
2326 1.183690
2327 1.183774
2328 1.183706
2329 1.183944
2330 1.183918
2331 1.184484
2332 1.184582
2333 1.183908
2334 1.183382
2335 1.183650
2336 1.184050
2337 1.184446
2338 1.184406
2339 1.184162
2340 1.183440
2341 1.183848
2342 1.183522
2343 1.183990
2344 1.183500
2345 1.183310
2346 1.183118
2347 1.183284
2348 1.183296
2349 1.182784
2350 1.182842
2351 1.182980
2352 1.182764
2353 1.183054
2354 1.183122
2355 1.182644
2356 1.182270
2357 1.182542
2358 1.182338
2359 1.182060
2360 1.181906
2361 1.182338
2362 1.182302
2363 1.182046
2364 1.182106
2365 1.182848
2366 1.182742
2367 1.182316
2368 1.182460
2369 1.182750
2370 1.182588
2371 1.181876
2372 1.182256
2373 1.182650
2374 1.183908
2375 1.184050
2376 1.183924
2377 1.184102
2378 1.183714
2379 1.183272
2380 1.183454
2381 1.183364
2382 1.183900
2383 1.184190
2384 1.184572
2385 1.184868
2386 1.184550
2387 1.184798
2388 1.185232
2389 1.185448
2390 1.185154
2391 1.184546
2392 1.184910
2393 1.184404
2394 1.184720
2395 1.185292
2396 1.185324
2397 1.185104
2398 1.185596
2399 1.185760
2400 1.185450
2401 1.185390
2402 1.185394
2403 1.185604
2404 1.185214
2405 1.184998
2406 1.185604
2407 1.185610
2408 1.185442
2409 1.185428
2410 1.185036
2411 1.185032
2412 1.184970
2413 1.184590
2414 1.184046
2415 1.183768
2416 1.184204
2417 1.183594
2418 1.184158
2419 1.184278
2420 1.184616
2421 1.184696
2422 1.184342
2423 1.184580
2424 1.184232
2425 1.184234
2426 1.184186
2427 1.184326
2428 1.183902
2429 1.183824
2430 1.183724
2431 1.184350
2432 1.185276
2433 1.185646
2434 1.185566
2435 1.186042
2436 1.185766
2437 1.185542
2438 1.185346
2439 1.184800
2440 1.184844
2441 1.184218
2442 1.184006
2443 1.184146
2444 1.183580
2445 1.184126
2446 1.184392
2447 1.184144
2448 1.183866
2449 1.183780
2450 1.183424
2451 1.183906
2452 1.184446
2453 1.184304
2454 1.183836
2455 1.184200
2456 1.183986
2457 1.183652
2458 1.183458
2459 1.183952
2460 1.183980
2461 1.183576
2462 1.183204
2463 1.182846
2464 1.183256
2465 1.183072
2466 1.182924
2467 1.182982
2468 1.183038
2469 1.183180
2470 1.183710
2471 1.183416
2472 1.183158
2473 1.183144
2474 1.183606
2475 1.182934
2476 1.182712
2477 1.182080
2478 1.182070
2479 1.181936
2480 1.181798
2481 1.181672
2482 1.181652
2483 1.182026
2484 1.181924
2485 1.182530
2486 1.183190
2487 1.183112
2488 1.182790
2489 1.182938
2490 1.183238
2491 1.183780
2492 1.183644
2493 1.184032
2494 1.183688
2495 1.183894
2496 1.184056
2497 1.184314
2498 1.183998
2499 1.183470
2500 1.183538
2501 1.183190
2502 1.183868
2503 1.184032
2504 1.184176
2505 1.184572
2506 1.184878
2507 1.183802
2508 1.183656
2509 1.183386
2510 1.183286
2511 1.183430
2512 1.183460
2513 1.182940
2514 1.183328
2515 1.183706
2516 1.183974
2517 1.183480
2518 1.183096
2519 1.183258
2520 1.182756
2521 1.182774
2522 1.182566
2523 1.182384
2524 1.182112
2525 1.181746
2526 1.181044
2527 1.181298
2528 1.181990
2529 1.182518
2530 1.182214
2531 1.182400
2532 1.181758
2533 1.181834
2534 1.182126
2535 1.182280
2536 1.183318
2537 1.182876
2538 1.183270
2539 1.183354
2540 1.182946
2541 1.183344
2542 1.182542
2543 1.183032
2544 1.182582
2545 1.183240
2546 1.183894
2547 1.183392
2548 1.183486
2549 1.183270
2550 1.184000
2551 1.183248
2552 1.182664
2553 1.182140
2554 1.182536
2555 1.182596
2556 1.182522
2557 1.182792
2558 1.182580
2559 1.183236
2560 1.183098
2561 1.183664
2562 1.183354
2563 1.183338
2564 1.182948
2565 1.182794
2566 1.182318
2567 1.181754
2568 1.181812
2569 1.181640
2570 1.182446
2571 1.182242
2572 1.182716
2573 1.182876
2574 1.182688
2575 1.183440
2576 1.182902
2577 1.183020
2578 1.182464
2579 1.182432
2580 1.183048
2581 1.182906
2582 1.182844
2583 1.183548
2584 1.183538
2585 1.183638
2586 1.183758
2587 1.184464
2588 1.184874
2589 1.185116
2590 1.185078
2591 1.184782
2592 1.184048
2593 1.183304
2594 1.183158
2595 1.183424
2596 1.184002
2597 1.184290
2598 1.184392
2599 1.184392
2600 1.184850
2601 1.184682
2602 1.184384
2603 1.184944
2604 1.184764
2605 1.184648
2606 1.184262
2607 1.184084
2608 1.184114
2609 1.184116
2610 1.184618
2611 1.184848
2612 1.184714
2613 1.184322
2614 1.183592
2615 1.183422
2616 1.183034
2617 1.182978
2618 1.182978
2619 1.183184
2620 1.183242
2621 1.183402
2622 1.184178
2623 1.184682
2624 1.185288
2625 1.185724
2626 1.185384
2627 1.185370
2628 1.185014
2629 1.184602
2630 1.184802
2631 1.184132
2632 1.184224
2633 1.183944
2634 1.184404
2635 1.184794
2636 1.184542
2637 1.183878
2638 1.184136
2639 1.184106
2640 1.184468
2641 1.184872
2642 1.184832
2643 1.184986
2644 1.185008
2645 1.184844
2646 1.185158
2647 1.185276
2648 1.185212
2649 1.184756
2650 1.184936
2651 1.184512
2652 1.184008
2653 1.183750
2654 1.183290
2655 1.182708
2656 1.182478
2657 1.182912
2658 1.182832
2659 1.183072
2660 1.183470
2661 1.183322
2662 1.183382
2663 1.183472
2664 1.182926
2665 1.182246
2666 1.182546
2667 1.182814
2668 1.183386
2669 1.183392
2670 1.182664
2671 1.183112
2672 1.183536
2673 1.182582
2674 1.182748
2675 1.182868
2676 1.183244
2677 1.183738
2678 1.183378
2679 1.183190
2680 1.183290
2681 1.183356
2682 1.183414
2683 1.183548
2684 1.183718
2685 1.183978
2686 1.183540
2687 1.183808
2688 1.184338
2689 1.184344
2690 1.185416
2691 1.185352
2692 1.185246
2693 1.185204
2694 1.184962
2695 1.184562
2696 1.184390
2697 1.184438
2698 1.183768
2699 1.183494
2700 1.183358
2701 1.183552
2702 1.183696
2703 1.184294
2704 1.184210
2705 1.184728
2706 1.185194
2707 1.185158
2708 1.184858
2709 1.184754
2710 1.184980
2711 1.185738
2712 1.185110
2713 1.185572
2714 1.185354
2715 1.185296
2716 1.185102
2717 1.185148
2718 1.184692
2719 1.184142
2720 1.184064
2721 1.183954
2722 1.183632
2723 1.183470
2724 1.183896
2725 1.183828
2726 1.183262
2727 1.183348
2728 1.182628
2729 1.182190
2730 1.182716
2731 1.183308
2732 1.183498
2733 1.183394
2734 1.182836
2735 1.182798
2736 1.183456
2737 1.183264
2738 1.183558
2739 1.183006
2740 1.182956
2741 1.183300
2742 1.183632
2743 1.183276
2744 1.183380
2745 1.183434
2746 1.183678
2747 1.183556
2748 1.183284
2749 1.183282
2750 1.183830
2751 1.183830
2752 1.184240
2753 1.183414
2754 1.183302
2755 1.183140
2756 1.182722
2757 1.182574
2758 1.181972
2759 1.181844
2760 1.182270
2761 1.182538
2762 1.182694
2763 1.182940
2764 1.183104
2765 1.183050
2766 1.183070
2767 1.183118
2768 1.183040
2769 1.183436
2770 1.183104
2771 1.183686
2772 1.184054
2773 1.183630
2774 1.183324
2775 1.183618
2776 1.183214
2777 1.183066
2778 1.182826
2779 1.182850
2780 1.182810
2781 1.182680
2782 1.182862
2783 1.182538
2784 1.182676
2785 1.183122
2786 1.183686
2787 1.183860
2788 1.183576
2789 1.183524
2790 1.184038
2791 1.183896
2792 1.183768
2793 1.184442
2794 1.184786
2795 1.184936
2796 1.184800
2797 1.184300
2798 1.183418
2799 1.183366
2800 1.183020
2801 1.183204
2802 1.182990
2803 1.183528
2804 1.183218
2805 1.182864
2806 1.183490
2807 1.183834
2808 1.183824
2809 1.183618
2810 1.183486
2811 1.184124
2812 1.183558
2813 1.183658
2814 1.183202
2815 1.183200
2816 1.183236
2817 1.183122
2818 1.183338
2819 1.183620
2820 1.183016
2821 1.182788
2822 1.182530
2823 1.182644
2824 1.182494
2825 1.182376
2826 1.182690
2827 1.181792
2828 1.181744
2829 1.181742
2830 1.181920
2831 1.182646
2832 1.183188
2833 1.183058
2834 1.183264
2835 1.183688
2836 1.183584
2837 1.183602
2838 1.183314
2839 1.183608
2840 1.183204
2841 1.183184
2842 1.182942
2843 1.182262
2844 1.182640
2845 1.182402
2846 1.183066
2847 1.183916
2848 1.183940
2849 1.184270
2850 1.184674
2851 1.184684
2852 1.184698
2853 1.185220
2854 1.185460
2855 1.184932
2856 1.184354
2857 1.184020
2858 1.183894
2859 1.183768
2860 1.183846
2861 1.183834
2862 1.183296
2863 1.183158
2864 1.183872
2865 1.183506
2866 1.183302
2867 1.182828
2868 1.183370
2869 1.183460
2870 1.183768
2871 1.183626
2872 1.183684
2873 1.183600
2874 1.183526
2875 1.183800
2876 1.183362
2877 1.183244
2878 1.183352
2879 1.183736
2880 1.183484
2881 1.183386
2882 1.183784
2883 1.184514
2884 1.184500
2885 1.184136
2886 1.184286
2887 1.183952
2888 1.183506
2889 1.183596
2890 1.183362
2891 1.183632
2892 1.183484
2893 1.183244
2894 1.182850
2895 1.182802
2896 1.183230
2897 1.183654
2898 1.183998
2899 1.184352
2900 1.184282
2901 1.184954
2902 1.184744
2903 1.184700
2904 1.184674
2905 1.184792
2906 1.185126
2907 1.184742
2908 1.185062
2909 1.184954
2910 1.185070
2911 1.185210
2912 1.185742
2913 1.185978
2914 1.185978
2915 1.186136
2916 1.185316
2917 1.185184
2918 1.185472
2919 1.185756
2920 1.186192
2921 1.185552
2922 1.185536
2923 1.185594
2924 1.185202
2925 1.185000
2926 1.184840
2927 1.185020
2928 1.185366
2929 1.185562
2930 1.185776
2931 1.185184
2932 1.184942
2933 1.185642
2934 1.185152
2935 1.185090
2936 1.185066
2937 1.185276
2938 1.185110
2939 1.184660
2940 1.184422
2941 1.184064
2942 1.183758
2943 1.183998
2944 1.183416
2945 1.183376
2946 1.182954
2947 1.183284
2948 1.183460
2949 1.183690
2950 1.183748
2951 1.184092
2952 1.184216
2953 1.184260
2954 1.183758
2955 1.183852
2956 1.183366
2957 1.183136
2958 1.182162
2959 1.182594
2960 1.183386
2961 1.183004
2962 1.182926
2963 1.182676
2964 1.182876
2965 1.182876
2966 1.183070
2967 1.183130
2968 1.183686
2969 1.184210
2970 1.184130
2971 1.184026
2972 1.184520
2973 1.184574
2974 1.184484
2975 1.184240
2976 1.184036
2977 1.183428
2978 1.183146
2979 1.183476
2980 1.183648
2981 1.183668
2982 1.183888
2983 1.183882
2984 1.183766
2985 1.183328
2986 1.182840
2987 1.182988
2988 1.182864
2989 1.182928
2990 1.182752
2991 1.182950
2992 1.182986
2993 1.183228
2994 1.182892
2995 1.182708
2996 1.182936
2997 1.182718
2998 1.183018
2999 1.182436
3000 1.182540
3001 1.182382
3002 1.182476
3003 1.182622
3004 1.182524
3005 1.182686
3006 1.182894
3007 1.183108
3008 1.183174
3009 1.183442
3010 1.183332
3011 1.183450
3012 1.183172
3013 1.183384
3014 1.183974
3015 1.183910
3016 1.183518
3017 1.183490
3018 1.183410
3019 1.183620
3020 1.183158
3021 1.182690
3022 1.182478
3023 1.183558
3024 1.184006
3025 1.184152
3026 1.183726
3027 1.184144
3028 1.185320
3029 1.185334
3030 1.185524
3031 1.185806
3032 1.185700
3033 1.185480
3034 1.185648
3035 1.185362
3036 1.185250
3037 1.185658
3038 1.185652
3039 1.185500
3040 1.185960
3041 1.186432
3042 1.185834
3043 1.185698
3044 1.185904
3045 1.186410
3046 1.185728
3047 1.185170
3048 1.184834
3049 1.184622
3050 1.184690
3051 1.184562
3052 1.184404
3053 1.184556
3054 1.184538
3055 1.184674
3056 1.184340
3057 1.184102
3058 1.185008
3059 1.184940
3060 1.185482
3061 1.186038
3062 1.185770
3063 1.185672
3064 1.184840
3065 1.184240
3066 1.184264
3067 1.184596
3068 1.184582
3069 1.185334
3070 1.184830
3071 1.184138
3072 1.184120
3073 1.184258
3074 1.184184
3075 1.184444
3076 1.184788
3077 1.184418
3078 1.184452
3079 1.184920
3080 1.185260
3081 1.185446
3082 1.185974
3083 1.186202
3084 1.185818
3085 1.185428
3086 1.185020
3087 1.185290
3088 1.184870
3089 1.184660
3090 1.184796
3091 1.184848
3092 1.184462
3093 1.184318
3094 1.184248
3095 1.184746
3096 1.185048
3097 1.184914
3098 1.185134
3099 1.185622
3100 1.186002
3101 1.185102
3102 1.185226
3103 1.185222
3104 1.185378
3105 1.185542
3106 1.185102
3107 1.185192
3108 1.185418
3109 1.185754
3110 1.185684
3111 1.185812
3112 1.185158
3113 1.184708
3114 1.184268
3115 1.183482
3116 1.183302
3117 1.183180
3118 1.182694
3119 1.182538
3120 1.182632
3121 1.182754
3122 1.182874
3123 1.183148
3124 1.183386
3125 1.183814
3126 1.183960
3127 1.183752
3128 1.184408
3129 1.183776
3130 1.183812
3131 1.183554
3132 1.183476
3133 1.183414
3134 1.183440
3135 1.183608
3136 1.183752
3137 1.183956
3138 1.183912
3139 1.183904
3140 1.183748
3141 1.184204
3142 1.183766
3143 1.184394
3144 1.184550
3145 1.184140
3146 1.184108
3147 1.183590
3148 1.184042
3149 1.184038
3150 1.183860
3151 1.183544
3152 1.183348
3153 1.183184
3154 1.182284
3155 1.182126
3156 1.181822
3157 1.182048
3158 1.182104
3159 1.182188
3160 1.182428
3161 1.182380
3162 1.182650
3163 1.182488
3164 1.182342
3165 1.182788
3166 1.182786
3167 1.182792
3168 1.182418
3169 1.182210
3170 1.181668
3171 1.181316
3172 1.182076
3173 1.182062
3174 1.181790
3175 1.182032
3176 1.181288
3177 1.180444
3178 1.180836
3179 1.179864
3180 1.179592
3181 1.179744
3182 1.179748
3183 1.179804
3184 1.180308
3185 1.181186
3186 1.181080
3187 1.180918
3188 1.180922
3189 1.181606
3190 1.181988
3191 1.181820
3192 1.181492
3193 1.181748
3194 1.181330
3195 1.181474
3196 1.181510
3197 1.181414
3198 1.181112
3199 1.180866
3200 1.181036
3201 1.181072
3202 1.181484
3203 1.181418
3204 1.182036
3205 1.182450
3206 1.183018
3207 1.183390
3208 1.183590
3209 1.183480
3210 1.182532
3211 1.182526
3212 1.182518
3213 1.182276
3214 1.181290
3215 1.181118
3216 1.180846
3217 1.181206
3218 1.181724
3219 1.181740
3220 1.182006
3221 1.181690
3222 1.181704
3223 1.181462
3224 1.181956
3225 1.182896
3226 1.182984
3227 1.182992
3228 1.183628
3229 1.183960
3230 1.183146
3231 1.183348
3232 1.182954
3233 1.181952
3234 1.182362
3235 1.182854
3236 1.183286
3237 1.183658
3238 1.183842
3239 1.183950
3240 1.183756
3241 1.184222
3242 1.183710
3243 1.183598
3244 1.183504
3245 1.183574
3246 1.183760
3247 1.184244
3248 1.183952
3249 1.184222
3250 1.184406
3251 1.184086
3252 1.183634
3253 1.183526
3254 1.183078
3255 1.182768
3256 1.182756
3257 1.182604
3258 1.182348
3259 1.182552
3260 1.182288
3261 1.181804
3262 1.182358
3263 1.182394
3264 1.182798
3265 1.182404
3266 1.182468
3267 1.182836
3268 1.182872
3269 1.183086
3270 1.182686
3271 1.182368
3272 1.182106
3273 1.181258
3274 1.181322
3275 1.181190
3276 1.181400
3277 1.181820
3278 1.181562
3279 1.181412
3280 1.181256
3281 1.181568
3282 1.181738
3283 1.181778
3284 1.182168
3285 1.181826
3286 1.181660
3287 1.181610
3288 1.181836
3289 1.181820
3290 1.182184
3291 1.182344
3292 1.182308
3293 1.182544
3294 1.182526
3295 1.182770
3296 1.183594
3297 1.183314
3298 1.182864
3299 1.183074
3300 1.183988
3301 1.183776
3302 1.182904
3303 1.182698
3304 1.182326
3305 1.182790
3306 1.182754
3307 1.182716
3308 1.183278
3309 1.183354
3310 1.183588
3311 1.183560
3312 1.183616
3313 1.183890
3314 1.183338
3315 1.183210
3316 1.183660
3317 1.183400
3318 1.184220
3319 1.184340
3320 1.184264
3321 1.183278
3322 1.183750
3323 1.184404
3324 1.184238
3325 1.183312
3326 1.183066
3327 1.182986
3328 1.183086
3329 1.183114
3330 1.182738
3331 1.182348
3332 1.182908
3333 1.183238
3334 1.182944
3335 1.183014
3336 1.182702
3337 1.182748
3338 1.182848
3339 1.182904
3340 1.182770
3341 1.182888
3342 1.182786
3343 1.183606
3344 1.183066
3345 1.183080
3346 1.183254
3347 1.182742
3348 1.182770
3349 1.182642
3350 1.182818
3351 1.182654
3352 1.182918
3353 1.182518
3354 1.183124
3355 1.182902
3356 1.183138
3357 1.183140
3358 1.184054
3359 1.183678
3360 1.183082
3361 1.182846
3362 1.182802
3363 1.182768
3364 1.182542
3365 1.183008
3366 1.182840
3367 1.183042
3368 1.182360
3369 1.182530
3370 1.182992
3371 1.182464
3372 1.182292
3373 1.182304
3374 1.182400
3375 1.182512
3376 1.182624
3377 1.183156
3378 1.182760
3379 1.182778
3380 1.182924
3381 1.182986
3382 1.182820
3383 1.182364
3384 1.182114
3385 1.182134
3386 1.182370
3387 1.182972
3388 1.182646
3389 1.182926
3390 1.183186
3391 1.182652
3392 1.182294
3393 1.182252
3394 1.183114
3395 1.183870
3396 1.184178
3397 1.184664
3398 1.184890
3399 1.185480
3400 1.185550
3401 1.184982
3402 1.184778
3403 1.183960
3404 1.183908
3405 1.184736
3406 1.184166
3407 1.183812
3408 1.183600
3409 1.183968
3410 1.184182
3411 1.184378
3412 1.184234
3413 1.184236
3414 1.183998
3415 1.184662
3416 1.184976
3417 1.184634
3418 1.184974
3419 1.185050
3420 1.185628
3421 1.185098
3422 1.185184
3423 1.185202
3424 1.185656
3425 1.186218
3426 1.186090
3427 1.186334
3428 1.186468
3429 1.185550
3430 1.185500
3431 1.185028
3432 1.185464
3433 1.185534
3434 1.185480
3435 1.185552
3436 1.186058
3437 1.185812
3438 1.185768
3439 1.185260
3440 1.185448
3441 1.185420
3442 1.185654
3443 1.185648
3444 1.185956
3445 1.186272
3446 1.185528
3447 1.184828
3448 1.185582
3449 1.184964
3450 1.184226
3451 1.184100
3452 1.184238
3453 1.184230
3454 1.183310
3455 1.183018
3456 1.182720
3457 1.182772
3458 1.182330
3459 1.181964
3460 1.181870
3461 1.182104
3462 1.182500
3463 1.182552
3464 1.182112
3465 1.182194
3466 1.182392
3467 1.182220
3468 1.182864
3469 1.182676
3470 1.182096
3471 1.182540
3472 1.183062
3473 1.182960
3474 1.182878
3475 1.182842
3476 1.183336
3477 1.183686
3478 1.184560
3479 1.184782
3480 1.184820
3481 1.184702
3482 1.184892
3483 1.185330
3484 1.185060
3485 1.184998
3486 1.185054
3487 1.184762
3488 1.184968
3489 1.184998
3490 1.184558
3491 1.184892
3492 1.184442
3493 1.184368
3494 1.184424
3495 1.184218
3496 1.184478
3497 1.184520
3498 1.184236
3499 1.184192
3500 1.184296
3501 1.184248


Active cycles: 2000
k_mean: 1.183970
k_stddev(cycle): 0.001269
k_stderr(mean): 0.000028
