1 1.183810
2 0.674772
3 0.710286
4 0.757638
5 0.793153
6 0.816829
7 0.840505
8 0.840505
9 0.876019
10 0.935210
11 1.006239
12 1.183810
13 1.183810
14 1.183810
15 1.183810
16 1.183810
17 1.183810
18 1.183810
19 1.183810
20 1.006239
21 1.171972
22 1.183810
23 1.100943
24 1.183810
25 1.183810
26 1.183810
27 1.053591
28 1.124620
29 1.183810
30 1.077267
31 1.183810
32 1.183810
33 1.065429
34 1.112781
35 1.112781
36 1.183810
37 1.183810
38 1.183810
39 1.148296
40 1.183810
41 1.183810
42 1.160134
43 1.136458
44 1.183810
45 1.100943
46 0.947048
47 0.947048
48 1.006239
49 1.183810
50 1.183810
51 1.183810
52 1.183810
53 1.171972
54 1.112781
55 1.029915
56 1.006239
57 1.136458
58 1.183810
59 1.183810
60 0.923372
61 0.935210
62 0.958886
63 1.183810
64 1.183810
65 0.958886
66 0.970724
67 1.183810
68 1.183810
69 1.148296
70 1.006239
71 1.183810
72 1.183810
73 1.029915
74 1.183810
75 1.183810
76 1.006238
77 1.136458
78 1.183810
79 1.089105
80 1.183810
81 1.183810
82 0.935210
83 0.970724
84 1.183810
85 1.183810
86 1.065429
87 0.982562
88 1.183810
89 1.183810
90 1.065429
91 1.171972
92 1.183810
93 1.183810
94 1.183810
95 1.183810
96 1.100943
97 1.053591
98 1.183810
99 1.183810
100 1.077267
101 1.053591
102 1.183810
103 1.183810
104 1.053591
105 0.958886
106 1.018077
107 1.183810
108 1.183810
109 1.183810
110 1.136458
111 1.065429
112 1.148296
113 1.183810
114 1.183810
115 1.183810
116 1.183810
117 1.183810
118 1.148296
119 1.124619
120 1.136458
121 1.183810
122 1.124619
123 1.100943
124 1.183810
125 1.160134
126 1.183810
127 1.183810
128 1.041753
129 1.148296
130 1.183810
131 1.148296
132 1.183810
133 1.148296
134 1.183810
135 1.065429
136 1.183810
137 1.183810
138 1.183810
139 1.183810
140 1.041753
141 1.148296
142 1.183810
143 1.183810
144 1.183810
145 1.183810
146 1.100943
147 1.089105
148 1.183810
149 1.183810
150 1.183810
151 0.935210
152 0.982562
153 1.183810
154 1.183810
155 1.136458
156 0.994400
157 1.006238
158 1.183810
159 1.183810
160 1.183810
161 1.183810
162 1.065429
163 1.183810
164 1.183810
165 1.029915
166 1.183810
167 1.183810
168 1.183810
169 1.183810
170 1.183810
171 1.100943
172 1.089105
173 1.183810
174 1.065429
175 0.994400
176 1.183810
177 1.183810
178 1.041753
179 1.183810
180 1.183810
181 1.018077
182 0.911534
183 0.982562
184 1.183810
185 1.183810
186 1.183810
187 1.183810
188 1.183810
189 1.112781
190 1.053591
191 1.183810
192 1.183810
193 0.994400
194 0.958886
195 1.077267
196 1.183810
197 1.124619
198 1.183810
199 1.183810
200 1.136458
201 1.100943
202 1.160134
203 1.183810
204 1.183810
205 1.183810
206 1.183810
207 1.183810
208 1.183810
209 1.183810
210 0.982562
211 1.089105
212 1.183810
213 1.029915
214 1.041753
215 1.148296
216 1.183810
217 1.183810
218 1.183810
219 1.029915
220 1.183810
221 1.183810
222 1.112781
223 1.124619
224 0.982562
225 1.018077
226 1.183810
227 1.183810
228 1.006238
229 1.065429
230 1.183810
231 1.183810
232 1.183810
233 1.183810
234 1.183810
235 1.183810
236 1.136458
237 1.124619
238 1.183810
239 1.183810
240 1.183810
241 1.183810
242 1.136458
243 1.089105
244 1.136458
245 1.183810
246 0.947048
247 0.970724
248 1.183810
249 1.183810
250 1.183810
251 1.183810
252 1.183810
253 1.148296
254 1.183810
255 1.089105
256 1.089105
257 1.183810
258 1.148296
259 1.183810
260 1.183810
261 1.183810
262 1.136458
263 1.183810
264 1.160134
265 1.148296
266 1.183810
267 1.183810
268 1.183810
269 1.183810
270 1.183810
271 1.053591
272 1.183810
273 1.183810
274 1.089105
275 1.183810
276 1.183810
277 1.112781
278 1.183810
279 1.183810
280 1.065429
281 1.100943
282 1.124619
283 1.183810
284 1.183810
285 1.065429
286 1.183810
287 1.183810
288 1.183810
289 1.183810
290 1.053591
291 1.100943
292 1.183810
293 1.112781
294 1.183810
295 1.183810
296 1.065429
297 1.183810
298 1.183810
299 1.018077
300 0.911534
301 0.970724
302 1.183810
303 1.183810
304 1.183810
305 1.124619
306 1.100943
307 1.183810
308 1.183810
309 1.112781
310 1.183810
311 1.006238
312 1.160134
313 1.183810
314 0.982562
315 1.183810
316 1.183810
317 1.089105
318 1.077267
319 1.018077
320 1.183810
321 1.183810
322 0.958886
323 1.018077
324 1.183810
325 1.183810
326 1.100943
327 1.041753
328 1.018077
329 1.183810
330 1.183810
331 1.183810
332 1.183810
333 1.053591
334 1.183810
335 1.183810
336 1.124619
337 1.100943
338 0.982562
339 1.183810
340 1.183810
341 1.183810
342 1.183810
343 1.065429
344 1.160134
345 1.183810
346 1.183810
347 1.171972
348 1.183810
349 1.160134
350 1.183810
351 0.947048
352 0.970724
353 1.183810
354 1.183810
355 1.183810
356 1.183810
357 1.041753
358 1.100943
359 1.183810
360 1.183810
361 1.183810
362 1.183810
363 1.183810
364 1.183810
365 1.124619
366 1.006238
367 1.112781
368 1.183810
369 1.183810
370 1.041753
371 0.958886
372 1.183810
373 1.183810
374 0.970724
375 0.899696
376 0.982562
377 1.183810
378 1.183810
379 1.183810
380 1.183810
381 1.112781
382 1.183810
383 1.183810
384 1.029915
385 1.183810
386 1.183810
387 0.947048
388 0.970724
389 1.183810
390 1.183810
391 0.911534
392 0.982562
393 1.183810
394 1.183810
395 1.183810
396 1.041753
397 1.006238
398 1.136458
399 1.183810
400 0.982562
401 1.160134
402 1.183810
403 1.065429
404 1.053591
405 1.018077
406 1.183810
407 1.183810
408 1.100943
409 1.148296
410 1.183810
411 1.112781
412 1.171972
413 1.183810
414 1.148296
415 1.183810
416 1.183810
417 1.018077
418 1.100943
419 1.183810
420 1.041753
421 1.183810
422 1.183810
423 1.183810
424 1.183810
425 1.148296
426 1.183810
427 1.183810
428 1.183810
429 1.183810
430 1.183810
431 1.183810
432 1.183810
433 1.100943
434 0.958886
435 1.065429
436 1.183810
437 1.183810
438 1.183810
439 1.100943
440 1.183810
441 1.183810
442 1.183810
443 1.183810
444 1.183810
445 1.183810
446 1.089105
447 1.183810
448 1.183810
449 1.160134
450 1.183810
451 1.018077
452 1.100943
453 1.183810
454 1.183810
455 1.183810
456 1.148296
457 1.148296
458 1.183810
459 1.183810
460 1.148296
461 1.148296
462 1.183810
463 1.065429
464 0.947048
465 0.970724
466 1.183810
467 1.183810
468 1.148296
469 1.183810
470 1.183810
471 1.183810
472 1.183810
473 1.077267
474 1.100943
475 1.183810
476 1.183810
477 1.089105
478 1.112781
479 1.183810
480 1.183810
481 1.148296
482 0.970724
483 1.124619
484 1.183810
485 1.018077
486 0.982562
487 1.183810
488 1.183810
489 0.887857
490 0.947048
491 0.958886
492 1.183810
493 1.183810
494 1.136458
495 1.100943
496 1.183810
497 1.041753
498 1.029915
499 1.183810
500 1.183810
501 1.124619
502 1.183810
503 1.183810
504 1.065429
505 1.171972
506 1.183810
507 1.136458
508 1.183810
509 1.183810
510 1.029915
511 0.994400
512 1.183810
513 1.183810
514 1.183810
515 1.053591
516 0.899696
517 0.923372
518 0.970724
519 1.183810
520 1.183810
521 1.183810
522 1.124619
523 1.100943
524 1.183810
525 1.183810
526 0.947048
527 0.994400
528 1.183810
529 1.183810
530 1.077267
531 0.958886
532 1.065429
533 1.183810
534 1.183810
535 0.911534
536 0.970724
537 1.183810
538 1.183810
539 1.183810
540 1.183810
541 1.160134
542 1.029915
543 1.018077
544 1.183810
545 1.183810
546 1.136458
547 1.183810
548 1.160134
549 1.183810
550 1.029915
551 0.935210
552 0.982562
553 1.183810
554 1.160134
555 1.041753
556 0.828667
557 0.899696
558 0.911534
559 0.958886
560 1.183810
561 1.183810
562 1.183810
563 0.887857
564 0.887857
565 0.887857
566 0.911534
567 0.935210
568 0.947048
569 0.970724
570 1.183810
571 1.183810
572 1.183810
573 1.183810
574 1.183810
575 1.148296
576 1.006238
577 1.183810
578 1.183810
579 0.935210
580 0.958886
581 1.183810
582 1.183810
583 1.183810
584 1.089105
585 1.148296
586 1.183810
587 1.183810
588 1.183810
589 0.994400
590 1.077267
591 1.183810
592 1.183810
593 1.183810
594 1.183810
595 1.171972
596 1.077267
597 1.065429
598 1.183810
599 1.183810
600 1.183810
601 1.006238
602 0.923372
603 0.994400
604 1.183810
605 1.183810
606 1.112781
607 1.183810
608 1.183810
609 1.077267
610 1.183810
611 1.183810
612 1.100943
613 1.100943
614 1.183810
615 1.136458
616 1.006238
617 1.160134
618 1.183810
619 1.183810
620 1.183810
621 0.947048
622 0.970724
623 1.183810
624 1.183810
625 1.183810
626 1.041753
627 1.089105
628 1.183810
629 1.053591
630 1.053591
631 1.183810
632 1.183810
633 1.183810
634 1.183810
635 0.982562
636 0.935210
637 0.994400
638 1.183810
639 1.053591
640 1.029915
641 1.183810
642 1.183810
643 1.136458
644 0.970724
645 1.077267
646 1.183810
647 1.136458
648 1.183810
649 1.041753
650 1.053591
651 1.183810
652 1.183810
653 1.112781
654 1.183810
655 1.183810
656 1.183810
657 1.183810
658 1.183810
659 1.124619
660 1.183810
661 1.183810
662 0.876019
663 0.887857
664 0.923372
665 0.958886
666 1.183810
667 1.183810
668 1.029915
669 0.816829
670 0.876019
671 0.911534
672 0.994400
673 1.183810
674 1.183810
675 1.183810
676 0.982562
677 1.077267
678 1.183810
679 1.183810
680 1.053591
681 0.923372
682 0.970724
683 1.183810
684 1.183810
685 1.041753
686 0.982562
687 1.183810
688 1.183810
689 1.183810
690 1.124619
691 0.935210
692 0.994400
693 1.183810
694 1.183810
695 1.183810
696 1.148296
697 1.183810
698 1.183810
699 1.183810
700 1.183810
701 1.148296
702 1.124619
703 1.136458
704 1.077267
705 1.183810
706 1.183810
707 0.947048
708 0.982562
709 1.183810
710 1.183810
711 1.183810
712 1.018077
713 0.911534
714 0.970724
715 1.183810
716 1.077267
717 1.077267
718 1.183810
719 1.183810
720 1.112781
721 1.183810
722 1.183810
723 1.100943
724 1.041753
725 1.183810
726 1.183810
727 1.029915
728 1.183810
729 1.183810
730 0.994400
731 1.053591
732 1.183810
733 1.183810
734 1.171972
735 1.089105
736 1.089105
737 1.183810
738 1.183810
739 1.183810
740 1.183810
741 1.183810
742 1.183810
743 1.183810
744 1.183810
745 1.171972
746 1.183810
747 1.183810
748 1.183810
749 1.100943
750 1.077267
751 1.089105
752 1.183810
753 1.183810
754 1.041753
755 1.183810
756 1.183810
757 0.923372
758 0.935210
759 0.970724
760 1.183810
761 1.183810
762 1.148296
763 1.006238
764 1.053591
765 1.183810
766 1.100943
767 1.006238
768 1.041753
769 1.183810
770 1.183810
771 1.029915
772 1.100943
773 1.183810
774 1.065429
775 1.183810
776 1.183810
777 1.183810
778 1.183810
779 1.112781
780 1.183810
781 1.183810
782 1.041753
783 1.065429
784 1.183810
785 1.183810
786 1.183810
787 1.006238
788 1.136458
789 1.183810
790 1.148296
791 1.183810
792 1.006238
793 0.947048
794 1.029915
795 1.183810
796 1.183810
797 1.171972
798 1.112781
799 1.148296
800 1.183810
801 1.183810
802 1.100943
803 1.148296
804 1.171972
805 1.183810
806 1.183810
807 1.183810
808 1.089105
809 0.899696
810 0.935210
811 0.994400
812 1.183810
813 1.183810
814 1.183810
815 1.136458
816 1.183810
817 1.183810
818 1.183810
819 0.982562
820 1.041753
821 1.183810
822 1.100943
823 1.183810
824 1.148296
825 1.183810
826 1.183810
827 1.183810
828 1.183810
829 1.112781
830 1.112781
831 1.183810
832 1.183810
833 1.029915
834 1.065429
835 1.183810
836 1.183810
837 1.183810
838 1.183810
839 1.183810
840 1.041753
841 1.065429
842 1.183810
843 1.183810
844 1.183810
845 1.183810
846 1.100943
847 1.112781
848 1.183810
849 1.148296
850 1.112781
851 1.183810
852 1.183810
853 1.183810
854 1.183810
855 1.112781
856 1.183810
857 1.183810
858 1.183810
859 1.183810
860 1.183810
861 1.183810
862 1.006238
863 1.148296
864 1.183810
865 1.018077
866 1.136458
867 1.183810
868 1.183810
869 0.970724
870 1.029915
871 1.183810
872 1.183810
873 1.053591
874 0.982562
875 1.183810
876 1.183810
877 1.183810
878 1.183810
879 1.183810
880 1.183810
881 0.947048
882 0.994400
883 1.183810
884 1.148296
885 1.183810
886 1.183810
887 1.089105
888 1.077267
889 1.183810
890 1.183810
891 1.183810
892 1.183810
893 1.183810
894 1.136458
895 1.160134
896 1.183810
897 1.183810
898 1.171972
899 1.065429
900 1.041753
901 1.183810
902 1.183810
903 1.124619
904 1.183810
905 0.958886
906 0.947048
907 0.958886
908 1.183810
909 1.183810
910 1.183810
911 1.183810
912 1.171972
913 1.183810
914 1.183810
915 1.183810
916 1.183810
917 1.065429
918 0.982562
919 1.100943
920 1.183810
921 1.183810
922 1.183810
923 1.006238
924 1.100943
925 1.183810
926 1.065429
927 1.136458
928 1.183810
929 1.183810
930 1.112781
931 1.183810
932 1.183810
933 1.148296
934 1.100943
935 1.124619
936 1.183810
937 1.183810
938 1.183810
939 1.077267
940 1.124619
941 1.183810
942 1.183810
943 1.183810
944 1.053591
945 0.982562
946 1.089105
947 1.183810
948 1.183810
949 1.183810
950 1.124619
951 1.136458
952 1.183810
953 1.183810
954 1.183810
955 1.183810
956 1.183810
957 1.136458
958 1.089105
959 1.183810
960 1.183810
961 0.994400
962 1.112781
963 1.183810
964 1.183810
965 1.160134
966 1.171972
967 1.183810
968 1.183810
969 1.183810
970 1.183810
971 1.183810
972 0.947048
973 0.982562
974 1.183810
975 1.183810
976 1.183810
977 1.183810
978 1.112781
979 1.053591
980 1.148296
981 1.183810
982 1.171972
983 1.183810
984 1.077267
985 1.077267
986 1.183810
987 1.183810
988 1.183810
989 1.183810
990 1.148296
991 1.053591
992 1.183810
993 1.183810
994 1.183810
995 1.183810
996 1.183810
997 1.183810
998 1.183810
999 1.183810
1000 1.065429
1001 1.148296
1002 1.183810
1003 1.183810
1004 1.018077
1005 0.923372
1006 0.970724
1007 1.183810
1008 1.183810
1009 1.124619
1010 1.053591
1011 1.183810
1012 1.183810
1013 1.160134
1014 1.183810
1015 0.911534
1016 0.935210
1017 1.041753
1018 1.183810
1019 1.183810
1020 1.183810
1021 1.065429
1022 1.148296
1023 1.183810
1024 1.183810
1025 1.053591
1026 1.136458
1027 1.183810
1028 1.053591
1029 1.183810
1030 1.183810
1031 1.160134
1032 1.183810
1033 1.100943
1034 1.112781
1035 1.148296
1036 1.183810
1037 1.183810
1038 0.935210
1039 0.982562
1040 1.183810
1041 1.183810
1042 1.183810
1043 1.160134
1044 1.183810
1045 1.183810
1046 1.029915
1047 0.947048
1048 1.029915
1049 1.183810
1050 1.183810
1051 1.183810
1052 1.100943
1053 1.100943
1054 1.160134
1055 1.183810
1056 1.183810
1057 1.183810
1058 1.183810
1059 1.183810
1060 1.100943
1061 1.183810
1062 1.100943
1063 0.982562
1064 1.136458
1065 1.183810
1066 1.183810
1067 1.124619
1068 1.183810
1069 1.183810
1070 1.171972
1071 1.183810
1072 1.089105
1073 1.183810
1074 1.183810
1075 1.183810
1076 1.183810
1077 1.136458
1078 0.970724
1079 0.970724
1080 1.183810
1081 1.183810
1082 1.018077
1083 0.958886
1084 1.065429
1085 1.183810
1086 1.183810
1087 0.994400
1088 0.840505
1089 0.864181
1090 0.876019
1091 0.923372
1092 0.935210
1093 0.958886
1094 1.183810
1095 1.183810
1096 1.183810
1097 1.183810
1098 1.018077
1099 0.911534
1100 0.935210
1101 0.970724


Active cycles: 100
k_mean: 1.106270
k_stddev(cycle): 0.100314
k_stderr(mean): 0.010031
Reactivity(rho): 0.096062, Per Cent error compared to reference: 5.920795
Total Time: 178.136449seconds. Average: 0.161795 seconds per cycle.
