1 0.590002
2 1.079758
3 1.111745
4 1.130182
5 1.143286
6 1.150598
7 1.158947
8 1.161341
9 1.165819
10 1.168860
11 1.171394
12 1.172429
13 1.175224
14 1.176910
15 1.177702
16 1.176947
17 1.178207
18 1.178384
19 1.179665
20 1.180576
21 1.178343
22 1.180652
23 1.181046
24 1.180353
25 1.181172
26 1.181039
27 1.180316
28 1.179791
29 1.180854
30 1.180560
31 1.180793
32 1.181567
33 1.182176
34 1.181006
35 1.181726
36 1.181356
37 1.182376
38 1.180985
39 1.181337
40 1.179490
41 1.182521
42 1.182031
43 1.181764
44 1.180628
45 1.182111
46 1.183207
47 1.181751
48 1.181539
49 1.181656
50 1.181460
51 1.182952
52 1.182088
53 1.181845
54 1.181535
55 1.182965
56 1.182939
57 1.181006
58 1.181059
59 1.183845
60 1.181452
61 1.182776
62 1.181456
63 1.182424
64 1.180791
65 1.181587
66 1.182835
67 1.183410
68 1.181038
69 1.182788
70 1.184149
71 1.182378
72 1.184052
73 1.183097
74 1.182021
75 1.183205
76 1.182422
77 1.182983
78 1.182353
79 1.182471
80 1.184180
81 1.181605
82 1.182515
83 1.183146
84 1.182890
85 1.182444
86 1.183354
87 1.182714
88 1.182952
89 1.181780
90 1.184677
91 1.183672
92 1.183294
93 1.183043
94 1.182830
95 1.182395
96 1.181904
97 1.183442
98 1.182328
99 1.181853
100 1.181780
101 1.182851
102 1.183283
103 1.184814
104 1.182844
105 1.184402
106 1.183769
107 1.184054
108 1.181182
109 1.183298
110 1.182849
111 1.182445
112 1.182551
113 1.181487
114 1.183175
115 1.182233
116 1.182603
117 1.183530
118 1.182357
119 1.182792
120 1.182877
121 1.183149
122 1.182623
123 1.183237
124 1.184613
125 1.183408
126 1.183726
127 1.184196
128 1.183499
129 1.181342
130 1.183297
131 1.182037
132 1.181955
133 1.182609
134 1.183145
135 1.183373
136 1.182861
137 1.183265
138 1.183550
139 1.183386
140 1.181348
141 1.181947
142 1.184146
143 1.182988
144 1.183264
145 1.182555
146 1.181372
147 1.183535
148 1.182787
149 1.183340
150 1.182164
151 1.182913
152 1.181377
153 1.183121
154 1.183275
155 1.182432
156 1.181970
157 1.180796
158 1.182301
159 1.183340
160 1.182991
161 1.183396
162 1.183624
163 1.182906
164 1.183246
165 1.183217
166 1.183735
167 1.182751
168 1.182287
169 1.182244
170 1.182585
171 1.180620
172 1.183815
173 1.181516
174 1.181996
175 1.183119
176 1.183586
177 1.185353
178 1.182272
179 1.184219
180 1.182161
181 1.183294
182 1.182154
183 1.182270
184 1.183416
185 1.183260
186 1.182104
187 1.184004
188 1.182463
189 1.183215
190 1.182983
191 1.182764
192 1.184324
193 1.182332
194 1.181598
195 1.183900
196 1.182377
197 1.183220
198 1.183940
199 1.183960
200 1.182489
201 1.184518
202 1.183990
203 1.182766
204 1.181961
205 1.183909
206 1.181789
207 1.182362
208 1.182335
209 1.183334
210 1.181863
211 1.182507
212 1.181724
213 1.183463
214 1.183857
215 1.183900
216 1.182275
217 1.184215
218 1.182439
219 1.182204
220 1.182708
221 1.182444
222 1.182401
223 1.181845
224 1.183533
225 1.183940
226 1.183362
227 1.183507
228 1.182396
229 1.182758
230 1.183309
231 1.185031
232 1.183079
233 1.181511
234 1.183645
235 1.182686
236 1.183002
237 1.182486
238 1.183684
239 1.183831
240 1.184049
241 1.181925
242 1.182208
243 1.185682
244 1.182370
245 1.182379
246 1.183312
247 1.183324
248 1.182298
249 1.184079
250 1.183810
251 1.183157
252 1.184871
253 1.183372
254 1.183583
255 1.183554
256 1.181840
257 1.184885
258 1.183090
259 1.183872
260 1.181607
261 1.182329
262 1.184201
263 1.183179
264 1.181122
265 1.183956
266 1.182251
267 1.183179
268 1.183505
269 1.183513
270 1.183064
271 1.183297
272 1.183827
273 1.182788
274 1.182593
275 1.182443
276 1.184088
277 1.181748
278 1.183809
279 1.182471
280 1.183183
281 1.184025
282 1.184108
283 1.182248
284 1.183423
285 1.184729
286 1.182269
287 1.184552
288 1.182814
289 1.182509
290 1.183584
291 1.183893
292 1.184156
293 1.182919
294 1.182280
295 1.182080
296 1.184042
297 1.183797
298 1.184665
299 1.182058
300 1.182546
301 1.181966
302 1.182476
303 1.182669
304 1.182262
305 1.183845
306 1.181775
307 1.183317
308 1.183676
309 1.183060
310 1.182916
311 1.183146
312 1.181735
313 1.182734
314 1.181822
315 1.185124
316 1.184414
317 1.182350
318 1.182713
319 1.183647
320 1.183281
321 1.183663
322 1.182547
323 1.183093
324 1.183527
325 1.182613
326 1.184840
327 1.183452
328 1.183048
329 1.183372
330 1.182605
331 1.182833
332 1.184495
333 1.182328
334 1.182598
335 1.182042
336 1.182893
337 1.182204
338 1.183375
339 1.183223
340 1.182681
341 1.183217
342 1.181723
343 1.181809
344 1.183408
345 1.182974
346 1.182555
347 1.183364
348 1.182598
349 1.184501
350 1.182768
351 1.182951
352 1.184174
353 1.181838
354 1.182898
355 1.182942
356 1.181353
357 1.183650
358 1.183217
359 1.182781
360 1.183068
361 1.182307
362 1.181998
363 1.180748
364 1.182075
365 1.182975
366 1.183008
367 1.183043
368 1.182065
369 1.184307
370 1.182891
371 1.183735
372 1.182909
373 1.183051
374 1.184666
375 1.183717
376 1.182901
377 1.182929
378 1.183572
379 1.183384
380 1.182592
381 1.184060
382 1.181998
383 1.184242
384 1.183634
385 1.183154
386 1.182951
387 1.182231
388 1.183162
389 1.184028
390 1.181980
391 1.183351
392 1.184483
393 1.183340
394 1.183247
395 1.183558
396 1.184044
397 1.183168
398 1.184809
399 1.182669
400 1.183142
401 1.183874
402 1.183108
403 1.182019
404 1.182791
405 1.184608
406 1.184713
407 1.184074
408 1.182698
409 1.183169
410 1.182160
411 1.183253
412 1.182709
413 1.182844
414 1.184518
415 1.183177
416 1.184676
417 1.183175
418 1.182788
419 1.182023
420 1.183375
421 1.183435
422 1.182911
423 1.182009
424 1.184135
425 1.184259
426 1.183470
427 1.182426
428 1.183797
429 1.182230
430 1.183595
431 1.182195
432 1.183797
433 1.183459
434 1.181658
435 1.181956
436 1.182231
437 1.183991
438 1.184358
439 1.183306
440 1.183455
441 1.183055
442 1.182328
443 1.183095
444 1.182245
445 1.182672
446 1.182491
447 1.182991
448 1.182897
449 1.183316
450 1.183530
451 1.183620
452 1.183218
453 1.182480
454 1.182374
455 1.183347
456 1.182495
457 1.181588
458 1.180515
459 1.182377
460 1.183157
461 1.183077
462 1.181723
463 1.183598
464 1.182552
465 1.182393
466 1.184879
467 1.183085
468 1.182262
469 1.184523
470 1.183888
471 1.183797
472 1.181594
473 1.184186
474 1.183348
475 1.183462
476 1.182446
477 1.182336
478 1.181004
479 1.182130
480 1.183296
481 1.183008
482 1.182775
483 1.181669
484 1.183388
485 1.184263
486 1.182717
487 1.182146
488 1.183514
489 1.183667
490 1.183723
491 1.182987
492 1.181392
493 1.182381
494 1.182323
495 1.182040
496 1.182793
497 1.183912
498 1.183677
499 1.183826
500 1.183933
501 1.182985
502 1.183834
503 1.182568
504 1.181249
505 1.182595
506 1.183111
507 1.182366
508 1.183885
509 1.182175
510 1.184312
511 1.183321
512 1.182641
513 1.182675
514 1.183722
515 1.182750
516 1.183898
517 1.180809
518 1.182873
519 1.183865
520 1.182951
521 1.182717
522 1.185504
523 1.184369
524 1.182468
525 1.181142
526 1.184128
527 1.182172
528 1.182825
529 1.180822
530 1.183056
531 1.182327
532 1.182425
533 1.181987
534 1.181071
535 1.183076
536 1.183313
537 1.184279
538 1.183830
539 1.182925
540 1.182698
541 1.183708
542 1.183495
543 1.182897
544 1.184994
545 1.182746
546 1.182153
547 1.181895
548 1.181600
549 1.183186
550 1.183091
551 1.183482
552 1.182662
553 1.183593
554 1.184101
555 1.182478
556 1.184143
557 1.181756
558 1.181630
559 1.183011
560 1.183906
561 1.183701
562 1.183531
563 1.182947
564 1.183758
565 1.184557
566 1.183232
567 1.183575
568 1.182412
569 1.182434
570 1.183026
571 1.183030
572 1.182878
573 1.182569
574 1.184713
575 1.183203
576 1.183384
577 1.182925
578 1.182840
579 1.182781
580 1.181281
581 1.182437
582 1.182421
583 1.181780
584 1.183199
585 1.184009
586 1.183242
587 1.182669
588 1.182765
589 1.182469
590 1.183536
591 1.182469
592 1.181796
593 1.182455
594 1.184448
595 1.182064
596 1.182137
597 1.184054
598 1.181250
599 1.183784
600 1.182066
601 1.183080


Active cycles: 300
k_mean: 1.183005
k_stddev(cycle): 0.000865
k_stderr(mean): 0.000050
Difference with the reference K: -0.000805, Per cent error: -0.068035
Reactivity(rho): 0.154695, pcm difference: -57.510084
Total Time: 505.659256seconds. Average: 0.841363 seconds per cycle.
