1 1.183810
2 1.182697
3 1.189634
4 1.202100
5 1.217312
6 1.234903
7 1.253489
8 1.271365
9 1.288660
10 1.305162
11 1.323275
12 1.339623
13 1.355451
14 1.372059
15 1.388313
16 1.403608
17 1.420501
18 1.436920
19 1.453577
20 1.470209
21 1.487812
22 1.505167
23 1.523114
24 1.539936
25 1.557432
26 1.575829
27 1.591384
28 1.610834
29 1.628354
30 1.645366
31 1.662306
32 1.681282
33 1.700283
34 1.718833
35 1.736898
36 1.753554
37 1.771844
38 1.788974
39 1.807323
40 1.824879
41 1.841689
42 1.859576
43 1.876966
44 1.894948
45 1.913937
46 1.930474
47 1.949368
48 1.966806
49 1.982870
50 1.999349
51 2.015413
52 2.033679
53 2.047991
54 2.062600
55 2.076971
56 2.092964
57 2.108591
58 2.122713
59 2.138103
60 2.154700
61 2.170445
62 2.184946
63 2.198347
64 2.211369
65 2.224663
66 2.237721
67 2.250257
68 2.262438
69 2.273886
70 2.287594
71 2.300285
72 2.300226
73 2.299800
74 2.300391
75 2.299148
76 2.299468
77 2.299362
78 2.301102
79 2.300095
80 2.300190
81 2.298628
82 2.297681
83 2.299362
84 2.300190
85 2.299362
86 2.299800
87 2.299977
88 2.300095
89 2.300273
90 2.298959
91 2.299077
92 2.298154
93 2.300273
94 2.300960
95 2.300462
96 2.299480
97 2.300084
98 2.299965
99 2.299551
100 2.301114
101 2.299362
102 2.299338
103 2.302143
104 2.299977
105 2.300403
106 2.299125
107 2.300320
108 2.299906
109 2.301599
110 2.299385
111 2.298462
112 2.302226
113 2.299705
114 2.300226
115 2.299006
116 2.301066
117 2.299906
118 2.299492
119 2.300841
120 2.300557
121 2.300415
122 2.301315
123 2.298628
124 2.300557
125 2.299219
126 2.301279
127 2.300167
128 2.298261
129 2.301895
130 2.301291
131 2.299480
132 2.299492
133 2.300439
134 2.300782
135 2.299551
136 2.300581
137 2.299752
138 2.301552
139 2.301824
140 2.301587
141 2.299586
142 2.301694
143 2.302380
144 2.299906
145 2.300297
146 2.300155
147 2.300202
148 2.301149
149 2.300995
150 2.301114
151 2.299575
152 2.301031
153 2.299397
154 2.301717
155 2.299456
156 2.301374
157 2.300758
158 2.299811
159 2.299148
160 2.301125
161 2.301658
162 2.300912
163 2.300309
164 2.301149
165 2.300344
166 2.298568
167 2.301232
168 2.299717
169 2.299764
170 2.298403
171 2.300545
172 2.299882
173 2.300131
174 2.300628
175 2.298852
176 2.301267
177 2.299776
178 2.301066
179 2.299362
180 2.300095
181 2.301374
182 2.299776
183 2.298497
184 2.301066
185 2.300924
186 2.301338
187 2.300273
188 2.301421
189 2.298983
190 2.301433
191 2.300155
192 2.300024
193 2.299160
194 2.299219
195 2.300498
196 2.299752
197 2.300001
198 2.301256
199 2.299953
200 2.299835
201 2.299894
202 2.300995
203 2.300415
204 2.299800
205 2.300960
206 2.298758
207 2.300380
208 2.301125
209 2.299871
210 2.300510
211 2.299290
212 2.300249
213 2.299575
214 2.300960
215 2.299160
216 2.299338
217 2.300948
218 2.300320
219 2.300664
220 2.299906
221 2.299267
222 2.297799
223 2.300072
224 2.299563
225 2.300498
226 2.299160
227 2.300569
228 2.301232
229 2.299137
230 2.299314
231 2.299101
232 2.299527
233 2.299160
234 2.300593
235 2.297799
236 2.301137
237 2.297314
238 2.298497
239 2.300249
240 2.297988
241 2.300332
242 2.301457
243 2.299480
244 2.299551
245 2.299042
246 2.301114
247 2.300782
248 2.299788
249 2.298426
250 2.300131
251 2.299942
252 2.299255
253 2.298201
254 2.300427
255 2.298012
256 2.299882
257 2.299492
258 2.299953
259 2.298249
260 2.298568
261 2.299350
262 2.299894
263 2.297929
264 2.298509
265 2.298296
266 2.300427
267 2.300794
268 2.298272
269 2.299077
270 2.299859
271 2.298071
272 2.300676
273 2.299196
274 2.298852
275 2.299444
276 2.300273
277 2.300699
278 2.299196
279 2.300013
280 2.298734
281 2.300273
282 2.299326
283 2.298450
284 2.298462
285 2.301552
286 2.299373
287 2.298852
288 2.299669
289 2.298367
290 2.299800
291 2.300983
292 2.298746
293 2.296816
294 2.298403
295 2.299681
296 2.298639
297 2.298343
298 2.298912
299 2.298462
300 2.298734
301 2.300107
302 2.299882
303 2.299657
304 2.298734
305 2.298119
306 2.297089
307 2.298912
308 2.298545
309 2.298829
310 2.299421
311 2.300368
312 2.299942
313 2.298663
314 2.297917
315 2.298971
316 2.296461
317 2.299338
318 2.299243
319 2.297669
320 2.297775
321 2.299859
322 2.298687
323 2.299728
324 2