1 0.989512
2 0.984510
3 0.982988
4 0.983124
5 0.983864
6 0.983678
7 0.983010
8 0.982146
9 0.981552
10 0.980124
11 0.979238
12 0.977724
13 0.976562
14 0.975360
15 0.974938
16 0.974390
17 0.973408
18 0.973240
19 0.973086
20 0.973532
21 0.973090
22 0.973562
23 0.973718
24 0.974608
25 0.975640
26 0.976176
27 0.977202
28 0.977534
29 0.977916
30 0.978244
31 0.979270
32 0.979996
33 0.981270
34 0.982708
35 0.983888
36 0.985120
37 0.986822
38 0.988326
39 0.989862
40 0.991930
41 0.993016
42 0.994490
43 0.996344
44 0.997390
45 0.998808
46 1.000868
47 1.001420
48 1.002988
49 1.004704
50 1.006724
51 1.009314
52 1.011748
53 1.013188
54 1.015734
55 1.017632
56 1.019474
57 1.021710
58 1.023524
59 1.025390
60 1.026742
61 1.028184
62 1.030242
63 1.032248
64 1.034430
65 1.036400
66 1.038346
67 1.039346
68 1.041216
69 1.043046
70 1.044864
71 1.046286
72 1.047600
73 1.049180
74 1.051650
75 1.053370
76 1.055062
77 1.056592
78 1.058746
79 1.060282
80 1.061692
81 1.063796
82 1.065870
83 1.066926
84 1.069112
85 1.070474
86 1.072186
87 1.073764
88 1.075832
89 1.077404
90 1.079092
91 1.080688
92 1.081842
93 1.083296
94 1.084416
95 1.086080
96 1.087798
97 1.088824
98 1.090552
99 1.091672
100 1.093172
101 1.094552
102 1.095876
103 1.096816
104 1.098352
105 1.099528
106 1.101076
107 1.102352
108 1.103524
109 1.104798
110 1.105690
111 1.105910
112 1.106736
113 1.107580
114 1.108750
115 1.110124
116 1.111748
117 1.112916
118 1.113430
119 1.113418
120 1.114824
121 1.115520
122 1.116668
123 1.118218
124 1.119142
125 1.119376
126 1.120262
127 1.121216
128 1.122056
129 1.122410
130 1.123114
131 1.124042
132 1.125040
133 1.126298
134 1.126782
135 1.127498
136 1.128854
137 1.129430
138 1.130200
139 1.130756
140 1.131578
141 1.131636
142 1.132562
143 1.133556
144 1.133914
145 1.134774
146 1.135538
147 1.136058
148 1.136568
149 1.137278
150 1.137798
151 1.138474
152 1.138968
153 1.139686
154 1.139786
155 1.140728
156 1.141170
157 1.141392
158 1.141904
159 1.142642
160 1.143614
161 1.144476
162 1.145028
163 1.145054
164 1.144712
165 1.145406
166 1.145938
167 1.146222
168 1.147366
169 1.147902
170 1.148272
171 1.148552
172 1.149120
173 1.149264
174 1.149566
175 1.149928
176 1.150532
177 1.151362
178 1.151820
179 1.152080
180 1.152910
181 1.152806
182 1.153320
183 1.153180
184 1.153544
185 1.153622
186 1.153312
187 1.153338
188 1.153506
189 1.154012
190 1.154182
191 1.154470
192 1.154710
193 1.154668
194 1.155332
195 1.155822
196 1.156168
197 1.156366
198 1.156670
199 1.156866
200 1.157096
201 1.157280
202 1.157706
203 1.157896
204 1.158302
205 1.158722
206 1.158580
207 1.158290
208 1.158768
209 1.158372
210 1.158952
211 1.159654
212 1.159812
213 1.159914
214 1.160106
215 1.160970
216 1.160486
217 1.160610
218 1.161210
219 1.161876
220 1.162522
221 1.162742
222 1.162974
223 1.163158
224 1.163866
225 1.164372
226 1.164056
227 1.164620
228 1.164734
229 1.165658
230 1.165558
231 1.165818
232 1.165666
233 1.165700
234 1.166012
235 1.166136
236 1.165808
237 1.166038
238 1.166144
239 1.166870
240 1.167078
241 1.167078
242 1.167130
243 1.167078
244 1.167574
245 1.167458
246 1.167910
247 1.167414
248 1.167410
249 1.167720
250 1.167248
251 1.167500
252 1.167844
253 1.168596
254 1.168866
255 1.169614
256 1.169996
257 1.170552
258 1.169754
259 1.169984
260 1.170038
261 1.170268
262 1.170586
263 1.170630
264 1.171012
265 1.170890
266 1.170620
267 1.170344
268 1.170316
269 1.170818
270 1.170810
271 1.170894
272 1.170548
273 1.170916
274 1.171016
275 1.171302
276 1.171078
277 1.170808
278 1.171756
279 1.171626
280 1.171622
281 1.171254
282 1.171006
283 1.170992
284 1.171560
285 1.172354
286 1.172534
287 1.172646
288 1.173586
289 1.173138
290 1.172896
291 1.172968
292 1.172318
293 1.171858
294 1.171814
295 1.171626
296 1.171964
297 1.171716
298 1.171906
299 1.171728
300 1.171764
301 1.172186
302 1.172178
303 1.171842
304 1.171632
305 1.170958
306 1.170544
307 1.170744
308 1.170888
309 1.170576
310 1.170738
311 1.171054
312 1.171470
313 1.171566
314 1.171722
315 1.171998
316 1.172550
317 1.172650
318 1.172664
319 1.173024
320 1.172056
321 1.172266
322 1.172908
323 1.173222
324 1.172810
325 1.173122
326 1.173410
327 1.173556
328 1.173992
329 1.174436
330 1.174032
331 1.173858
332 1.173064
333 1.173538
334 1.173202
335 1.173412
336 1.174208
337 1.174240
338 1.174206
339 1.174202
340 1.173820
341 1.174078
342 1.174356
343 1.174412
344 1.174666
345 1.174364
346 1.174174
347 1.174496
348 1.174056
349 1.174222
350 1.174480
351 1.174418
352 1.174326
353 1.174626
354 1.174370
355 1.174828
356 1.175192
357 1.174824
358 1.175000
359 1.174724
360 1.174548
361 1.174416
362 1.174804
363 1.174706
364 1.174568
365 1.174608
366 1.174678
367 1.174520
368 1.174142
369 1.173948
370 1.174658
371 1.174348
372 1.175076
373 1.174900
374 1.175098
375 1.175098
376 1.176064
377 1.175950
378 1.176642
379 1.176936
380 1.176944
381 1.176696
382 1.176624
383 1.176060
384 1.175372
385 1.175628
386 1.175994
387 1.176020
388 1.175604
389 1.175158
390 1.175596
391 1.175548
392 1.175050
393 1.175414
394 1.175716
395 1.176052
396 1.175796
397 1.175866
398 1.175650
399 1.175546
400 1.176742
401 1.176466
402 1.176756
403 1.176880
404 1.177050
405 1.176864
406 1.177096
407 1.177104
408 1.177452
409 1.177370
410 1.177154
411 1.177002
412 1.177544
413 1.177580
414 1.177868
415 1.178358
416 1.178022
417 1.177446
418 1.177620
419 1.177716
420 1.178014
421 1.177886
422 1.178156
423 1.177756
424 1.177670
425 1.178232
426 1.177650
427 1.177658
428 1.177624
429 1.177060
430 1.176512
431 1.176460
432 1.177634
433 1.177542
434 1.177092
435 1.177120
436 1.177882
437 1.177936
438 1.178312
439 1.178232
440 1.177740
441 1.178294
442 1.178054
443 1.178312
444 1.178280
445 1.177656
446 1.177492
447 1.177470
448 1.178048
449 1.178402
450 1.178070
451 1.177600
452 1.176994
453 1.176858
454 1.176826
455 1.176586
456 1.176614
457 1.176326
458 1.176374
459 1.176574
460 1.176958
461 1.177192
462 1.177542
463 1.177638
464 1.178496
465 1.178250
466 1.178408
467 1.178200
468 1.177622
469 1.177754
470 1.177962
471 1.177922
472 1.178192
473 1.177986
474 1.177596
475 1.178286
476 1.178508
477 1.178588
478 1.178406
479 1.178556
480 1.179014
481 1.178698
482 1.178534
483 1.178274
484 1.178096
485 1.179048
486 1.179296
487 1.179382
488 1.179336
489 1.179552
490 1.178700
491 1.178846
492 1.179212
493 1.179204
494 1.179306
495 1.179028
496 1.179400
497 1.179184
498 1.179192
499 1.179088
500 1.178674
501 1.178780
502 1.179212
503 1.178992
504 1.178790
505 1.179666
506 1.179064
507 1.179782
508 1.179158
509 1.178098
510 1.178160
511 1.178018
512 1.178238
513 1.178686
514 1.179332
515 1.178936
516 1.179610
517 1.179758
518 1.180446
519 1.181050
520 1.180306
521 1.180412
522 1.180180
523 1.180230
524 1.179700
525 1.179090
526 1.179008
527 1.179208
528 1.179202
529 1.179334
530 1.179356
531 1.179400
532 1.180108
533 1.180322
534 1.180524
535 1.180930
536 1.181500
537 1.181580
538 1.181460
539 1.181644
540 1.181842
541 1.181958
542 1.181400
543 1.181310
544 1.181730
545 1.181064
546 1.180590
547 1.180476
548 1.180648
549 1.181020
550 1.180434
551 1.180408
552 1.180824
553 1.180718
554 1.180694
555 1.180742
556 1.181842
557 1.181602
558 1.181010
559 1.180848
560 1.181022
561 1.180760
562 1.181162
563 1.180938
564 1.181222
565 1.181152
566 1.181166
567 1.180426
568 1.180216
569 1.179940
570 1.179826
571 1.179188
572 1.179568
573 1.180712
574 1.180756
575 1.180292
576 1.180876
577 1.180564
578 1.181450
579 1.181080
580 1.180708
581 1.179966
582 1.179884
583 1.180288
584 1.180810
585 1.180654
586 1.180396
587 1.179896
588 1.179624
589 1.180376
590 1.180182
591 1.180816
592 1.181280
593 1.181284
594 1.181048
595 1.181000
596 1.181168
597 1.181088
598 1.181234
599 1.180942
600 1.181368
601 1.181156
602 1.180488
603 1.180340
604 1.181008
605 1.180776
606 1.180854
607 1.180546
608 1.180348
609 1.180314
610 1.180648
611 1.180242
612 1.180172
613 1.180610
614 1.180470
615 1.180510
616 1.181104
617 1.181026
618 1.180354
619 1.180776
620 1.180896
621 1.181090
622 1.181556
623 1.181168
624 1.181304
625 1.181408
626 1.181434
627 1.180736
628 1.181344
629 1.181428
630 1.181322
631 1.181678
632 1.181734
633 1.181450
634 1.181458
635 1.181640
636 1.181120
637 1.181674
638 1.181452
639 1.181816
640 1.181692
641 1.181734
642 1.181896
643 1.181484
644 1.181376
645 1.182028
646 1.181438
647 1.181648
648 1.181252
649 1.181452
650 1.181474
651 1.181590
652 1.182214
653 1.182592
654 1.182652
655 1.182242
656 1.182226
657 1.182152
658 1.181814
659 1.181822
660 1.182024
661 1.181276
662 1.181100
663 1.181186
664 1.180710
665 1.180468
666 1.180308
667 1.179746
668 1.179854
669 1.179856
670 1.180444
671 1.180010
672 1.179856
673 1.180514
674 1.180456
675 1.181106
676 1.181018
677 1.180838
678 1.180590
679 1.181024
680 1.181480
681 1.181086
682 1.181504
683 1.180706
684 1.181100
685 1.181630
686 1.181850
687 1.181966
688 1.181716
689 1.181714
690 1.181462
691 1.180980
692 1.181574
693 1.181930
694 1.181698
695 1.181516
696 1.181230
697 1.180728
698 1.181014
699 1.181198
700 1.181576
701 1.181722
702 1.181752
703 1.182172
704 1.182268
705 1.181996
706 1.181964
707 1.181560
708 1.182280
709 1.182578
710 1.182556
711 1.182528
712 1.183162
713 1.183096
714 1.183408
715 1.183316
716 1.183766
717 1.183872
718 1.183788
719 1.183436
720 1.183430
721 1.183530
722 1.183282
723 1.183072
724 1.182608
725 1.182674
726 1.182586
727 1.182682
728 1.182272
729 1.181818
730 1.182058
731 1.181696
732 1.181970
733 1.182256
734 1.182124
735 1.182020
736 1.182318
737 1.181524
738 1.181220
739 1.181130
740 1.181376
741 1.181630
742 1.181930
743 1.182060
744 1.181936
745 1.183206
746 1.182376
747 1.182562
748 1.183172
749 1.183638
750 1.183632
751 1.183528
752 1.183862
753 1.183430
754 1.183156
755 1.182920
756 1.183212
757 1.183536
758 1.183736
759 1.183638
760 1.183560
761 1.183106
762 1.182810
763 1.183346
764 1.183574
765 1.183924
766 1.183710
767 1.184396
768 1.184780
769 1.185310
770 1.184802
771 1.185098
772 1.184916
773 1.184570
774 1.184218
775 1.184478
776 1.184624
777 1.185006
778 1.185048
779 1.184628
780 1.184990
781 1.184484
782 1.184180
783 1.183738
784 1.184162
785 1.184188
786 1.184388
787 1.183916
788 1.184526
789 1.184226
790 1.184006
791 1.183652
792 1.183100
793 1.182560
794 1.182980
795 1.183416
796 1.183350
797 1.182796
798 1.182346
799 1.182576
800 1.181830
801 1.181370
802 1.180910
803 1.181364
804 1.181328
805 1.182010
806 1.182352
807 1.182074
808 1.181976
809 1.182520
810 1.182006
811 1.181918
812 1.182594
813 1.182230
814 1.182688
815 1.183104
816 1.182786
817 1.182482
818 1.182916
819 1.182540
820 1.182440
821 1.182386
822 1.182882
823 1.183112
824 1.183340
825 1.183038
826 1.182984
827 1.182694
828 1.182938
829 1.183452
830 1.183690
831 1.184046
832 1.183786
833 1.183844
834 1.183978
835 1.184100
836 1.182962
837 1.182594
838 1.182280
839 1.181694
840 1.181408
841 1.180808
842 1.181206
843 1.180786
844 1.181280
845 1.182084
846 1.181396
847 1.181030
848 1.180810
849 1.180476
850 1.180784
851 1.180572
852 1.180700
853 1.180488
854 1.180510
855 1.180404
856 1.179740
857 1.180014
858 1.180214
859 1.180548
860 1.180758
861 1.181324
862 1.181080
863 1.180688
864 1.180384
865 1.180568
866 1.180068
867 1.180280
868 1.180596
869 1.180568
870 1.180882
871 1.181340
872 1.181202
873 1.181554
874 1.182136
875 1.182590
876 1.183048
877 1.183236
878 1.182942
879 1.182670
880 1.182396
881 1.182310
882 1.181620
883 1.182226
884 1.182428
885 1.182762
886 1.182786
887 1.182284
888 1.181500
889 1.181738
890 1.181962
891 1.182030
892 1.181804
893 1.181500
894 1.181432
895 1.181554
896 1.181424
897 1.181510
898 1.181982
899 1.181548
900 1.182164
901 1.182618
902 1.182926
903 1.183072
904 1.182952
905 1.183074
906 1.183738
907 1.183466
908 1.183402
909 1.183580
910 1.182976
911 1.182732
912 1.182936
913 1.183164
914 1.182920
915 1.182914
916 1.182916
917 1.182786
918 1.182936
919 1.182662
920 1.183184
921 1.182492
922 1.182330
923 1.182442
924 1.182610
925 1.182262
926 1.181996
927 1.182836
928 1.183374
929 1.183468
930 1.183432
931 1.182538
932 1.182268
933 1.181512
934 1.181682
935 1.182106
936 1.182186
937 1.181972
938 1.181556
939 1.181758
940 1.181646
941 1.180718
942 1.180904
943 1.180818
944 1.180704
945 1.180312
946 1.179962
947 1.180394
948 1.180270
949 1.180918
950 1.181308
951 1.181214
952 1.181144
953 1.180746
954 1.180794
955 1.180908
956 1.180928
957 1.181168
958 1.181344
959 1.181144
960 1.181358
961 1.181132
962 1.180812
963 1.181138
964 1.181210
965 1.181588
966 1.181468
967 1.181608
968 1.181968
969 1.182068
970 1.182562
971 1.183240
972 1.183036
973 1.183208
974 1.183256
975 1.183090
976 1.183470
977 1.182618
978 1.182252
979 1.182540
980 1.182972
981 1.182606
982 1.183096
983 1.182514
984 1.181720
985 1.182050
986 1.181330
987 1.181508
988 1.180360
989 1.180536
990 1.180220
991 1.180358
992 1.179678
993 1.180092
994 1.180132
995 1.180066
996 1.180446
997 1.180388
998 1.180222
999 1.179824
1000 1.179962
1001 1.179574
1002 1.179830
1003 1.179488
1004 1.179960
1005 1.179950
1006 1.180122
1007 1.180556
1008 1.180046
1009 1.180368
1010 1.180836
1011 1.181172
1012 1.180534
1013 1.180592
1014 1.180216
1015 1.180324
1016 1.180326
1017 1.180620
1018 1.181070
1019 1.181712
1020 1.181658
1021 1.182092
1022 1.182092
1023 1.181934
1024 1.182194
1025 1.181696
1026 1.182110
1027 1.181546
1028 1.181644
1029 1.181714
1030 1.181574
1031 1.181282
1032 1.180618
1033 1.180958
1034 1.180924
1035 1.181000
1036 1.180860
1037 1.180788
1038 1.180656
1039 1.180730
1040 1.180362
1041 1.180566
1042 1.180942
1043 1.181166
1044 1.181414
1045 1.180798
1046 1.181112
1047 1.181250
1048 1.181346
1049 1.181040
1050 1.180984
1051 1.180808
1052 1.180820
1053 1.181628
1054 1.181936
1055 1.182092
1056 1.181608
1057 1.181680
1058 1.182240
1059 1.182484
1060 1.181978
1061 1.182446
1062 1.181962
1063 1.182148
1064 1.182118
1065 1.182082
1066 1.181674
1067 1.181484
1068 1.181120
1069 1.181212
1070 1.181006
1071 1.181046
1072 1.181772
1073 1.181474
1074 1.180938
1075 1.181008
1076 1.181098
1077 1.180726
1078 1.180678
1079 1.181124
1080 1.180960
1081 1.180920
1082 1.180780
1083 1.181356
1084 1.181238
1085 1.181180
1086 1.181214
1087 1.181126
1088 1.181468
1089 1.181028
1090 1.180870
1091 1.180530
1092 1.180714
1093 1.180928
1094 1.180596
1095 1.180918
1096 1.181214
1097 1.181358
1098 1.181562
1099 1.181782
1100 1.182204
1101 1.182394
1102 1.181402
1103 1.182094
1104 1.181890
1105 1.181894
1106 1.181712
1107 1.181922
1108 1.181814
1109 1.181984
1110 1.182074
1111 1.182142
1112 1.182846
1113 1.182702
1114 1.182760
1115 1.183126
1116 1.182934
1117 1.183032
1118 1.182284
1119 1.182134
1120 1.182106
1121 1.182286
1122 1.182096
1123 1.181680
1124 1.180270
1125 1.179758
1126 1.180108
1127 1.180060
1128 1.179840
1129 1.180250
1130 1.180204
1131 1.180840
1132 1.181452
1133 1.181678
1134 1.182312
1135 1.183020
1136 1.183152
1137 1.183484
1138 1.183818
1139 1.184164
1140 1.183808
1141 1.183538
1142 1.183178
1143 1.183396
1144 1.182986
1145 1.182580
1146 1.182370
1147 1.182036
1148 1.181298
1149 1.181238
1150 1.181374
1151 1.180710
1152 1.181442
1153 1.181226
1154 1.181478
1155 1.180852
1156 1.181388
1157 1.181552
1158 1.180978
1159 1.180986
1160 1.181612
1161 1.181410
1162 1.181466
1163 1.182180
1164 1.181240
1165 1.181096
1166 1.181392
1167 1.181924
1168 1.182162
1169 1.182388
1170 1.182204
1171 1.182564
1172 1.182692
1173 1.183264
1174 1.182956
1175 1.183298
1176 1.183204
1177 1.182938
1178 1.182814
1179 1.182566
1180 1.182186
1181 1.181718
1182 1.181108
1183 1.180758
1184 1.180634
1185 1.180726
1186 1.181178
1187 1.180998
1188 1.181180
1189 1.181556
1190 1.181820
1191 1.181638
1192 1.181332
1193 1.181114
1194 1.180980
1195 1.182072
1196 1.181350
1197 1.181424
1198 1.181458
1199 1.181356
1200 1.181410
1201 1.180724
1202 1.180376
1203 1.180090
1204 1.180302
1205 1.180120
1206 1.180480
1207 1.180460
1208 1.181254
1209 1.180966
1210 1.180866
1211 1.180550
1212 1.180420
1213 1.181006
1214 1.180626
1215 1.181120
1216 1.181422
1217 1.181568
1218 1.181624
1219 1.181760
1220 1.181860
1221 1.181342
1222 1.181262
1223 1.180974
1224 1.181338
1225 1.181398
1226 1.181286
1227 1.181144
1228 1.180748
1229 1.180784
1230 1.180470
1231 1.180768
1232 1.181058
1233 1.181058
1234 1.180714
1235 1.181404
1236 1.181828
1237 1.181524
1238 1.180862
1239 1.181128
1240 1.181100
1241 1.181430
1242 1.181710
1243 1.182194
1244 1.182886
1245 1.182910
1246 1.183046
1247 1.183828
1248 1.183492
1249 1.183556
1250 1.183898
1251 1.184508
1252 1.184050
1253 1.183958
1254 1.183074
1255 1.183254
1256 1.183456
1257 1.183474
1258 1.183214
1259 1.182714
1260 1.182706
1261 1.182970
1262 1.182650
1263 1.182602
1264 1.183176
1265 1.182794
1266 1.182934
1267 1.182598
1268 1.181600
1269 1.181122
1270 1.180978
1271 1.181000
1272 1.180852
1273 1.180962
1274 1.180268
1275 1.179624
1276 1.180400
1277 1.180088
1278 1.180868
1279 1.180882
1280 1.180616
1281 1.181082
1282 1.180886
1283 1.180556
1284 1.180492
1285 1.181030
1286 1.181886
1287 1.181854
1288 1.181358
1289 1.181556
1290 1.182036
1291 1.182220
1292 1.182090
1293 1.181426
1294 1.181766
1295 1.181278
1296 1.181756
1297 1.181944
1298 1.182030
1299 1.181632
1300 1.181952
1301 1.182674
1302 1.182868
1303 1.183350
1304 1.183806
1305 1.183422
1306 1.183438
1307 1.182544
1308 1.182634
1309 1.182644
1310 1.182506
1311 1.182414
1312 1.182200
1313 1.182130
1314 1.182348
1315 1.181690
1316 1.181012
1317 1.181188
1318 1.181326
1319 1.181598
1320 1.181688
1321 1.182108
1322 1.181816
1323 1.181898
1324 1.181468
1325 1.181242
1326 1.181496
1327 1.181900
1328 1.181730
1329 1.181732
1330 1.182002
1331 1.182742
1332 1.183078
1333 1.182762
1334 1.183056
1335 1.183816
1336 1.183912
1337 1.182944
1338 1.183042
1339 1.182694
1340 1.182194
1341 1.182586
1342 1.182252
1343 1.182188
1344 1.181724
1345 1.181732
1346 1.181568
1347 1.182380
1348 1.182270
1349 1.182200
1350 1.182178
1351 1.182318
1352 1.182290
1353 1.181736
1354 1.182164
1355 1.181686
1356 1.181562
1357 1.182394
1358 1.181948
1359 1.181760
1360 1.181294
1361 1.181576
1362 1.180984
1363 1.180970
1364 1.181632
1365 1.181560
1366 1.181642
1367 1.181234
1368 1.181586
1369 1.180920
1370 1.181466
1371 1.181242
1372 1.181092
1373 1.180780
1374 1.180532
1375 1.179808
1376 1.179838
1377 1.179314
1378 1.179316
1379 1.179582
1380 1.178968
1381 1.179422
1382 1.179312
1383 1.179682
1384 1.179618
1385 1.179856
1386 1.179722
1387 1.179638
1388 1.180358
1389 1.180042
1390 1.180694
1391 1.180954
1392 1.181848
1393 1.181200
1394 1.181150
1395 1.180892
1396 1.180930
1397 1.181334
1398 1.180952
1399 1.181410
1400 1.181566
1401 1.181604
1402 1.181084
1403 1.180192
1404 1.179816
1405 1.179490
1406 1.180032
1407 1.180178
1408 1.180094
1409 1.179864
1410 1.179848
1411 1.180460
1412 1.181266
1413 1.181382
1414 1.181704
1415 1.181432
1416 1.181680
1417 1.181650
1418 1.181682
1419 1.181736
1420 1.182070
1421 1.182366
1422 1.182248
1423 1.182188
1424 1.182458
1425 1.182402
1426 1.183188
1427 1.182738
1428 1.182808
1429 1.183048
1430 1.182750
1431 1.182350
1432 1.182692
1433 1.182616
1434 1.182500
1435 1.183228
1436 1.182848
1437 1.182734
1438 1.182750
1439 1.182470
1440 1.182612
1441 1.182566
1442 1.182102
1443 1.181836
1444 1.182062
1445 1.181888
1446 1.182168
1447 1.181590
1448 1.180958
1449 1.180640
1450 1.181088
1451 1.181008
1452 1.181424
1453 1.181520
1454 1.182316
1455 1.182362
1456 1.182236
1457 1.183060
1458 1.183198
1459 1.183146
1460 1.183264
1461 1.183394
1462 1.183288
1463 1.182760
1464 1.182428
1465 1.182162
1466 1.182872
1467 1.182550
1468 1.182166
1469 1.181806
1470 1.181664
1471 1.181762
1472 1.181466
1473 1.181190
1474 1.181068
1475 1.180762
1476 1.181274
1477 1.181740
1478 1.181472
1479 1.181656
1480 1.182016
1481 1.181650
1482 1.181658
1483 1.181588
1484 1.182074
1485 1.181274
1486 1.181032
1487 1.181390
1488 1.181142
1489 1.181458
1490 1.181002
1491 1.181268
1492 1.181486
1493 1.181554
1494 1.181110
1495 1.180974
1496 1.180704
1497 1.179914
1498 1.179514
1499 1.179662
1500 1.180100
1501 1.179174
1502 1.179610
1503 1.179462
1504 1.179424
1505 1.179932
1506 1.179790
1507 1.179742
1508 1.180148
1509 1.180456
1510 1.180472
1511 1.180168
1512 1.180218
1513 1.180550
1514 1.181124
1515 1.181570
1516 1.181972
1517 1.181832
1518 1.182128
1519 1.181548
1520 1.181986
1521 1.181652
1522 1.181176
1523 1.180802
1524 1.180204
1525 1.180462
1526 1.180890
1527 1.180966
1528 1.181042
1529 1.181068
1530 1.180910
1531 1.180602
1532 1.180270
1533 1.180906
1534 1.180794
1535 1.180804
1536 1.180304
1537 1.180712
1538 1.180804
1539 1.180898
1540 1.181168
1541 1.181224
1542 1.181094
1543 1.181430
1544 1.181444
1545 1.181936
1546 1.181668
1547 1.181976
1548 1.181782
1549 1.181770
1550 1.181404
1551 1.181950
1552 1.181598
1553 1.181040
1554 1.180972
1555 1.180904
1556 1.180782
1557 1.181204
1558 1.181212
1559 1.181704
1560 1.181198
1561 1.181666
1562 1.181364
1563 1.181854
1564 1.181186
1565 1.180964
1566 1.180676
1567 1.180300
1568 1.180084
1569 1.180228
1570 1.180048
1571 1.180782
1572 1.181482
1573 1.181752
1574 1.181898
1575 1.181390
1576 1.181516
1577 1.181250
1578 1.181520
1579 1.181622
1580 1.181902
1581 1.181642
1582 1.181184
1583 1.180920
1584 1.181346
1585 1.181910
1586 1.181576
1587 1.181080
1588 1.181456
1589 1.182062
1590 1.182010
1591 1.181736
1592 1.181950
1593 1.181550
1594 1.181998
1595 1.182022
1596 1.181686
1597 1.181662
1598 1.181500
1599 1.182168
1600 1.182242
1601 1.181928
1602 1.181946
1603 1.181836
1604 1.181616
1605 1.182122
1606 1.181350
1607 1.181212
1608 1.181736
1609 1.182444
1610 1.183172
1611 1.183556
1612 1.183772
1613 1.183870
1614 1.184334
1615 1.184138
1616 1.184214
1617 1.184344
1618 1.184078
1619 1.183714
1620 1.183940
1621 1.183616
1622 1.183036
1623 1.182594
1624 1.182658
1625 1.182362
1626 1.182330
1627 1.182332
1628 1.182028
1629 1.181754
1630 1.181836
1631 1.182344
1632 1.182110
1633 1.182628
1634 1.182734
1635 1.183096
1636 1.184030
1637 1.183974
1638 1.183880
1639 1.183166
1640 1.183038
1641 1.182356
1642 1.182252
1643 1.182054
1644 1.181766
1645 1.181846
1646 1.181550
1647 1.181256
1648 1.181186
1649 1.181764
1650 1.181790
1651 1.181912
1652 1.181996
1653 1.182260
1654 1.182736
1655 1.183060
1656 1.183032
1657 1.183316
1658 1.183196
1659 1.183190
1660 1.183352
1661 1.183006
1662 1.183268
1663 1.182946
1664 1.183652
1665 1.184404
1666 1.183898
1667 1.183928
1668 1.184130
1669 1.184286
1670 1.184146
1671 1.184196
1672 1.183916
1673 1.183394
1674 1.183374
1675 1.183226
1676 1.183152
1677 1.183876
1678 1.183172
1679 1.182852
1680 1.182550
1681 1.182952
1682 1.182994
1683 1.183114
1684 1.182906
1685 1.182918
1686 1.183240
1687 1.182592
1688 1.182608
1689 1.182038
1690 1.182086
1691 1.181786
1692 1.182264
1693 1.182370
1694 1.182020
1695 1.182252
1696 1.182878
1697 1.182954
1698 1.183060
1699 1.183826
1700 1.182908
1701 1.182896
1702 1.182416
1703 1.182456
1704 1.182260
1705 1.182476
1706 1.182696
1707 1.182260
1708 1.182188
1709 1.182004
1710 1.182356
1711 1.182902
1712 1.182966
1713 1.182528
1714 1.182038
1715 1.182002
1716 1.182256
1717 1.182186
1718 1.182076
1719 1.181652
1720 1.181762
1721 1.181926
1722 1.181788
1723 1.182248
1724 1.182200
1725 1.182582
1726 1.182790
1727 1.182780
1728 1.182518
1729 1.182996
1730 1.183282
1731 1.183166
1732 1.183232
1733 1.183920
1734 1.184368
1735 1.184394
1736 1.184330
1737 1.184014
1738 1.184028
1739 1.183604
1740 1.183942
1741 1.184492
1742 1.184294
1743 1.184678
1744 1.185120
1745 1.185252
1746 1.184672
1747 1.184238
1748 1.184460
1749 1.184174
1750 1.184448
1751 1.185380
1752 1.185240
1753 1.185422
1754 1.185134
1755 1.185382
1756 1.185550
1757 1.185254
1758 1.185100
1759 1.184296
1760 1.183912
1761 1.183618
1762 1.183648
1763 1.183390
1764 1.183028
1765 1.183266
1766 1.183478
1767 1.183666
1768 1.183862
1769 1.183576
1770 1.183726
1771 1.183294
1772 1.183998
1773 1.183924
1774 1.183706
1775 1.183284
1776 1.183658
1777 1.183412
1778 1.182350
1779 1.182072
1780 1.182570
1781 1.182840
1782 1.183298
1783 1.184028
1784 1.184030
1785 1.184288
1786 1.184514
1787 1.184742
1788 1.184036
1789 1.183596
1790 1.183334
1791 1.183344
1792 1.183976
1793 1.183394
1794 1.183614
1795 1.183152
1796 1.182844
1797 1.182024
1798 1.181974
1799 1.182236
1800 1.181974
1801 1.182654
1802 1.182998
1803 1.182520
1804 1.182494
1805 1.182386
1806 1.182034
1807 1.182696
1808 1.182680
1809 1.182468
1810 1.182684
1811 1.182090
1812 1.181912
1813 1.181900
1814 1.182118
1815 1.182288
1816 1.181998
1817 1.181492
1818 1.181578
1819 1.181658
1820 1.181580
1821 1.181850
1822 1.181736
1823 1.182086
1824 1.182204
1825 1.182640
1826 1.183086
1827 1.183050
1828 1.183214
1829 1.183114
1830 1.183130
1831 1.183184
1832 1.183256
1833 1.183400
1834 1.183212
1835 1.182240
1836 1.182602
1837 1.182616
1838 1.182498
1839 1.182654
1840 1.182380
1841 1.182516
1842 1.182226
1843 1.182358
1844 1.182678
1845 1.183184
1846 1.182714
1847 1.183284
1848 1.182990
1849 1.182616
1850 1.182170
1851 1.182962
1852 1.183202
1853 1.183172
1854 1.183376
1855 1.183972
1856 1.184092
1857 1.183840
1858 1.183588
1859 1.183282
1860 1.182398
1861 1.182920
1862 1.182448
1863 1.182284
1864 1.182578
1865 1.182808
1866 1.182760
1867 1.183214
1868 1.183458
1869 1.183198
1870 1.183620
1871 1.183842
1872 1.183944
1873 1.184452
1874 1.184458
1875 1.183810
1876 1.183034
1877 1.182588
1878 1.182692
1879 1.182656
1880 1.182730
1881 1.182842
1882 1.183084
1883 1.182840
1884 1.182516
1885 1.183256
1886 1.183804
1887 1.183146
1888 1.183212
1889 1.183618
1890 1.183536
1891 1.183656
1892 1.183486
1893 1.183178
1894 1.182994
1895 1.183290
1896 1.183026
1897 1.182554
1898 1.182886
1899 1.182906
1900 1.183016
1901 1.182988
1902 1.183248
1903 1.183340
1904 1.183768
1905 1.183826
1906 1.183704
1907 1.183426
1908 1.183540
1909 1.183764
1910 1.183648
1911 1.184024
1912 1.184538
1913 1.184382
1914 1.184418
1915 1.184312
1916 1.184652
1917 1.185052
1918 1.185236
1919 1.185182
1920 1.184910
1921 1.184696
1922 1.185326
1923 1.184604
1924 1.184218
1925 1.183736
1926 1.183634
1927 1.183712
1928 1.183252
1929 1.183512
1930 1.183676
1931 1.183670
1932 1.183840
1933 1.183678
1934 1.184004
1935 1.183982
1936 1.183248
1937 1.183408
1938 1.183320
1939 1.183032
1940 1.182894
1941 1.183828
1942 1.183662
1943 1.183718
1944 1.183070
1945 1.182992
1946 1.183696
1947 1.183828
1948 1.184016
1949 1.183590
1950 1.183580
1951 1.183242
1952 1.183358
1953 1.182814
1954 1.182944
1955 1.182856
1956 1.183004
1957 1.182828
1958 1.183362
1959 1.183230
1960 1.182698
1961 1.183112
1962 1.182512
1963 1.182556
1964 1.182270
1965 1.181276
1966 1.181392
1967 1.181648
1968 1.181926
1969 1.181548
1970 1.181294
1971 1.181622
1972 1.182042
1973 1.181744
1974 1.181362
1975 1.181294
1976 1.181776
1977 1.182254
1978 1.182494
1979 1.182558
1980 1.183190
1981 1.182692
1982 1.182508
1983 1.182826
1984 1.182272
1985 1.182190
1986 1.182110
1987 1.182264
1988 1.182368
1989 1.183218
1990 1.183404
1991 1.183668
1992 1.183318
1993 1.183036
1994 1.183076
1995 1.183170
1996 1.183504
1997 1.183490
1998 1.183854
1999 1.183522
2000 1.183356
2001 1.183360
2002 1.182972
2003 1.182498
2004 1.182374
2005 1.182782
2006 1.182886
2007 1.182554
2008 1.182560
2009 1.182300
2010 1.181588
2011 1.181524
2012 1.181594
2013 1.182150
2014 1.182390
2015 1.182620
2016 1.182426
2017 1.182448
2018 1.182846
2019 1.182656
2020 1.182642
2021 1.182802
2022 1.182702
2023 1.182956
2024 1.183406
2025 1.183408
2026 1.183174
2027 1.183438
2028 1.182848
2029 1.182638
2030 1.182898
2031 1.183066
2032 1.182996
2033 1.183068
2034 1.182454
2035 1.182722
2036 1.182116
2037 1.182278
2038 1.182402
2039 1.182848
2040 1.182838
2041 1.182566
2042 1.182914
2043 1.183500
2044 1.183356
2045 1.183578
2046 1.183928
2047 1.183812
2048 1.183636
2049 1.183636
2050 1.183296
2051 1.182890
2052 1.182946
2053 1.183550
2054 1.183470
2055 1.183084
2056 1.183384
2057 1.183434
2058 1.183794
2059 1.184030
2060 1.183626
2061 1.183622
2062 1.184088
2063 1.184138
2064 1.184072
2065 1.184222
2066 1.184698
2067 1.184346
2068 1.183864
2069 1.184082
2070 1.183838
2071 1.183946
2072 1.183826
2073 1.184004
2074 1.184018
2075 1.184160
2076 1.183732
2077 1.183942
2078 1.184786
2079 1.184792
2080 1.184658
2081 1.184786
2082 1.185112
2083 1.185358
2084 1.185046
2085 1.184686
2086 1.184954
2087 1.184984
2088 1.184430
2089 1.184366
2090 1.184550
2091 1.184042
2092 1.183422
2093 1.183448
2094 1.183104
2095 1.182534
2096 1.183060
2097 1.182560
2098 1.182966
2099 1.182392
2100 1.182832
2101 1.182486
2102 1.182300
2103 1.182428
2104 1.182556
2105 1.182332
2106 1.182108
2107 1.182606
2108 1.181798
2109 1.182036
2110 1.181846
2111 1.181730
2112 1.182042
2113 1.181818
2114 1.181852
2115 1.181400
2116 1.181522
2117 1.181666
2118 1.181804
2119 1.181862
2120 1.182758
2121 1.181954
2122 1.181952
2123 1.181948
2124 1.181810
2125 1.182288
2126 1.181886
2127 1.182058
2128 1.182312
2129 1.182678
2130 1.182464
2131 1.181780
2132 1.181694
2133 1.181836
2134 1.182844
2135 1.183454
2136 1.182996
2137 1.183076
2138 1.182292
2139 1.182308
2140 1.181708
2141 1.181484
2142 1.181404
2143 1.181924
2144 1.182240
2145 1.182232
2146 1.182480
2147 1.182470
2148 1.182062
2149 1.181848
2150 1.181776
2151 1.182780
2152 1.183130
2153 1.183132
2154 1.183938
2155 1.183778
2156 1.183876
2157 1.183728
2158 1.183682
2159 1.183506
2160 1.183504
2161 1.183884
2162 1.183640
2163 1.183770
2164 1.183792
2165 1.183378
2166 1.182752
2167 1.183258
2168 1.183056
2169 1.183038
2170 1.182986
2171 1.183442
2172 1.183976
2173 1.184242
2174 1.183986
2175 1.183560
2176 1.183802
2177 1.184110
2178 1.183740
2179 1.183558
2180 1.183428
2181 1.183724
2182 1.183198
2183 1.182822
2184 1.182956
2185 1.182416
2186 1.182746
2187 1.182364
2188 1.181568
2189 1.181252
2190 1.181370
2191 1.181642
2192 1.181550
2193 1.181868
2194 1.182180
2195 1.182382
2196 1.181908
2197 1.182232
2198 1.182416
2199 1.182556
2200 1.182334
2201 1.182442
2202 1.183062
2203 1.183088
2204 1.183150
2205 1.182940
2206 1.182764
2207 1.182780
2208 1.182442
2209 1.182538
2210 1.182896
2211 1.183216
2212 1.183266
2213 1.182874
2214 1.183026
2215 1.182704
2216 1.182844
2217 1.182676
2218 1.182280
2219 1.182946
2220 1.183442
2221 1.183480
2222 1.183882
2223 1.183934
2224 1.184184
2225 1.184382
2226 1.184018
2227 1.184430
2228 1.184248
2229 1.183952
2230 1.184038
2231 1.184026
2232 1.183916
2233 1.183446
2234 1.184150
2235 1.184368
2236 1.184692
2237 1.184980
2238 1.184646
2239 1.184948
2240 1.185012
2241 1.184624
2242 1.184586
2243 1.184772
2244 1.184342
2245 1.184480
2246 1.184396
2247 1.184676
2248 1.185120
2249 1.184656
2250 1.183938
2251 1.183936
2252 1.184028
2253 1.184296
2254 1.184232
2255 1.184648
2256 1.184910
2257 1.184748
2258 1.185096
2259 1.184918
2260 1.184922
2261 1.184378
2262 1.184010
2263 1.183742
2264 1.184028
2265 1.184128
2266 1.183690
2267 1.183098
2268 1.183474
2269 1.183162
2270 1.183314
2271 1.183002
2272 1.182662
2273 1.182900
2274 1.182722
2275 1.182890
2276 1.182852
2277 1.182728
2278 1.182874
2279 1.182548
2280 1.182872
2281 1.182760
2282 1.183388
2283 1.183452
2284 1.183316
2285 1.183392
2286 1.183288
2287 1.183166
2288 1.183682
2289 1.183576
2290 1.184092
2291 1.183982
2292 1.184174
2293 1.184032
2294 1.184652
2295 1.184516
2296 1.184048
2297 1.184012
2298 1.183768
2299 1.183672
2300 1.183262
2301 1.182822
2302 1.182618
2303 1.182802
2304 1.182690
2305 1.182252
2306 1.181962
2307 1.182250
2308 1.182326
2309 1.182434
2310 1.183496
2311 1.184054
2312 1.184076
2313 1.183800
2314 1.183704
2315 1.183680
2316 1.183974
2317 1.184340
2318 1.184426
2319 1.184598
2320 1.183956
2321 1.184198
2322 1.184368
2323 1.184882
2324 1.184884
2325 1.183886
2326 1.184208
2327 1.183854
2328 1.184318
2329 1.183656
2330 1.183130
2331 1.183022
2332 1.182856
2333 1.182972
2334 1.183338
2335 1.183452
2336 1.183096
2337 1.183228
2338 1.182732
2339 1.182896
2340 1.182634
2341 1.182666
2342 1.181796
2343 1.181832
2344 1.182460
2345 1.182712
2346 1.183176
2347 1.183276
2348 1.183662
2349 1.183040
2350 1.182802
2351 1.182864
2352 1.183194
2353 1.183088
2354 1.183434
2355 1.182880
2356 1.182944
2357 1.182124
2358 1.182340
2359 1.182184
2360 1.181628
2361 1.181746
2362 1.180900
2363 1.180838
2364 1.181274
2365 1.181782
2366 1.181850
2367 1.181692
2368 1.181548
2369 1.181950
2370 1.181860
2371 1.181858
2372 1.181646
2373 1.182156
2374 1.182202
2375 1.182980
2376 1.182822
2377 1.182464
2378 1.182090
2379 1.182354
2380 1.182404
2381 1.182286
2382 1.181448
2383 1.181446
2384 1.181616
2385 1.181510
2386 1.181776
2387 1.181130
2388 1.180714
2389 1.180310
2390 1.180310
2391 1.180808
2392 1.180794
2393 1.180808
2394 1.180982
2395 1.180756
2396 1.180740
2397 1.181000
2398 1.180938
2399 1.180670
2400 1.180726
2401 1.181322
2402 1.181556
2403 1.181670
2404 1.181574
2405 1.181488
2406 1.181124
2407 1.181416
2408 1.182190
2409 1.182522
2410 1.182178
2411 1.181852
2412 1.182486
2413 1.182222
2414 1.182120
2415 1.182306
2416 1.182164
2417 1.182446
2418 1.182598
2419 1.183192
2420 1.183088
2421 1.181676
2422 1.181578
2423 1.181292
2424 1.180816
2425 1.180570
2426 1.180700
2427 1.181098
2428 1.180514
2429 1.180808
2430 1.181326
2431 1.181352
2432 1.181276
2433 1.182214
2434 1.182540
2435 1.182224
2436 1.182206
2437 1.182060
2438 1.182386
2439 1.182938
2440 1.182216
2441 1.182736
2442 1.182792
2443 1.182366
2444 1.182220
2445 1.182078
2446 1.182398
2447 1.182352
2448 1.182072
2449 1.182080
2450 1.182138
2451 1.182304
2452 1.182288
2453 1.182706
2454 1.182578
2455 1.182234
2456 1.181868
2457 1.182366
2458 1.182796
2459 1.182128
2460 1.181058
2461 1.180386
2462 1.180020
2463 1.180540
2464 1.180100
2465 1.179918
2466 1.180196
2467 1.180514
2468 1.180864
2469 1.180460
2470 1.180636
2471 1.181130
2472 1.181478
2473 1.181310
2474 1.181638
2475 1.182006
2476 1.182144
2477 1.182000
2478 1.182322
2479 1.182406
2480 1.182534
2481 1.182596
2482 1.183002
2483 1.182340
2484 1.182476
2485 1.182710
2486 1.182494
2487 1.182354
2488 1.182060
2489 1.182190
2490 1.181920
2491 1.182014
2492 1.182096
2493 1.182184
2494 1.182152
2495 1.181906
2496 1.182108
2497 1.182018
2498 1.181758
2499 1.181898
2500 1.182368
2501 1.182196
2502 1.182274
2503 1.182112
2504 1.182100
2505 1.182400
2506 1.182226
2507 1.182336
2508 1.181666
2509 1.181564
2510 1.181728
2511 1.182002
2512 1.182566
2513 1.182494
2514 1.182764
2515 1.182114
2516 1.182588
2517 1.182720
2518 1.182718
2519 1.182064
2520 1.182264
2521 1.181800
2522 1.182090
2523 1.181446
2524 1.181998
2525 1.181958
2526 1.182424
2527 1.182600
2528 1.182770
2529 1.183288
2530 1.183496
2531 1.183840
2532 1.184662
2533 1.184634
2534 1.184068
2535 1.183914
2536 1.183826
2537 1.183756
2538 1.183532
2539 1.183422
2540 1.183148
2541 1.183020
2542 1.182950
2543 1.183396
2544 1.183704
2545 1.183700
2546 1.184224
2547 1.184138
2548 1.184084
2549 1.183164
2550 1.183618
2551 1.183700
2552 1.183748
2553 1.183564
2554 1.183258
2555 1.183728
2556 1.183160
2557 1.183128
2558 1.183634
2559 1.183372
2560 1.184242
2561 1.183464
2562 1.182966
2563 1.182622
2564 1.182456
2565 1.181952
2566 1.181444
2567 1.181222
2568 1.181546
2569 1.181592
2570 1.181432
2571 1.181376
2572 1.181596
2573 1.181846
2574 1.182074
2575 1.182674
2576 1.182974
2577 1.183190
2578 1.183440
2579 1.183078
2580 1.182742
2581 1.182810
2582 1.182590
2583 1.183006
2584 1.182516
2585 1.182170
2586 1.181930
2587 1.181930
2588 1.182320
2589 1.182204
2590 1.182736
2591 1.183108
2592 1.182872
2593 1.182770
2594 1.182880
2595 1.182696
2596 1.182892
2597 1.182468
2598 1.182412
2599 1.182506
2600 1.182524
2601 1.182380
2602 1.182584
2603 1.182208
2604 1.182138
2605 1.182396
2606 1.182766
2607 1.182818
2608 1.182616
2609 1.182754
2610 1.183424
2611 1.184020
2612 1.183326
2613 1.183238
2614 1.183420
2615 1.184008
2616 1.183440
2617 1.183540
2618 1.183492
2619 1.183526
2620 1.182680
2621 1.182694
2622 1.181926
2623 1.182420
2624 1.182392
2625 1.181862
2626 1.182240
2627 1.182684
2628 1.182594
2629 1.182572
2630 1.183156
2631 1.183444
2632 1.183426
2633 1.183218
2634 1.183552
2635 1.184390
2636 1.185062
2637 1.185044
2638 1.185678
2639 1.185618
2640 1.185816
2641 1.185914
2642 1.185598
2643 1.185328
2644 1.184368
2645 1.184134
2646 1.184288
2647 1.184064
2648 1.184948
2649 1.185052
2650 1.185074
2651 1.185014
2652 1.185532
2653 1.185624
2654 1.186286
2655 1.186142
2656 1.186362
2657 1.186274
2658 1.186196
2659 1.186056
2660 1.185972
2661 1.186162
2662 1.185712
2663 1.184896
2664 1.184956
2665 1.184632
2666 1.184288
2667 1.184694
2668 1.185162
2669 1.185532
2670 1.185176
2671 1.184772
2672 1.184734
2673 1.184410
2674 1.184584
2675 1.184546
2676 1.183856
2677 1.184890
2678 1.184642
2679 1.184190
2680 1.184218
2681 1.184538
2682 1.184282
2683 1.183956
2684 1.183756
2685 1.183910
2686 1.184486
2687 1.184114
2688 1.183862
2689 1.183898
2690 1.183922
2691 1.183690
2692 1.183858
2693 1.183518
2694 1.183774
2695 1.183252
2696 1.182458
2697 1.182124
2698 1.182264
2699 1.182082
2700 1.182084
2701 1.182290
2702 1.182402
2703 1.182036
2704 1.182286
2705 1.182742
2706 1.182688
2707 1.182254
2708 1.182786
2709 1.183436
2710 1.183618
2711 1.183638
2712 1.183814
2713 1.183034
2714 1.182624
2715 1.182380
2716 1.182302
2717 1.182290
2718 1.181996
2719 1.182342
2720 1.182410
2721 1.182572
2722 1.182308
2723 1.182232
2724 1.182310
2725 1.181996
2726 1.181904
2727 1.181366
2728 1.180932
2729 1.181322
2730 1.181872
2731 1.181658
2732 1.181770
2733 1.181826
2734 1.181190
2735 1.181558
2736 1.180884
2737 1.180468
2738 1.181248
2739 1.182088
2740 1.182134
2741 1.181830
2742 1.181890
2743 1.182110
2744 1.181598
2745 1.181086
2746 1.180190
2747 1.181084
2748 1.181310
2749 1.181180
2750 1.181522
2751 1.182182
2752 1.182476
2753 1.182402
2754 1.182128
2755 1.182562
2756 1.182192
2757 1.182110
2758 1.181980
2759 1.182768
2760 1.183224
2761 1.183154
2762 1.183368
2763 1.183632
2764 1.183620
2765 1.183416
2766 1.183450
2767 1.183262
2768 1.183754
2769 1.183394
2770 1.183546
2771 1.183392
2772 1.183874
2773 1.183934
2774 1.184254
2775 1.183824
2776 1.183474
2777 1.183630
2778 1.183584
2779 1.183770
2780 1.183952
2781 1.184364
2782 1.184034
2783 1.183650
2784 1.183832
2785 1.184118
2786 1.184580
2787 1.184432
2788 1.184504
2789 1.184080
2790 1.184060
2791 1.184098
2792 1.184140
2793 1.184336
2794 1.184624
2795 1.184908
2796 1.184996
2797 1.185084
2798 1.185244
2799 1.185158
2800 1.184600
2801 1.185106
2802 1.185204
2803 1.185262
2804 1.185032
2805 1.184848
2806 1.184940
2807 1.184976
2808 1.185022
2809 1.184858
2810 1.184506
2811 1.184484
2812 1.184452
2813 1.184288
2814 1.183736
2815 1.183256
2816 1.183638
2817 1.183572
2818 1.183066
2819 1.183178
2820 1.183110
2821 1.183520
2822 1.183128
2823 1.182698
2824 1.182622
2825 1.182148
2826 1.182210
2827 1.181516
2828 1.181974
2829 1.181618
2830 1.181278
2831 1.181674
2832 1.182570
2833 1.182610
2834 1.182454
2835 1.182358
2836 1.182284
2837 1.182296
2838 1.182104
2839 1.182162
2840 1.182460
2841 1.182484
2842 1.182400
2843 1.182744
2844 1.182374
2845 1.182682
2846 1.182864
2847 1.182686
2848 1.182694
2849 1.182310
2850 1.182084
2851 1.181640
2852 1.182530
2853 1.182406
2854 1.182074
2855 1.182226
2856 1.182570
2857 1.182034
2858 1.181542
2859 1.181850
2860 1.181964
2861 1.181826
2862 1.181886
2863 1.181762
2864 1.181968
2865 1.181636
2866 1.182180
2867 1.181348
2868 1.181810
2869 1.181462
2870 1.181480
2871 1.181640
2872 1.181506
2873 1.181116
2874 1.181220
2875 1.181420
2876 1.181192
2877 1.181504
2878 1.181680
2879 1.182150
2880 1.182562
2881 1.182600
2882 1.182680
2883 1.182500
2884 1.182682
2885 1.183030
2886 1.183374
2887 1.182962
2888 1.182632
2889 1.183036
2890 1.183192
2891 1.183700
2892 1.183498
2893 1.184276
2894 1.184068
2895 1.183966
2896 1.183114
2897 1.183004
2898 1.182528
2899 1.182682
2900 1.182686
2901 1.181798
2902 1.182408
2903 1.182802
2904 1.182902
2905 1.183116
2906 1.183754
2907 1.183440
2908 1.183726
2909 1.184236
2910 1.183828
2911 1.184270
2912 1.183954
2913 1.183668
2914 1.183566
2915 1.183464
2916 1.182878
2917 1.182860
2918 1.182964
2919 1.182834
2920 1.182894
2921 1.183220
2922 1.182320
2923 1.181890
2924 1.181982
2925 1.181984
2926 1.181840
2927 1.181400
2928 1.181186
2929 1.181522
2930 1.181620
2931 1.181408
2932 1.181298
2933 1.181596
2934 1.181142
2935 1.180830
2936 1.180644
2937 1.180846
2938 1.180944
2939 1.181252
2940 1.181350
2941 1.181982
2942 1.182302
2943 1.182464
2944 1.182238
2945 1.181964
2946 1.182150
2947 1.182544
2948 1.182760
2949 1.182328
2950 1.181670
2951 1.182196
2952 1.182466
2953 1.182018
2954 1.181998
2955 1.181672
2956 1.181298
2957 1.180808
2958 1.180972
2959 1.180752
2960 1.181494
2961 1.181802
2962 1.181940
2963 1.183010
2964 1.183852
2965 1.184024
2966 1.183892
2967 1.183460
2968 1.183478
2969 1.183766
2970 1.183428
2971 1.183324
2972 1.183202
2973 1.182840
2974 1.182252
2975 1.182546
2976 1.182558
2977 1.182508
2978 1.182552
2979 1.182070
2980 1.182192
2981 1.182566
2982 1.181896
2983 1.181624
2984 1.181856
2985 1.182032
2986 1.181646
2987 1.181306
2988 1.181428
2989 1.181452
2990 1.181350
2991 1.181554
2992 1.181708
2993 1.181958
2994 1.182318
2995 1.182114
2996 1.181322
2997 1.181336
2998 1.181502
2999 1.180594
3000 1.180646
3001 1.180276
3002 1.180752
3003 1.180112
3004 1.180206
3005 1.181142
3006 1.180934
3007 1.181402
3008 1.180842
3009 1.180456
3010 1.181086
3011 1.181958
3012 1.182636
3013 1.182304
3014 1.182516
3015 1.182586
3016 1.182916
3017 1.183402
3018 1.183332
3019 1.183702
3020 1.183544
3021 1.183718
3022 1.183286
3023 1.182868
3024 1.182718
3025 1.182044
3026 1.182286
3027 1.181906
3028 1.182082
3029 1.182180
3030 1.182718
3031 1.182120
3032 1.182140
3033 1.182230
3034 1.182640
3035 1.182708
3036 1.182248
3037 1.181898
3038 1.182328
3039 1.182922
3040 1.182836
3041 1.182778
3042 1.182416
3043 1.182188
3044 1.182102
3045 1.182414
3046 1.182616
3047 1.183370
3048 1.182768
3049 1.182636
3050 1.182226
3051 1.182206
3052 1.182330
3053 1.182752
3054 1.182654
3055 1.182008
3056 1.182222
3057 1.182404
3058 1.182118
3059 1.181800
3060 1.181930
3061 1.182010
3062 1.182318
3063 1.182138
3064 1.182066
3065 1.182560
3066 1.182794
3067 1.182240
3068 1.182348
3069 1.182246
3070 1.182638
3071 1.182738
3072 1.182858
3073 1.182096
3074 1.181706
3075 1.181466
3076 1.181704
3077 1.181556
3078 1.181000
3079 1.181214
3080 1.180942
3081 1.181704
3082 1.182050
3083 1.182390
3084 1.183020
3085 1.183068
3086 1.182462
3087 1.181834
3088 1.182058
3089 1.181646
3090 1.181948
3091 1.182412
3092 1.182078
3093 1.182256
3094 1.182578
3095 1.182612
3096 1.182970
3097 1.182388
3098 1.181932
3099 1.181802
3100 1.182202
3101 1.182470
3102 1.182236
3103 1.182010
3104 1.182116
3105 1.182608
3106 1.182606
3107 1.183182
3108 1.182992
3109 1.182860
3110 1.183492
3111 1.183418
3112 1.183122
3113 1.183162
3114 1.183068
3115 1.182570
3116 1.183492
3117 1.182904
3118 1.183232
3119 1.183364
3120 1.183034
3121 1.183294
3122 1.183902
3123 1.183534
3124 1.183718
3125 1.183214
3126 1.183312
3127 1.183798
3128 1.184274
3129 1.184440
3130 1.184344
3131 1.184172
3132 1.184496
3133 1.184692
3134 1.184626
3135 1.184844
3136 1.184544
3137 1.184244
3138 1.184024
3139 1.184166
3140 1.183470
3141 1.183790
3142 1.184274
3143 1.183934
3144 1.183598
3145 1.183412
3146 1.183272
3147 1.183626
3148 1.183544
3149 1.183630
3150 1.183588
3151 1.184024
3152 1.184536
3153 1.184810
3154 1.185112
3155 1.185172
3156 1.185602
3157 1.185494
3158 1.185384
3159 1.186048
3160 1.185530
3161 1.185244
3162 1.185444
3163 1.185602
3164 1.185280
3165 1.184628
3166 1.184730
3167 1.184772
3168 1.185052
3169 1.184290
3170 1.184610
3171 1.184540
3172 1.184562
3173 1.184064
3174 1.183898
3175 1.184210
3176 1.184370
3177 1.184916
3178 1.185022
3179 1.185312
3180 1.185466
3181 1.185158
3182 1.185012
3183 1.184430
3184 1.184274
3185 1.183846
3186 1.184080
3187 1.184190
3188 1.184302
3189 1.184068
3190 1.183722
3191 1.183618
3192 1.183962
3193 1.183934
3194 1.183646
3195 1.183990
3196 1.184094
3197 1.183926
3198 1.183786
3199 1.183654
3200 1.183788
3201 1.184098
3202 1.184334
3203 1.184440
3204 1.184082
3205 1.184220
3206 1.184480
3207 1.184742
3208 1.184336
3209 1.184386
3210 1.184446
3211 1.184406
3212 1.184288
3213 1.184002
3214 1.183338
3215 1.183366
3216 1.184388
3217 1.184216
3218 1.184080
3219 1.184644
3220 1.184806
3221 1.184580
3222 1.183914
3223 1.183562
3224 1.183618
3225 1.183470
3226 1.184080
3227 1.184590
3228 1.184482
3229 1.184440
3230 1.184634
3231 1.184266
3232 1.184618
3233 1.185416
3234 1.185578
3235 1.185088
3236 1.184164
3237 1.183878
3238 1.183844
3239 1.183714
3240 1.184098
3241 1.183866
3242 1.183910
3243 1.183878
3244 1.183974
3245 1.184036
3246 1.183968
3247 1.184894
3248 1.184808
3249 1.184962
3250 1.184246
3251 1.184134
3252 1.184308
3253 1.184034
3254 1.184466
3255 1.183746
3256 1.183642
3257 1.183708
3258 1.183788
3259 1.183804
3260 1.182920
3261 1.182462
3262 1.182774
3263 1.182394
3264 1.182302
3265 1.182488
3266 1.182224
3267 1.181912
3268 1.182242
3269 1.181620
3270 1.182340
3271 1.182736
3272 1.182532
3273 1.182226
3274 1.182232
3275 1.181940
3276 1.182248
3277 1.183002
3278 1.182888
3279 1.182108
3280 1.182002
3281 1.182444
3282 1.182106
3283 1.181944
3284 1.182264
3285 1.182378
3286 1.182848
3287 1.183242
3288 1.183566
3289 1.183886
3290 1.183568
3291 1.183726
3292 1.183248
3293 1.183082
3294 1.183298
3295 1.183510
3296 1.183574
3297 1.183092
3298 