2 0.984594
3 0.982886
4 0.983072
5 0.983822
6 0.983708
7 0.983166
8 0.982328
9 0.981368
10 0.980040
11 0.979218
12 0.978416
13 0.977244
14 0.976474
15 0.975702
16 0.974962
17 0.974292
18 0.974096
19 0.974248
20 0.974006
22 0.974644
23 0.975226
24 0.975832
25 0.975742
26 0.976342
27 0.977716
28 0.978640
29 0.979066
30 0.979584
31 0.980684
32 0.981726
33 0.982600
34 0.983994
35 0.985148
36 0.986460
37 0.987154
38 0.988422
39 0.989584
40 0.991904
42 0.995514
43 0.996874
44 0.997812
45 0.999334
46 1.000922
47 1.003210
48 1.005278
49 1.006624
50 1.008594
51 1.010962
52 1.012746
53 1.014474
54 1.016542
55 1.018978
56 1.020700
57 1.022236
58 1.024108
59 1.025574
60 1.028462
62 1.031698
63 1.033866
64 1.035372
65 1.037234
66 1.038802
67 1.041184
68 1.042758
69 1.044394
70 1.046480
71 1.048746
72 1.050858
73 1.053286
74 1.055136
75 1.056350
76 1.057754
77 1.058930
78 1.060724
79 1.061982
80 1.063778
82 1.067002
83 1.068620
84 1.070098
85 1.071918
86 1.073788
87 1.075696
88 1.077066
89 1.078138
90 1.079608
91 1.080676
92 1.082940
93 1.084386
94 1.085324
95 1.087310
96 1.088724
97 1.089500
98 1.090974
99 1.092084
100 1.093260
102 1.095688
103 1.097388
104 1.098554
105 1.099570
106 1.099982
107 1.100844
108 1.101912
109 1.102824
110 1.104122
111 1.105482
112 1.106824
113 1.107676
114 1.108356
115 1.108888
116 1.110334
117 1.111520
118 1.112086
119 1.112200
120 1.113016
122 1.114952
123 1.116160
124 1.117040
125 1.118086
126 1.119454
127 1.119744
128 1.120264
129 1.121384
130 1.122454
131 1.124006
132 1.125262
133 1.125864
134 1.126174
135 1.125652
136 1.126488
137 1.127440
138 1.128150
139 1.128668
140 1.129610
142 1.131828
143 1.133168
144 1.133812
145 1.135144
146 1.135674
147 1.136196
148 1.136802
149 1.137692
150 1.137908
151 1.138258
152 1.138654
153 1.139334
154 1.139816
155 1.140276
156 1.140782
157 1.141090
158 1.141590
159 1.142174
160 1.142556
162 1.143364
163 1.144230
164 1.144552
165 1.145172
166 1.145776
167 1.146556
168 1.147666
169 1.147958
170 1.148404
171 1.148174
172 1.148322
173 1.148308
174 1.148574
175 1.148442
176 1.148696
177 1.149346
178 1.149314
179 1.149806
180 1.149822
182 1.150342
183 1.149880
184 1.150026
185 1.150152
186 1.150132
187 1.150410
188 1.150986
189 1.150972
190 1.151568
191 1.152412
192 1.152370
193 1.152376
194 1.153098
195 1.154024
196 1.154900
197 1.155192
198 1.155388
199 1.155516
200 1.156234
202 1.157200
203 1.157822
204 1.158112
205 1.157812
206 1.157704
207 1.158196
208 1.158346
209 1.158544
210 1.158700
211 1.160024
212 1.159766
213 1.160206
214 1.160914
215 1.161364
216 1.161012
217 1.161392
218 1.161742
219 1.162034
220 1.162022
222 1.162340
223 1.162298
224 1.161914
225 1.162410
226 1.162382
227 1.163514
228 1.163446
229 1.163600
230 1.162904
231 1.163388
232 1.162870
233 1.163078
234 1.163366
235 1.163962
236 1.164022
237 1.164076
238 1.163456
239 1.164140
240 1.164624
242 1.164148
243 1.164134
244 1.163990
245 1.163588
246 1.163892
247 1.164194
248 1.164830
249 1.165100
250 1.165876
251 1.166220
252 1.166238
253 1.166282
254 1.166366
255 1.166302
256 1.166718
257 1.166808
258 1.167070
259 1.167278
260 1.166906
262 1.166714
263 1.167074
264 1.166478
265 1.166054
266 1.166454
267 1.166162
268 1.166612
269 1.167138
270 1.167218
271 1.167464
272 1.168068
273 1.168046
274 1.167478
275 1.167450
276 1.167946
277 1.168032
278 1.168568
279 1.167804
280 1.167786
282 1.168154
283 1.169092
284 1.169124
285 1.169612
286 1.169682
287 1.170026
288 1.170580
289 1.170510
290 1.170202
291 1.170530
292 1.170498
293 1.170196
294 1.170478
295 1.170812
296 1.171066
297 1.170764
298 1.171216
299 1.171018
300 1.170334
302 1.170506
303 1.170470
304 1.170400
305 1.171090
306 1.171668
307 1.171576
308 1.171548
309 1.172062
310 1.172368
311 1.172586
312 1.172830
313 1.173238
314 1.173246
315 1.173420
316 1.173886
317 1.173734
318 1.173826
319 1.174130
320 1.173608
322 1.174138
323 1.174126
324 1.174754
325 1.174676
326 1.174534
327 1.174450
328 1.174302
329 1.174264
330 1.174478
331 1.174562
332 1.174372
333 1.174576
334 1.175362
335 1.175404
336 1.175608
337 1.175626
338 1.175460
339 1.175502
340 1.176070
342 1.175364
343 1.175124
344 1.174802
345 1.174326
346 1.174310
347 1.174918
348 1.174852
349 1.175082
350 1.175032
351 1.174872
352 1.175188
353 1.175922
354 1.175636
355 1.175686
356 1.175560
357 1.176236
358 1.176540
359 1.176748
360 1.176914
362 1.177502
363 1.177504
364 1.177774
365 1.177464
366 1.178050
367 1.178182
368 1.177982
369 1.177634
370 1.177688
371 1.177452
372 1.177234
373 1.177600
374 1.177662
375 1.177962
376 1.177536
377 1.177394
378 1.176922
379 1.176998
380 1.176544
382 1.176544
383 1.176906
384 1.177008
385 1.177312
386 1.177396
387 1.176764
388 1.176572
389 1.177062
390 1.176954
391 1.176428
392 1.175836
393 1.176514
394 1.176790
395 1.177034
396 1.177162
397 1.175762
398 1.176258
399 1.176726
400 1.176354
402 1.177354
403 1.177312
404 1.177522
405 1.178122
406 1.178150
407 1.177598
408 1.177500
409 1.177544
410 1.177436
411 1.177248
412 1.177096
413 1.177230
414 1.176930
415 1.176908
416 1.176976
417 1.177338
418 1.177440
419 1.177118
420 1.176778
422 1.176850
423 1.176684
424 1.175890
425 1.175692
426 1.175858
427 1.175850
428 1.176318
429 1.176744
430 1.176580
431 1.176464
432 1.176472
433 1.176064
434 1.176170
435 1.176562
436 1.176614
437 1.177354
438 1.177254
439 1.177426
440 1.177312
442 1.177572
443 1.177902
444 1.178222
445 1.178784
446 1.178250
447 1.178410
448 1.177614
449 1.177336
450 1.177544
451 1.177102
452 1.176932
453 1.177444
454 1.177022
455 1.177040
456 1.176652
457 1.176718
458 1.177542
459 1.176926
460 1.177104
462 1.176946
463 1.176514
464 1.177064
465 1.177022
466 1.177078
467 1.177012
468 1.176952
469 1.177122
470 1.176562
471 1.176462
472 1.176974
473 1.177016
474 1.177654
475 1.177024
476 1.176918
477 1.177418
478 1.177326
479 1.176618
480 1.175944
482 1.176000
483 1.176404
484 1.176674
485 1.176994
486 1.177108
487 1.177150
488 1.177030
489 1.177482
490 1.178376
491 1.178456
492 1.178930
493 1.179422
494 1.179328
495 1.178954
496 1.179068
497 1.179410
498 1.179112
499 1.179256
500 1.179378
502 1.179636
503 1.179548
504 1.179690
505 1.179732
506 1.180002
507 1.180404
508 1.180462
509 1.180806
510 1.180862
511 1.181176
512 1.181224
513 1.180282
514 1.180106
515 1.180128
516 1.180924
517 1.180672
518 1.181308
519 1.181264
520 1.180840
522 1.180188
523 1.179674
524 1.179844
525 1.179804
526 1.180204
527 1.180508
528 1.180642
529 1.180388
530 1.180036
531 1.180322
532 1.180852
533 1.180428
534 1.180056
535 1.179752
536 1.179194
537 1.179640
538 1.179538
539 1.179172
540 1.179636
542 1.178904
543 1.178738
544 1.178792
545 1.178956
546 1.178372
547 1.178628
548 1.179194
549 1.178578
550 1.178844
551 1.179054
552 1.179804
553 1.179558
554 1.180090
555 1.179742
556 1.180156
557 1.181010
558 1.181380
559 1.180926
560 1.181056
562 1.180172
563 1.179802
564 1.180430
565 1.180454
566 1.179750
567 1.179958
568 1.180670
569 1.180768
570 1.180158
571 1.180438
572 1.180290
573 1.180528
574 1.180726
575 1.180746
576 1.180066
577 1.180494
578 1.180542
579 1.180724
580 1.181042
582 1.182194
583 1.181906
584 1.182030
585 1.181786
586 1.181936
587 1.181902
588 1.181864
589 1.182254
590 1.181598
591 1.181208
592 1.180976
593 1.181512
594 1.181236
595 1.180450
596 1.180822
597 1.180852
598 1.180032
599 1.179596
600 1.179986
602 1.179924
603 1.180308
604 1.180794
605 1.181006
606 1.181648
607 1.181944
608 1.181560
609 1.180784
610 1.180754
611 1.180588
612 1.180160
613 1.180832
614 1.180362
615 1.180630
616 1.180196
617 1.180192
618 1.180700
619 1.180682
620 1.180832
622 1.181180
623 1.181282
624 1.181118
625 1.181518
626 1.182074
627 1.182668
628 1.182412
629 1.182536
630 1.182632
631 1.183256
632 1.182672
633 1.182996
634 1.183488
635 1.183450
636 1.182826
637 1.182690
638 1.182278
639 1.182274
640 1.182462
642 1.181520
643 1.181414
644 1.181396
645 1.181572
646 1.181440
647 1.181476
648 1.180708
649 1.180770
650 1.180768
651 1.181118
652 1.181396
653 1.181426
654 1.181226
655 1.181160
656 1.181522
657 1.181434
658 1.180674
659 1.180688
660 1.180840
662 1.180928
663 1.180766
664 1.181182
665 1.181438
666 1.181530
667 1.182094
668 1.181536
669 1.181250
670 1.181430
671 1.181192
672 1.181066
673 1.181838
674 1.181408
675 1.180928
676 1.181290
677 1.180724
678 1.179758
679 1.179720
680 1.179734
682 1.180142
683 1.180188
684 1.180186
685 1.179670
686 1.179478
687 1.179104
688 1.178496
689 1.178996
690 1.178716
691 1.178600
692 1.179480
693 1.179852
694 1.180422
695 1.180390
696 1.180444
697 1.180584
698 1.180532
699 1.180942
700 1.180580
702 1.181412
703 1.181142
704 1.181342
705 1.181228
706 1.180970
707 1.180686
708 1.180374
709 1.179898
710 1.179712
711 1.179870
712 1.179962
713 1.179498
714 1.179214
715 1.179656
716 1.179362
717 1.179072
718 1.179690
719 1.179764
720 1.180112
722 1.181000
723 1.181112
724 1.180320
725 1.180430
726 1.180142
727 1.180652
728 1.180416
729 1.180246
730 1.179830
731 1.179890
732 1.179618
733 1.180092
734 1.180690
735 1.180606
736 1.181106
737 1.180682
738 1.180284
739 1.180888
740 1.180406
742 1.181126
743 1.180168
744 1.180462
745 1.180898
746 1.180682
747 1.180200
748 1.179710
749 1.179484
750 1.179264
751 1.179114
752 1.178826
753 1.178614
754 1.178994
755 1.178754
756 1.178746
757 1.178728
758 1.178402
759 1.179152
760 1.179328
762 1.179024
763 1.179446
764 1.179746
765 1.180066
766 1.180512
767 1.180128
768 1.180648
769 1.181088
770 1.181112
771 1.180678
772 1.180530
773 1.179864
774 1.179692
775 1.179662
776 1.179578
777 1.179578
778 1.179840
779 1.179982
780 1.179838
782 1.180482
783 1.180068
784 1.179858
785 1.179452
786 1.178992
787 1.178896
788 1.179522
789 1.179728
790 1.180138
791 1.180360
792 1.180790
793 1.181350
794 1.181740
795 1.181108
796 1.181036
797 1.180464
798 1.180486
799 1.181080
800 1.180884
802 1.180652
803 1.180220
804 1.180316
805 1.179790
806 1.179680
807 1.179830
808 1.180106
809 1.180392
810 1.180072
811 1.180130
812 1.180450
813 1.180510
814 1.180150
815 1.179728
816 1.180044
817 1.180058
818 1.179836
819 1.180382
820 1.180030
822 1.181044
823 1.180526
824 1.180444
825 1.180126
826 1.180306
827 1.179948
828 1.180018
829 1.179732
830 1.180446
831 1.180614
832 1.181408
833 1.180824
834 1.180932
835 1.181326
836 1.181370
837 1.181098
838 1.180832
839 1.181554
840 1.181674
842 1.182012
843 1.182156
844 1.181568
845 1.181818
846 1.182094
847 1.181680
848 1.181484
849 1.181710
850 1.182254
851 1.182240
852 1.182376
853 1.182086
854 1.182218
855 1.182436
856 1.182954
857 1.183288
858 1.183484
859 1.182920
860 1.182712
862 1.182316
863 1.182294
864 1.182872
865 1.183132
866 1.183014
867 1.183164
868 1.183038
869 1.183046
870 1.182926
871 1.182878
872 1.182750
873 1.182534
874 1.182856
875 1.182518
876 1.182594
877 1.182150
878 1.182042
879 1.182096
880 1.182938
882 1.183612
883 1.183456
884 1.183428
885 1.184198
886 1.183750
887 1.184014
888 1.184622
889 1.184118
890 1.184168
891 1.183758
892 1.183998
893 1.184082
894 1.183776
895 1.183584
896 1.183760
897 1.183636
898 1.183292
899 1.182896
900 1.182822
902 1.182300
903 1.182256
904 1.182366
905 1.182222
906 1.182398
907 1.182252
908 1.181976
909 1.182204
910 1.182610
911 1.182760
912 1.182594
913 1.182452
914 1.182990
915 1.183328
916 1.183250
917 1.183218
918 1.183400
919 1.183792
920 1.183602
922 1.183278
923 1.183436
924 1.183204
925 1.182902
926 1.182444
927 1.182226
928 1.182250
929 1.181814
930 1.181688
931 1.181458
932 1.181334
933 1.181700
934 1.181834
935 1.182556
936 1.182092
937 1.181594
938 1.182192
939 1.181156
940 1.181266
942 1.181838
943 1.181668
944 1.181466
945 1.181348
946 1.181208
947 1.180858
948 1.180692
949 1.180682
950 1.180394
951 1.180578
952 1.180386
953 1.180532
954 1.180668
955 1.180942
956 1.181014
957 1.180580
958 1.180510
959 1.180304
960 1.180322
962 1.180594
963 1.180926
964 1.180528
965 1.180200
966 1.180712
967 1.181082
968 1.180848
969 1.180520
970 1.180478
971 1.180652
972 1.181048
973 1.181088
974 1.181734
975 1.181846
976 1.181860
977 1.182040
978 1.181504
979 1.181734
980 1.181664
982 1.181902
983 1.181978
984 1.182212
985 1.182210
986 1.182778
987 1.182526
988 1.183146
989 1.183392
990 1.183594
991 1.183468
992 1.182898
993 1.182604
994 1.182268
995 1.182122
996 1.182174
997 1.182576
998 1.182602
999 1.182436
1000 1.182216
1002 1.181834
1003 1.181520
1004 1.181410
1005 1.181352
1006 1.180758
1007 1.181024
1008 1.180172
1009 1.179936
1010 1.180418
1011 1.180534
1012 1.180620
1013 1.180242
1014 1.179916
1015 1.179750
1016 1.179752
1017 1.179474
1018 1.179438
1019 1.179838
1020 1.180166
1022 1.180174
1023 1.180080
1024 1.180034
1025 1.180238
1026 1.180460
1027 1.180310
1028 1.179866
1029 1.179660
1030 1.179002
1031 1.178722
1032 1.179318
1033 1.178978
1034 1.179286
1035 1.179022
1036 1.179096
1037 1.179354
1038 1.179310
1039 1.179422
1040 1.179948
1042 1.179462
1043 1.179582
1044 1.179628
1045 1.179856
1046 1.180182
1047 1.180398
1048 1.180562
1049 1.180846
1050 1.180546
1051 1.180292
1052 1.180556
1053 1.180074
1054 1.179964
1055 1.180502
1056 1.180466
1057 1.180734
1058 1.180600
1059 1.180642
1060 1.181320
1062 1.181030
1063 1.181674
1064 1.181988
1065 1.181982
1066 1.182774
1067 1.182492
1068 1.181998
1069 1.181826
1070 1.181710
1071 1.181040
1072 1.181792
1073 1.181540
1074 1.182250
1075 1.182594
1076 1.182102
1077 1.182088
1078 1.181192
1079 1.181222
1080 1.180356
1082 1.180908
1083 1.180674
1084 1.180324
1085 1.180494
1086 1.180570
1087 1.180444
1088 1.180110
1089 1.180290
1090 1.180048
1091 1.179974
1092 1.180592
1093 1.180770
1094 1.180674
1095 1.180592
1096 1.180776
1097 1.181200
1098 1.181240
1099 1.181892
1100 1.182354
1102 1.182184
1103 1.182538
1104 1.183002
1105 1.182512
1106 1.182344
1107 1.182302
1108 1.182450
1109 1.183012
1110 1.182790
1111 1.182898
1112 1.182490
1113 1.181808
1114 1.182284
1115 1.182036
1116 1.182244
1117 1.182580
1118 1.182188
1119 1.181830
1120 1.181558
1122 1.181680
1123 1.181666
1124 1.181488
1125 1.182066
1126 1.182418
1127 1.182684
1128 1.182732
1129 1.182698
1130 1.182184
1131 1.182122
1132 1.182386
1133 1.182364
1134 1.181950
1135 1.182128
1136 1.182330
1137 1.182492
1138 1.182422
1139 1.181798
1140 1.181446
1142 1.181758
1143 1.181814
1144 1.182114
1145 1.181496
1146 1.181236
1147 1.181692
1148 1.181204
1149 1.181740
1150 1.182470
1151 1.182714
1152 1.182692
1153 1.182270
1154 1.182520
1155 1.181938
1156 1.181732
1157 1.181570
1158 1.181382
1159 1.181750
1160 1.181876
1162 1.181824
1163 1.182030
1164 1.181608
1165 1.181932
1166 1.181912
1167 1.182144
1168 1.182412
1169 1.182372
1170 1.182458
1171 1.182372
1172 1.181924
1173 1.181826
1174 1.181334
1175 1.181486
1176 1.181006
1177 1.180632
1178 1.180132
1179 1.180076
1180 1.179890
1182 1.181058
1183 1.180702
1184 1.180676
1185 1.180632
1186 1.180534
1187 1.180180
1188 1.180308
1189 1.180082
1190 1.180134
1191 1.180560
1192 1.180014
1193 1.179918
1194 1.179918
1195 1.179212
1196 1.179030
1197 1.179814
1198 1.179726
1199 1.179686
1200 1.179398
1202 1.179552
1203 1.179730
1204 1.180638
1205 1.180900
1206 1.180684
1207 1.181054
1208 1.181128
1209 1.181232
1210 1.181390
1211 1.181332
1212 1.181306
1213 1.181506
1214 1.182076
1215 1.182424
1216 1.182208
1217 1.181986
1218 1.182568
1219 1.182540
1220 1.182608
1222 1.182754
1223 1.182872
1224 1.183076
1225 1.181750
1226 1.182006
1227 1.181476
1228 1.181658
1229 1.181790
1230 1.181760
1231 1.181438
1232 1.181266
1233 1.181626
1234 1.181332
1235 1.181016
1236 1.180800
1237 1.181056
1238 1.180850
1239 1.181494
1240 1.182132
1242 1.181186
1243 1.181874
1244 1.181840
1245 1.181746
1246 1.182172
1247 1.181710
1248 1.181336
1249 1.181564
1250 1.181470
1251 1.181346
1252 1.181426
1253 1.182370
1254 1.182396
1255 1.182646
1256 1.182516
1257 1.182532
1258 1.182246
1259 1.182240
1260 1.182938
1262 1.182778
1263 1.182172
1264 1.182270
1265 1.182012
1266 1.182562
1267 1.182656
1268 1.182748
1269 1.183032
1270 1.182986
1271 1.182944
1272 1.183810
1273 1.182940
1274 1.183020
1275 1.182612
1276 1.182560
1277 1.182656
1278 1.182834
1279 1.182902
1280 1.182874
1282 1.183500
1283 1.183678
1284 1.184030
1285 1.184466
1286 1.184090
1287 1.183674
1288 1.183494
1289 1.182934
1290 1.183136
1291 1.183188
1292 1.183504
1293 1.183292
1294 1.183920
1295 1.184604
1296 1.184352
1297 1.184226
1298 1.184066
1299 1.184026
1300 1.184180
1302 1.184434
1303 1.184902
1304 1.184922
1305 1.184384
1306 1.183956
1307 1.183962
1308 1.183750
1309 1.183670
1310 1.183662
1311 1.183744
1312 1.183128
1313 1.182910
1314 1.183324
1315 1.183658
1316 1.183638
1317 1.183950
1318 1.183802
1319 1.182918
1320 1.182378
1322 1.181336
1323 1.181368
1324 1.181452
1325 1.181472
1326 1.181734
1327 1.182196
1328 1.182344
1329 1.182602
1330 1.182354
1331 1.182246
1332 1.181730
1333 1.181618
1334 1.181888
1335 1.181812
1336 1.182088
1337 1.182270
1338 1.182976
1339 1.182948
1340 1.183658
1342 1.183106
1343 1.183476
1344 1.183580
1345 1.183906
1346 1.184410
1347 1.184634
1348 1.184430
1349 1.184478
1350 1.184100
1351 1.183868
1352 1.183962
1353 1.183814
1354 1.184178
1355 1.184136
1356 1.183768
1357 1.184190
1358 1.183922
1359 1.183988
1360 1.184200
1362 1.184288
1363 1.183802
1364 1.183986
1365 1.183896
1366 1.183630
1367 1.183816
1368 1.183836
1369 1.184464
1370 1.184834
1371 1.184740
1372 1.184726
1373 1.184876
1374 1.184710
1375 1.184894
1376 1.185114
1377 1.184986
1378 1.184650
1379 1.184186
1380 1.183572
1382 1.184032
1383 1.184018
1384 1.184266
1385 1.184616
1386 1.184434
1387 1.184470
1388 1.184854
1389 1.185432
1390 1.185172
1391 1.184918
1392 1.184992
1393 1.184776
1394 1.184876
1395 1.184446
1396 1.184588
1397 1.184658
1398 1.184302
1399 1.183688
1400 1.183948
1402 1.183504
1403 1.183828
1404 1.183532
1405 1.183200
1406 1.183018
1407 1.183638
1408 1.183912
1409 1.183750
1410 1.183384
1411 1.183918
1412 1.184502
1413 1.183724
1414 1.184280
1415 1.183800
1416 1.183384
1417 1.182918
1418 1.183064
1419 1.182928
1420 1.182586
1422 1.182598
1423 1.182578
1424 1.182974
1425 1.182880
1426 1.182548
1427 1.182678
1428 1.182530
1429 1.183052
1430 1.183002
1431 1.182912
1432 1.182708
1433 1.182552
1434 1.182110
1435 1.181788
1436 1.182024
1437 1.182220
1438 1.181714
1439 1.182098
1440 1.181322
1442 1.181072
1443 1.181096
1444 1.181008
1445 1.181642
1446 1.181756
1447 1.181356
1448 1.181356
1449 1.181356
1450 1.181692
1451 1.182080
1452 1.181782
1453 1.181536
1454 1.181292
1455 1.181076
1456 1.181294
1457 1.181186
1458 1.181492
1459 1.181574
1460 1.181646
1462 1.182270
1463 1.182730
1464 1.182720
1465 1.183766
1466 1.184748
1467 1.184058
1468 1.184022
1469 1.183746
1470 1.183678
1471 1.183428
1472 1.183226
1473 1.182780
1474 1.183176
1475 1.183502
1476 1.183266
1477 1.182934
1478 1.182464
1479 1.182044
1480 1.181960
1482 1.181384
1483 1.181184
1484 1.181458
1485 1.181056
1486 1.181432
1487 1.180710
1488 1.180830
1489 1.180700
1490 1.179924
1491 1.180516
1492 1.180450
1493 1.180266
1494 1.180258
1495 1.179938
1496 1.179740
1497 1.179870
1498 1.180006
1499 1.179546
1500 1.179592
1502 1.179668
1503 1.179876
1504 1.180052
1505 1.179730
1506 1.179502
1507 1.179996
1508 1.180056
1509 1.180402
1510 1.179694
1511 1.180226
1512 1.180812
1513 1.180388
1514 1.180670
1515 1.181284
1516 1.181072
1517 1.181324
1518 1.180724
1519 1.180674
1520 1.180902
1522 1.180688
1523 1.180588
1524 1.180850
1525 1.180986
1526 1.180680
1527 1.180838
1528 1.181538
1529 1.181380
1530 1.181012
1531 1.181124
1532 1.180986
1533 1.181082
1534 1.180972
1535 1.181374
1536 1.181450
1537 1.181842
1538 1.181706
1539 1.181312
1540 1.181112
1542 1.181826
1543 1.181736
1544 1.181578
1545 1.181840
1546 1.181938
1547 1.181720
1548 1.181040
1549 1.181026
1550 1.181496
1551 1.181984
1552 1.182472
1553 1.181860
1554 1.181988
1555 1.181754
1556 1.181558
1557 1.181462
1558 1.181016
1559 1.180998
1560 1.180892
1562 1.180470
1563 1.181190
1564 1.181498
1565 1.181846
1566 1.182050
1567 1.181388
1568 1.181426
1569 1.181646
1570 1.181556
1571 1.181854
1572 1.181904
1573 1.182040
1574 1.182062
1575 1.181628
1576 1.181890
1577 1.181496
1578 1.180772
1579 1.180766
1580 1.180860
1582 1.181764
1583 1.181886
1584 1.182100
1585 1.181990
1586 1.181364
1587 1.181448
1588 1.180864
1589 1.180452
1590 1.181074
1591 1.181222
1592 1.181146
1593 1.181014
1594 1.181428
1595 1.181184
1596 1.180978
1597 1.181226
1598 1.181246
1599 1.181640
1600 1.182258
1602 1.181370
1603 1.181338
1604 1.181386
1605 1.181276
1606 1.180990
1607 1.181328
1608 1.181164
1609 1.181234
1610 1.181078
1611 1.180864
1612 1.181128
1613 1.181238
1614 1.181716
1615 1.181678
1616 1.181978
1617 1.182160
1618 1.182234
1619 1.182984
1620 1.182628
1622 1.181832
1623 1.181774
1624 1.181428
1625 1.181330
1626 1.181268
1627 1.181406
1628 1.181094
1629 1.181542
1630 1.182608
1631 1.182406
1632 1.182434
1633 1.182682
1634 1.182898
1635 1.183412
1636 1.182976
1637 1.183608
1638 1.183736
1639 1.183294
1640 1.183404
1642 1.182954
1643 1.182986
1644 1.182864
1645 1.182974
1646 1.182674
1647 1.182852
1648 1.183016
1649 1.183294
1650 1.183594
1651 1.183028
1652 1.182192
1653 1.181864
1654 1.182586
1655 1.182724
1656 1.182164
1657 1.182036
1658 1.182608
1659 1.182138
1660 1.182144
1662 1.181966
1663 1.181728
1664 1.181500
1665 1.181790
1666 1.181916
1667 1.181920
1668 1.181678
1669 1.181966
1670 1.181668
1671 1.181600
1672 1.182398
1673 1.182364
1674 1.182396
1675 1.182534
1676 1.182640
1677 1.183158
1678 1.182826
1679 1.181892
1680 1.182530
1682 1.182332
1683 1.181912
1684 1.181884
1685 1.182480
1686 1.182748
1687 1.182846
1688 1.183166
1689 1.182744
1690 1.183238
1691 1.182808
1692 1.183040
1693 1.183178
1694 1.183306
1695 1.182774
1696 1.182356
1697 1.182810
1698 1.183082
1699 1.183396
1700 1.182724
1702 1.182626
1703 1.182714
1704 1.182542
1705 1.182144
1706 1.182148
1707 1.181658
1708 1.181334
1709 1.181458
1710 1.180894
1711 1.181506
1712 1.181792
1713 1.182516
1714 1.182394
1715 1.181850
1716 1.181512
1717 1.181624
1718 1.181352
1719 1.181274
1720 1.181408
1722 1.182688
1723 1.182696
1724 1.182928
1725 1.183206
1726 1.182948
1727 1.182964
1728 1.182768
1729 1.182492
1730 1.182278
1731 1.181756
1732 1.181792
1733 1.181764
1734 1.182022
1735 1.181854
1736 1.181498
1737 1.181372
1738 1.181928
1739 1.182092
1740 1.181874
1742 1.182096
1743 1.181648
1744 1.181864
1745 1.181856
1746 1.181484
1747 1.181376
1748 1.181762
1749 1.181788
1750 1.181888
1751 1.182440
1752 1.181910
1753 1.181618
1754 1.182152
1755 1.181796
1756 1.182190
1757 1.182644
1758 1.182458
1759 1.182470
1760 1.182274
1762 1.181140
1763 1.180790
1764 1.181022
1765 1.181092
1766 1.180634
1767 1.180490
1768 1.180112
1769 1.180230
1770 1.180782
1771 1.180540
1772 1.180730
1773 1.180738
1774 1.180772
1775 1.181256
1776 1.181380
1777 1.181240
1778 1.180750
1779 1.180434
1780 1.180226
1782 1.180324
1783 1.180830
1784 1.180974
1785 1.180818
1786 1.180658
1787 1.180942
1788 1.181552
1789 1.181342
1790 1.181182
1791 1.181096
1792 1.181754
1793 1.182108
1794 1.181678
1795 1.181382
1796 1.181526
1797 1.182060
1798 1.181480
1799 1.181084
1800 1.181072
1802 1.181150
1803 1.181204
1804 1.181686
1805 1.180998
1806 1.181776
1807 1.182300
1808 1.182434
1809 1.182580
1810 1.182334
1811 1.182150
1812 1.181972
1813 1.181482
1814 1.181672
1815 1.181268
1816 1.181344
1817 1.181592
1818 1.181534
1819 1.182100
1820 1.182356
1822 1.181598
1823 1.182024
1824 1.181748
1825 1.182018
1826 1.182036
1827 1.182640
1828 1.183180
1829 1.183054
1830 1.183552
1831 1.183012
1832 1.183062
1833 1.182958
1834 1.183636
1835 1.183810
1836 1.183714
1837 1.183758
1838 1.183086
1839 1.182936
1840 1.183170
1842 1.183612
1843 1.183954
1844 1.184184
1845 1.184262
1846 1.184870
1847 1.185142
1848 1.185466
1849 1.185034
1850 1.184890
1851 1.184806
1852 1.185244
1853 1.185396
1854 1.184896
1855 1.185108
1856 1.184836
1857 1.184570
1858 1.183926
1859 1.184004
1860 1.184148
1862 1.183644
1863 1.183012
1864 1.182424
1865 1.182534
1866 1.182100
1867 1.182486
1868 1.182716
1869 1.183394
1870 1.182868
1871 1.182112
1872 1.181718
1873 1.181296
1874 1.181658
1875 1.182354
1876 1.182012
1877 1.181998
1878 1.182146
1879 1.182320
1880 1.183374
1882 1.182606
1883 1.182924
1884 1.183606
1885 1.183358
1886 1.183030
1887 1.182632
1888 1.183182
1889 1.183090
1890 1.182966
1891 1.182278
1892 1.182182
1893 1.182090
1894 1.182206
1895 1.182256
1896 1.182396
1897 1.182380
1898 1.183366
1899 1.183300
1900 1.183460
1902 1.182686
1903 1.183230
1904 1.183774
1905 1.184000
1906 1.184840
1907 1.184956
1908 1.185148
1909 1.185470
1910 1.185112
1911 1.184994
1912 1.184792
1913 1.185202
1914 1.185450
1915 1.185454
1916 1.185526
1917 1.185530
1918 1.185338
1919 1.184542
1920 1.183934
1922 1.184280
1923 1.184788
1924 1.185084
1925 1.184822
1926 1.185078
1927 1.185258
1928 1.184268
1929 1.184346
1930 1.184608
1931 1.184746
1932 1.184492
1933 1.184640
1934 1.185042
1935 1.184576
1936 1.184370
1937 1.184078
1938 1.184182
1939 1.183820
1940 1.183560
1942 1.183478
1943 1.183248
1944 1.182716
1945 1.182700
1946 1.183380
1947 1.183678
1948 1.183948
1949 1.184232
1950 1.184570
1951 1.184296
1952 1.184426
1953 1.183902
1954 1.183968
1955 1.184314
1956 1.184362
1957 1.183696
1958 1.183512
1959 1.183932
1960 1.183486
1962 1.182310
1963 1.181650
1964 1.181734
1965 1.181804
1966 1.181476
1967 1.181376
1968 1.181784
1969 1.182234
1970 1.182598
1971 1.182540
1972 1.182954
1973 1.182752
1974 1.182480
1975 1.182614
1976 1.182974
1977 1.183190
1978 1.183256
1979 1.183048
1980 1.182952
1982 1.182900
1983 1.182450
1984 1.182866
1985 1.182862
1986 1.182754
1987 1.182324
1988 1.182650
1989 1.182954
1990 1.183006
1991 1.182848
1992 1.183322
1993 1.183430
1994 1.183048
1995 1.183372
1996 1.183130
1997 1.182518
1998 1.182972
1999 1.183102
2000 1.183372
2002 1.183234
2003 1.183652
2004 1.183564
2005 1.183172
2006 1.183782
2007 1.184594
2008 1.184554
2009 1.184520
2010 1.184284
2011 1.184836
2012 1.184432
2013 1.184470
2014 1.184734
2015 1.184654
2016 1.184450
2017 1.184424
2018 1.184532
2019 1.184720
2020 1.184892
2022 1.184084
2023 1.183948
2024 1.183798
2025 1.183574
2026 1.183514
2027 1.183508
2028 1.183056
2029 1.182498
2030 1.182500
2031 1.182028
2032 1.181536
2033 1.181916
2034 1.182224
2035 1.182442
2036 1.182692
2037 1.182792
2038 1.183812
2039 1.183536
2040 1.183774
2042 1.183242
2043 1.183570
2044 1.183722
2045 1.183236
2046 1.183140
2047 1.183446
2048 1.183398
2049 1.182506
2050 1.182754
2051 1.182750
2052 1.183394
2053 1.183688
2054 1.183836
2055 1.183478
2056 1.183012
2057 1.182894
2058 1.183032
2059 1.183292
2060 1.183438
2062 1.183368
2063 1.183400
2064 1.183972
2065 1.184434
2066 1.184808
2067 1.184770
2068 1.184762
2069 1.185078
2070 1.184058
2071 1.184364
2072 1.184422
2073 1.184222
2074 1.183864
2075 1.184098
2076 1.183790
2077 1.183522
2078 1.183188
2079 1.183148
2080 1.183186
2082 1.183564
2083 1.183468
2084 1.183112
2085 1.183456
2086 1.183442
2087 1.183174
2088 1.182502
2089 1.182874
2090 1.182832
2091 1.182424
2092 1.182236
2093 1.181590
2094 1.181442
2095 1.181702
2096 1.181672
2097 1.181132
2098 1.181506
2099 1.181936
2100 1.182296
2102 1.182800
2103 1.183168
2104 1.183214
2105 1.182810
2106 1.183014
2107 1.183210
2108 1.183864
2109 1.183308
2110 1.182956
2111 1.182944
2112 1.182932
2113 1.183074
2114 1.183268
2115 1.182790
2116 1.183184
2117 1.183072
2118 1.183378
2119 1.183588
2120 1.183536
2122 1.184374
2123 1.184206
2124 1.184468
2125 1.184416
2126 1.183724
2127 1.183030
2128 1.182926
2129 1.183500
2130 1.183350
2131 1.183258
2132 1.183808
2133 1.183764
2134 1.183570
2135 1.182928
2136 1.183678
2137 1.183572
2138 1.183674
2139 1.183418
2140 1.183164
2142 1.183636
2143 1.183622
2144 1.183294
2145 1.183384
2146 1.183468
2147 1.184158
2148 1.183578
2149 1.182664
2150 1.182424
2151 1.182504
2152 1.182966
2153 1.182812
2154 1.182694
2155 1.182944
2156 1.183284
2157 1.182906
2158 1.182742
2159 1.181952
2160 1.182078
2162 1.182260
2163 1.182346
2164 1.181888
2165 1.181612
2166 1.181962
2167 1.182176
2168 1.182552
2169 1.183628
2170 1.183802
2171 1.183740
2172 1.183896
2173 1.183798
2174 1.183750
2175 1.184162
2176 1.183228
2177 1.183426
2178 1.183206
2179 1.183196
2180 1.182844
2182 1.183400
2183 1.183206
2184 1.183710
2185 1.183650
2186 1.183508
2187 1.182796
2188 1.183172
2189 1.183708
2190 1.183612
2191 1.183544
2192 1.183202
2193 1.183398
2194 1.183074
2195 1.183280
2196 1.183154
2197 1.182898
2198 1.182560
2199 1.182842
2200 1.182642
2202 1.182210
2203 1.182458
2204 1.182342
2205 1.182212
2206 1.181900
2207 1.181770
2208 1.181490
2209 1.181478
2210 1.181630
2211 1.181336
2212 1.182254
2213 1.181818
2214 1.181864
2215 1.181406
2216 1.181196
2217 1.181430
2218 1.182208
2219 1.182174
2220 1.182172
2222 1.181442
2223 1.181066
2224 1.180464
2225 1.180438
2226 1.180298
2227 1.181066
2228 1.181222
2229 1.181528
2230 1.181342
2231 1.181034
2232 1.181070
2233 1.181406
2234 1.181832
2235 1.181768
2236 1.181864
2237 1.181688
2238 1.181492
2239 1.181326
2240 1.182164
2242 1.181648
2243 1.181404
2244 1.181106
2245 1.181554
2246 1.182280
2247 1.182148
2248 1.182268
2249 1.181248
2250 1.181620
2251 1.181626
2252 1.182286
2253 1.182086
2254 1.181930
2255 1.182376
2256 1.182120
2257 1.182144
2258 1.182436
2259 1.182506
2260 1.182416
2262 1.182248
2263 1.182240
2264 1.182352
2265 1.182372
2266 1.182022
2267 1.182010
2268 1.181622
2269 1.181504
2270 1.181302
2271 1.180934
2272 1.180120
2273 1.180302
2274 1.180928
2275 1.180560
2276 1.180634
2277 1.181184
2278 1.180782
2279 1.180234
2280 1.180244
2282 1.179850
2283 1.179988
2284 1.179982
2285 1.180552
2286 1.180260
2287 1.180266
2288 1.181456
2289 1.181542
2290 1.182164
2291 1.182816
2292 1.182982
2293 1.182216
2294 1.182194
2295 1.181520
2296 1.181550
2297 1.181198
2298 1.181504
2299 1.182168
2300 1.182420
2302 1.182302
2303 1.182552
2304 1.182732
2305 1.183098
2306 1.182878
2307 1.183008
2308 1.182948
2309 1.182952
2310 1.183384
2311 1.183182
2312 1.183100
2313 1.182952
2314 1.182462
2315 1.183170
2316 1.182890
2317 1.183018
2318 1.182700
2319 1.182822
2320 1.182444
2322 1.181762
2323 1.181754
2324 1.181640
2325 1.181900
2326 1.182068
2327 1.182018
2328 1.182160
2329 1.182170
2330 1.182206
2331 1.182210
2332 1.182026
2333 1.181762
2334 1.181458
2335 1.181324
2336 1.180952
2337 1.180578
2338 1.180708
2339 1.181210
2340 1.180292
2342 1.180702
2343 1.181576
2344 1.181608
2345 1.181652
2346 1.181816
2347 1.181692
2348 1.181380
2349 1.180514
2350 1.180790
2351 1.180478
2352 1.180792
2353 1.181292
2354 1.180978
2355 1.180888
2356 1.180014
2357 1.180020
2358 1.180540
2359 1.180674
2360 1.180820
2362 1.181148
2363 1.180850
2364 1.180762
2365 1.180570
2366 1.180842
2367 1.181632
2368 1.181420
2369 1.181620
2370 1.182204
2371 1.181894
2372 1.182082
2373 1.182742
2374 1.182184
2375 1.182400
2376 1.183080
2377 1.182858
2378 1.182326
2379 1.182716
2380 1.182294
2382 1.181718
2383 1.181600
2384 1.181648
2385 1.181770
2386 1.182322
2387 1.182180
2388 1.182060
2389 1.182114
2390 1.182396
2391 1.182552
2392 1.182900
2393 1.182966
2394 1.182782
2395 1.182366
2396 1.182460
2397 1.181994
2398 1.181250
2399 1.181316
2400 1.181320
2402 1.180744
2403 1.180652
2404 1.180466
2405 1.181220
2406 1.181364
2407 1.182020
2408 1.181482
2409 1.181360
2410 1.181606
2411 1.181940
2412 1.183342
2413 1.182778
2414 1.183156
2415 1.182954
2416 1.182918
2417 1.182678
2418 1.182454
2419 1.182090
2420 1.182220
2422 1.181716
2423 1.181790
2424 1.182522
2425 1.183152
2426 1.183420
2427 1.183494
2428 1.184032
2429 1.183744
2430 1.183400
2431 1.183456
2432 1.183498
2433 1.183182
2434 1.182748
2435 1.182312
2436 1.181930
2437 1.182250
2438 1.181782
2439 1.182410
2440 1.182578
2442 1.182608
2443 1.182994
2444 1.182890
2445 1.182392
2446 1.182668
2447 1.182986
2448 1.182674
2449 1.182200
2450 1.182508
2451 1.182738
2452 1.182656
2453 1.182726
2454 1.182412
2455 1.182842
2456 1.182794
2457 1.182358
2458 1.182374
2459 1.182728
2460 1.183200
2462 1.183182
2463 1.183520
2464 1.183752
2465 1.183534
2466 1.182520
2467 1.182498
2468 1.183378
2469 1.183730
2470 1.184028
2471 1.183868
2472 1.184138
2473 1.183878
2474 1.184160
2475 1.184116
2476 1.184290
2477 1.183858
2478 1.183800
2479 1.182966
2480 1.183334
2482 1.183270
2483 1.183638
2484 1.183918
2485 1.183588
2486 1.183192
2487 1.183492
2488 1.183296
2489 1.182806
2490 1.183264
2491 1.183606
2492 1.182890
2493 1.183408
2494 1.183768
2495 1.183942
2496 1.184088
2497 1.184442
2498 1.184450
2499 1.184534
2500 1.184640
2502 1.185688
2503 1.186496
2504 1.186352
2505 1.186490
2506 1.186426
2507 1.186402
2508 1.186290
2509 1.186450
2510 1.185456
2511 1.185232
2512 1.184980
2513 1.185010
2514 1.184996
2515 1.184886
2516 1.185214
2517 1.184746
2518 1.184498
2519 1.184446
2520 1.184372
2522 1.184746
2523 1.184392
2524 1.184440
2525 1.184934
2526 1.184844
2527 1.185356
2528 1.184630
2529 1.184282
2530 1.183458
2531 1.183108
2532 1.182846
2533 1.182848
2534 1.182940
2535 1.183116
2536 1.182580
2537 1.182000
2538 1.182062
2539 1.181768
2540 1.181934
2542 1.181802
2543 1.181144
2544 1.180846
2545 1.180738
2546 1.180578
2547 1.180640
2548 1.180918
2549 1.181706
2550 1.181868
2551 1.181980
2552 1.181956
2553 1.181376
2554 1.181460
2555 1.181716
2556 1.182706
2557 1.182588
2558 1.182106
2559 1.182034
2560 1.181820
2562 1.181890
2563 1.181530
2564 1.181476
2565 1.181548
2566 1.182112
2567 1.182254
2568 1.182720
2569 1.182298
2570 1.182630
2571 1.182500
2572 1.182944
2573 1.183134
2574 1.183372
2575 1.183916
2576 1.183552
2577 1.183698
2578 1.183818
2579 1.184366
2580 1.183970
2582 1.183616
2583 1.183280
2584 1.182636
2585 1.182216
2586 1.181770
2587 1.181830
2588 1.181840
2589 1.181980
2590 1.181766
2591 1.181336
2592 1.181344
2593 1.181500
2594 1.181554
2595 1.182026
2596 1.181520
2597 1.181888
2598 1.182090
2599 1.182176
2600 1.182020
2602 1.181318
2603 1.181462
2604 1.181974
2605 1.182454
2606 1.181924
2607 1.181888
2608 1.181758
2609 1.182242
2610 1.182006
2611 1.182200
2612 1.182448
2613 1.183002
2614 1.183278
2615 1.183468
2616 1.184272
2617 1.184464
2618 1.184210
2619 1.183590
2620 1.183668
2622 1.183294
2623 1.183378
2624 1.183006
2625 1.183004
2626 1.183420
2627 1.183288
2628 1.182730
2629 1.183052
2630 1.183176
2631 1.183182
2632 1.182820
2633 1.182492
2634 1.182370
2635 1.182316
2636 1.182438
2637 1.182772
2638 1.182478
2639 1.182706
2640 1.182806
2642 1.182800
2643 1.182828
2644 1.182440
2645 1.182530
2646 1.182840
2647 1.182804
2648 1.182846
2649 1.183116
2650 1.183076
2651 1.182852
2652 1.183062
2653 1.183174
2654 1.183692
2655 1.183434
2656 1.183184
2657 1.183244
2658 1.182848
2659 1.182674
2660 1.182572
2662 1.183184
2663 1.183658
2664 1.183540
2665 1.183926
2666 1.183954
2667 1.183698
2668 1.183182
2669 1.184264
2670 1.183616
2671 1.182838
2672 1.182776
2673 1.183074
2674 1.182774
2675 1.182298
2676 1.182208
2677 1.181718
2678 1.181838
2679 1.182402
2680 1.181930
2682 1.181974
2683 1.181374
2684 1.181296
2685 1.181318
2686 1.181080
2687 1.181082
2688 1.181202
2689 1.180850
2690 1.181210
2691 1.180806
2692 1.180572
2693 1.180844
2694 1.180560
2695 1.180096
2696 1.179722
2697 1.180170
2698 1.180304
2699 1.180308
2700 1.180592
2702 1.180162
2703 1.180382
2704 1.180294
2705 1.182092
2706 1.182238
2707 1.182042
2708 1.182670
2709 1.183222
2710 1.183322
2711 1.182738
2712 1.182772
2713 1.183026
2714 1.182404
2715 1.182120
2716 1.182676
2717 1.183030
2718 1.182744
2719 1.182742
2720 1.182514
2722 1.183224
2723 1.182956
2724 1.183646
2725 1.184236
2726 1.183662
2727 1.183358
2728 1.183014
2729 1.183278
2730 1.183952
2731 1.184478
2732 1.185100
2733 1.184628
2734 1.184408
2735 1.184400
2736 1.184400
2737 1.184098
2738 1.184356
2739 1.184238
2740 1.184364
2742 1.184756
2743 1.184356
2744 1.184916
2745 1.184730
2746 1.184514
2747 1.183730
2748 1.183244
2749 1.182636
2750 1.182466
2751 1.182766
2752 1.183232
2753 1.183364
2754 1.183030
2755 1.182686
2756 1.183204
2757 1.183984
2758 1.184402
2759 1.185030
2760 1.184968
2762 1.185030
2763 1.185222
2764 1.184930
2765 1.184302
2766 1.183810
2767 1.183512
2768 1.184574
2769 1.184524
2770 1.184832
2771 1.184818
2772 1.184302
2773 1.184776
2774 1.184864
2775 1.184392
2776 1.183818
2777 1.183538
2778 1.183550
2779 1.183614
2780 1.183674
2782 1.184402
2783 1.184214
2784 1.184520
2785 1.184484
2786 1.184488
2787 1.184846
2788 1.185118
2789 1.185486
2790 1.185812
2791 1.185812
2792 1.185812
2793 1.185812
2794 1.185812
2795 1.185812
2796 1.185812
2797 1.185812
2798 1.185812
2799 1.185812


Active cycles: 1298
k_mean: 1.182625
k_stddev(cycle): 0.001270
k_stderr(mean): 0.000035
