1 0.591212
2 1.079846
3 1.110547
4 1.130115
5 1.141152
6 1.151207
7 1.156766
8 1.161744
9 1.166679
10 1.168200
11 1.171131
12 1.175435
13 1.174594
14 1.176739
15 1.176329
16 1.179054
17 1.177989
18 1.180001
19 1.180534
20 1.179702
21 1.180339
22 1.180133
23 1.178155
24 1.180167
25 1.181614
26 1.180683
27 1.180842
28 1.179472
29 1.182738
30 1.181512
31 1.179916
32 1.182892
33 1.181662
34 1.181601
35 1.180268
36 1.180337
37 1.180513
38 1.179259
39 1.182573
40 1.181003
41 1.181656
42 1.181123
43 1.182328
44 1.181029
45 1.182235
46 1.181225
47 1.182526
48 1.182789
49 1.182251
50 1.182297
51 1.179949
52 1.180326
53 1.180138
54 1.181030
55 1.180802
56 1.182809
57 1.181596
58 1.182678
59 1.182229
60 1.181429
61 1.183606
62 1.180897
63 1.181849
64 1.180482
65 1.182454
66 1.182250
67 1.182823
68 1.181706
69 1.184999
70 1.182488
71 1.183747
72 1.181352
73 1.182224
74 1.181486
75 1.181852
76 1.180886
77 1.183327
78 1.183419
79 1.183591
80 1.182898
81 1.183731
82 1.182909
83 1.181552
84 1.182252
85 1.182906
86 1.183875
87 1.181636
88 1.182825
89 1.183979
90 1.183592
91 1.183893
92 1.184266
93 1.183366
94 1.182564
95 1.182488
96 1.182484
97 1.182658
98 1.181839
99 1.182285
100 1.182498
101 1.182832
102 1.182114
103 1.183521
104 1.184698
105 1.183647
106 1.183149
107 1.183766
108 1.183384
109 1.183423
110 1.184090
111 1.181465
112 1.183306
113 1.182958
114 1.181640
115 1.182424
116 1.183338
117 1.184005
118 1.182589
119 1.182767
120 1.182724
121 1.182681
122 1.182310
123 1.183747
124 1.182371
125 1.183888
126 1.183301
127 1.184774
128 1.184582
129 1.181422
130 1.182498
131 1.182403
132 1.183833
133 1.181487
134 1.182540
135 1.182116
136 1.182938
137 1.181796
138 1.182266
139 1.183175
140 1.182525
141 1.182290
142 1.181824
143 1.183463
144 1.183695
145 1.182090
146 1.182807
147 1.183018
148 1.183714
149 1.181864
150 1.185532
151 1.183591
152 1.183138
153 1.183922
154 1.183856
155 1.183711
156 1.181883
157 1.183865
158 1.183387
159 1.183277
160 1.183744
161 1.180809
162 1.183231
163 1.184221
164 1.183850
165 1.182618
166 1.181464
167 1.182290
168 1.183596
169 1.183496
170 1.183183
171 1.183399
172 1.185172
173 1.183248
174 1.181718
175 1.183008
176 1.183308
177 1.181070
178 1.182459
179 1.181854
180 1.182138
181 1.183849
182 1.184924
183 1.183858
184 1.183182
185 1.182858
186 1.183755
187 1.183330
188 1.182402
189 1.181610
190 1.183263
191 1.182751
192 1.182754
193 1.183668
194 1.183281
195 1.184707
196 1.182696
197 1.183479
198 1.181430
199 1.182636
200 1.182827
201 1.183355
202 1.182850
203 1.183949
204 1.182557
205 1.182783
206 1.182943
207 1.185009
208 1.183449
209 1.183719
210 1.183786
211 1.183181
212 1.184320
213 1.183314
214 1.183929
215 1.183178
216 1.183121
217 1.182054
218 1.182763
219 1.182378
220 1.183163
221 1.182854
222 1.182457
223 1.180488
224 1.184292
225 1.182955
226 1.183271
227 1.183517
228 1.183676
229 1.185050
230 1.182938
231 1.183447
232 1.182852
233 1.183451
234 1.181580
235 1.181605
236 1.181836
237 1.183194
238 1.183897
239 1.185058
240 1.182595
241 1.182057
242 1.182744
243 1.183423
244 1.184526
245 1.181588
246 1.183159
247 1.181743
248 1.183844
249 1.182114
250 1.182608
251 1.183721
252 1.182017
253 1.182709
254 1.184789
255 1.181454
256 1.183490
257 1.183358
258 1.183187
259 1.182813
260 1.183038
261 1.183023
262 1.182825
263 1.182536
264 1.183333
265 1.181592
266 1.182553
267 1.181839
268 1.183129
269 1.183547
270 1.183416
271 1.183324
272 1.183318
273 1.183363
274 1.183593
275 1.183437
276 1.183811
277 1.182469
278 1.183697
279 1.182544
280 1.183955
281 1.183395
282 1.181537
283 1.182212
284 1.182728
285 1.184309
286 1.182908
287 1.183631
288 1.183419
289 1.182304
290 1.183327
291 1.182585
292 1.182517
293 1.183328
294 1.183476
295 1.183457
296 1.182050
297 1.184662
298 1.182265
299 1.182689
300 1.183725
301 1.183240
302 1.183526
303 1.183006
304 1.183103
305 1.184807
306 1.181290
307 1.182177
308 1.182057
309 1.184153
310 1.183387
311 1.182202
312 1.182577
313 1.183474
314 1.183407
315 1.183444
316 1.181651
317 1.183959
318 1.184206
319 1.182483
320 1.182350
321 1.182537
322 1.181107
323 1.181960
324 1.182505
325 1.182061
326 1.183418
327 1.183212
328 1.182648
329 1.184134
330 1.181895
331 1.183876
332 1.181605
333 1.183349
334 1.182653
335 1.182618
336 1.184072
337 1.182797
338 1.182808
339 1.182943
340 1.182064
341 1.183020
342 1.183200
343 1.180963
344 1.182390
345 1.182528
346 1.182565
347 1.183417
348 1.182709
349 1.182726
350 1.181623
351 1.182934
352 1.182136
353 1.182737
354 1.184317
355 1.182275
356 1.184124
357 1.182789
358 1.184271
359 1.183667
360 1.181812
361 1.182952
362 1.182477
363 1.182791
364 1.182458
365 1.184708
366 1.181287
367 1.183040
368 1.182894
369 1.182839
370 1.183846
371 1.184484
372 1.182579
373 1.181673
374 1.182300
375 1.183129
376 1.181168
377 1.183115
378 1.182258
379 1.183516
380 1.183145
381 1.183589
382 1.183603
383 1.181131
384 1.182714
385 1.182001
386 1.184379
387 1.183127
388 1.182357
389 1.182288
390 1.184086
391 1.182685
392 1.184311
393 1.182562
394 1.183111
395 1.183031
396 1.182910
397 1.183860
398 1.182634
399 1.182573
400 1.182378
401 1.183375
402 1.181934
403 1.183017
404 1.182724
405 1.181569
406 1.183226
407 1.182416
408 1.183318
409 1.183414
410 1.181312
411 1.181324
412 1.183287
413 1.182074
414 1.182610
415 1.183666
416 1.183761
417 1.181884
418 1.182587
419 1.183167
420 1.182879
421 1.183339
422 1.183122
423 1.182892
424 1.182722
425 1.183379
426 1.181918
427 1.180851
428 1.184324
429 1.183289
430 1.183704
431 1.182483
432 1.181638
433 1.182373
434 1.180926
435 1.181117
436 1.183711
437 1.183051
438 1.181851
439 1.182622
440 1.184024
441 1.183515
442 1.182032
443 1.183269
444 1.182821
445 1.184019
446 1.183191
447 1.181802
448 1.182832
449 1.182249
450 1.183060
451 1.182977
452 1.183975
453 1.183689
454 1.181368
455 1.181895
456 1.183256
457 1.182002
458 1.182475
459 1.184080
460 1.182814
461 1.182595
462 1.180676
463 1.183949
464 1.184561
465 1.181828
466 1.183660
467 1.181999
468 1.182877
469 1.183922
470 1.181538
471 1.182024
472 1.182254
473 1.182430
474 1.184190
475 1.183252
476 1.182429
477 1.183512
478 1.181684
479 1.180998
480 1.182012
481 1.182253
482 1.181456
483 1.182387
484 1.182781
485 1.183945
486 1.183531
487 1.183175
488 1.182857
489 1.182534
490 1.182201
491 1.183843
492 1.184363
493 1.183143
494 1.183875
495 1.183497
496 1.182755
497 1.183920
498 1.182653
499 1.183669
500 1.183225
501 1.183670


Active cycles: 300
k_mean: 1.182910
k_stddev(cycle): 0.000869
k_stderr(mean): 0.000050
Difference with the reference K: -0.000900, Per cent error: -0.076040
Reactivity(rho): 0.154627, pcm difference: -64.281928
Total Time: 403.854391seconds. Average: 0.806097 seconds per cycle.
