1 1.183810
2 1.182697
3 1.189611
4 1.202053
5 1.217537
6 1.234880
7 1.251844
8 1.268914
9 1.286233
10 1.303576
11 1.320434
12 1.336912
13 1.352018
14 1.368094
15 1.384051
16 1.400045
17 1.416097
18 1.431522
19 1.447078
20 1.465024
21 1.482805
22 1.499603
23 1.517597
24 1.535709
25 1.553644
26 1.572052
27 1.589963
28 1.608821
29 1.627324
30 1.645839
31 1.662211
32 1.680868
33 1.696802
34 1.713731
35 1.732553
36 1.751660
37 1.768932
38 1.785896
39 1.805535
40 1.825707
41 1.843464
42 1.859481
43 1.876576
44 1.894712
45 1.912800
46 1.931942
47 1.949700
48 1.966368
49 1.983864
50 1.999349
51 2.015437
52 2.031300
53 2.047293
54 2.063381
55 2.079185
56 2.093355
57 2.107359
58 2.124205
59 2.141039
60 2.155907
61 2.170066
62 2.184994
63 2.199294
64 2.215453
65 2.230783
66 2.244362
67 2.258638
68 2.272667
69 2.287796
70 2.300178
71 2.301978
72 2.302262
73 2.301196
74 2.300332
75 2.300001
76 2.299965
77 2.299468
78 2.300747
79 2.300948
80 2.299634
81 2.300699
82 2.300391
83 2.299054
84 2.299267
85 2.299385
86 2.299326
87 2.298095
88 2.299456
89 2.298497
90 2.299930
91 2.299172
92 2.300167
93 2.298912
94 2.298983
95 2.301338
96 2.299681
97 2.300723
98 2.300782
99 2.300167
100 2.297444
101 2.299953
102 2.301611
103 2.300889
104 2.300794
105 2.299800
106 2.301528
107 2.299421
108 2.301658
109 2.301966
110 2.299137
111 2.300155
112 2.298983
113 2.300628
114 2.300380
115 2.299480
116 2.300912
117 2.301054
118 2.299409
119 2.301149
120 2.299634
121 2.301338
122 2.300806
123 2.300178
124 2.301824
125 2.300841
126 2.299918
127 2.299634
128 2.301552
129 2.302025
130 2.300202
131 2.300510
132 2.300013
133 2.300131
134 2.300841
135 2.301682
136 2.301244
137 2.300877
138 2.299681
139 2.298852
140 2.300285
141 2.300912
142 2.300948
143 2.300451
144 2.298497
145 2.299421
146 2.301741
147 2.300072
148 2.300072
149 2.301019
150 2.300747
151 2.300794
152 2.299279
153 2.300024
154 2.300616
155 2.300143
156 2.300640
157 2.301978
158 2.300356
159 2.300581
160 2.299859
161 2.299882
162 2.299859
163 2.300664
164 2.300557
165 2.299066
166 2.300332
167 2.299930
168 2.299054
169 2.299326
170 2.300486
171 2.300877
172 2.300747
173 2.300095
174 2.300368
175 2.300356
176 2.300853
177 2.299563
178 2.300924
179 2.300735
180 2.300699
181 2.299575
182 2.299610
183 2.300155
184 2.299705
185 2.299160
186 2.299338
187 2.300628
188 2.301173
189 2.301043
190 2.300001
191 2.300806
192 2.300676
193 2.300533
194 2.301090
195 2.299764
196 2.301599
197 2.300273
198 2.299894
199 2.299397
200 2.300853
201 2.300462
202 2.300995
203 2.298924
204 2.301978
205 2.299847
206 2.299539
207 2.300403
208 2.298817
209 2.300380
210 2.298900
211 2.300486
212 2.300877
213 2.300084
214 2.300214
215 2.297858
216 2.299705
217 2.300522
218 2.300628
219 2.298722
220 2.299918
221 2.300226
222 2.299575
223 2.299125
224 2.299385
225 2.299882
226 2.300261
227 2.300841
228 2.300462
229 2.299598
230 2.299717
231 2.300226
232 2.297716
233 2.299847
234 2.300131
235 2.298474
236 2.298935
237 2.298249
238 2.299279
239 2.299634
240 2.298710
241 2.299859
242 2.298781
243 2.299705
244 2.299622
245 2.300758
246 2.300024
247 2.298734
248 2.298403
249 2.300084
250 2.299196
251 2.300391
252 2.298888
253 2.299385
254 2.299894
255 2.298485
256 2.300202
257 2.299148
258 2.300593
259 2.297562
260 2.299764
261 2.299989
262 2.299752
263 2.299030
264 2.300652
265 2.297290
266 2.300368
267 2.299314
268 2.298900
269 2.299942
270 2.299231
271 2.299208
272 2.298426
273 2.299433
274 2.298746
275 2.297266
276 2.299077
277 2.299397
278 2.300841
279 2.300900
280 2.299480
281 2.298781
282 2.299776
283 2.298841
284 2.300474
285 2.299231
286 2.297787
287 2.299385
288 2.299740
289 2.300190
290 2.299290
291 2.299965
292 2.299634
293 2.299657
294 2.299350
295 2.299030
296 2.299882
297 2.299030
298 2.297988
299 2.297029
300 2.298426
301 2.298616
302 2.297420
303 2.299279
304 2.299433
305 2.299006
306 2.299634
307 2.299468
308 2.300794
309 2.298841
310 2.297456
311 2.299018
312 2.298734
313 2.296840
314 2.297846
315 2.298296
316 2.298036
317 2.299362
318 2.298947
319 2.298805
320 2.299006
321 2.300640
322 2.300131
323 2.299054
324 2