1 1.183810
2 1.187326
3 1.193872
4 1.203438
5 1.216388
6 1.228049
7 1.237898
8 1.246398
9 1.254602
10 1.263338
11 1.268263
12 1.275449
13 1.282114
14 1.289287
15 1.297314
16 1.304121
17 1.310833
18 1.317853
19 1.324968
20 1.331644
21 1.338889
22 1.347188
23 1.356457
24 1.363796
25 1.371112
26 1.379423
27 1.386301
28 1.391947
29 1.400057
30 1.407811
31 1.415529
32 1.422679
33 1.431593
34 1.438246
35 1.444994
36 1.452689
37 1.459212
38 1.465912
39 1.473405
40 1.481029
41 1.487907
42 1.495957
43 1.502539
44 1.509748
45 1.516543
46 1.523173
47 1.528879
48 1.533673
49 1.540362
50 1.547180
51 1.553230
52 1.560202
53 1.565648
54 1.570975
55 1.578102
56 1.581689
57 1.588010
58 1.592367
59 1.594663
60 1.599718
61 1.605069
62 1.611035
63 1.615380
64 1.621003
65 1.627976
66 1.632000
67 1.636712
68 1.641708
69 1.644099
70 1.647828
71 1.653487
72 1.656399
73 1.660033
74 1.664247
75 1.668912
76 1.673162
77 1.676583
78 1.680028
79 1.684088
80 1.685840
81 1.688539
82 1.690173
83 1.693121
84 1.694186
85 1.697808
86 1.700946
87 1.707054
88 1.710925
89 1.712050
90 1.714607
91 1.717057
92 1.719851
93 1.722929
94 1.725462
95 1.726445
96 1.727806
97 1.727913
98 1.728812
99 1.731381
100 1.731571
101 1.731180
102 1.733417
103 1.735892
104 1.738958
105 1.741870
106 1.745007
107 1.747209
108 1.748085
109 1.749328
110 1.749529
111 1.751565
112 1.751991
113 1.754193
114 1.757023
115 1.758242
116 1.760456
117 1.762326
118 1.763699
119 1.766197
120 1.767736
121 1.769464
122 1.770530
123 1.774152
124 1.775360
125 1.776165
126 1.777278
127 1.776840
128 1.776177
129 1.778142
130 1.782155
131 1.783907
132 1.786050
133 1.786073
134 1.787091
135 1.787494
136 1.791235
137 1.791815
138 1.792359
139 1.792371
140 1.795295
141 1.796313
142 1.797544
143 1.797272
144 1.798645
145 1.798906
146 1.799628
147 1.800196
148 1.799723
149 1.801285
150 1.803274
151 1.804529
152 1.804553
153 1.804553
154 1.803475
155 1.805796
156 1.808282
157 1.808436
158 1.808826
159 1.809560
160 1.808850
161 1.810140
162 1.810448
163 1.811194
164 1.811987
165 1.813952
166 1.816414
167 1.814745
168 1.816355
169 1.816616
170 1.817065
171 1.818297
172 1.817113
173 1.817444
174 1.819338
175 1.818664
176 1.820274
177 1.819895
178 1.820830
179 1.820735
180 1.822203
181 1.822262
182 1.822535
183 1.821102
184 1.821469
185 1.821789
186 1.821824
187 1.822511
188 1.822700
189 1.822736
190 1.824500
191 1.822878
192 1.822724
193 1.823269
194 1.823186
195 1.822440
196 1.822914
197 1.824003
198 1.824192
199 1.824346
200 1.823458
201 1.825352
202 1.824630
203 1.823718
204 1.822416
205 1.823517
206 1.823813
207 1.823150
208 1.823494
209 1.825246
210 1.825565
211 1.825743
212 1.828347
213 1.830608
214 1.831520
215 1.831011
216 1.830738
217 1.831626
218 1.830573
219 1.830916
220 1.831413
221 1.832218
222 1.832266
223 1.833816
224 1.833840
225 1.834254
226 1.835119
227 1.835651
228 1.837676
229 1.838670
230 1.838611
231 1.838942
232 1.839913
233 1.839333
234 1.839096
235 1.838362
236 1.838421
237 1.839179
238 1.838788
239 1.838066
240 1.836847
241 1.838339
242 1.838196
243 1.838492
244 1.838196
245 1.839475
246 1.840316
247 1.839771
248 1.839866
249 1.840375
250 1.839830
251 1.840410
252 1.838871
253 1.839155
254 1.839392
255 1.838327
256 1.836575
257 1.836302
258 1.837463
259 1.837616
260 1.839499
261 1.841192
262 1.841547
263 1.841559
264 1.841961
265 1.842719
266 1.842292
267 1.842446
268 1.841724
269 1.841251
270 1.840967
271 1.841097
272 1.841298
273 1.840197
274 1.840233
275 1.840931
276 1.840540
277 1.842210
278 1.841085
279 1.841523
280 1.842068
281 1.843607
282 1.842932
283 1.843393
284 1.845418
285 1.846507
286 1.845832
287 1.847241
288 1.849218
289 1.849502
290 1.848981
291 1.849845
292 1.850224
293 1.850236
294 1.851159
295 1.850508
296 1.849940
297 1.850260
298 1.851124
299 1.851112
300 1.851195
301 1.850260
302 1.849786
303 1.850117
304 1.850070
305 1.849715
306 1.848579
307 1.848851
308 1.848697
309 1.849312
310 1.848863
311 1.849750
312 1.849940
313 1.848685
314 1.846448
315 1.848129
316 1.848271
317 1.848188
318 1.849194
319 1.849360
320 1.850970
321 1.850520
322 1.850887
323 1.851242
324 1.850473
325 1.849561
326 1.849585
327 1.847643
328 1.849017
329 1.851112
330 1.851349
331 1.852450
332 1.853551
333 1.853184
334 1.853775
335 1.855149
336 1.855504
337 1.853657
338 1.853243
339 1.852817
340 1.852639
341 1.853491
342 1.852769
343 1.851313
344 1.850058
345 1.849833
346 1.851727
347 1.852165
348 1.852959
349 1.853835
350 1.854592
351 1.853444
352 1.854734
353 1.853610
354 1.854876
355 1.855137
356 1.854959
357 1.855847
358 1.854533
359 1.855220
360 1.855397
361 1.855291
362 1.855445
363 1.856344
364 1.856498
365 1.856096
366 1.854865
367 1.852757
368 1.854071
369 1.853314
370 1.854095
371 1.854036
372 1.853551
373 1.855113
374 1.854225
375 1.853018
376 1.853716
377 1.854770
378 1.855741
379 1.855729
380 1.854273
381 1.856439
382 1.857493
383 1.858049
384 1.857883
385 1.858499
386 1.855527
387 1.854817
388 1.854628
389 1.854699
390 1.854675
391 1.854367
392 1.856179
393 1.856688
394 1.856617
395 1.855942
396 1.854415
397 1.855303
398 1.856617
399 1.857777
400 1.858523
401 1.857895
402 1.858262
403 1.858025
404 1.858889
405 1.858013
406 1.858380
407 1.858972
408 1.860121
409 1.859150
410 1.859766
411 1.858901
412 1.858227
413 1.859481
414 1.859884
415 1.857942
416 1.858475
417 1.858132
418 1.857871
419 1.857954
420 1.857220
421 1.859979
422 1.860109
423 1.859766
424 1.858416
425 1.858238
426 1.857954
427 1.856392
428 1.857126
429 1.855918
430 1.855658
431 1.854924
432 1.855729
433 1.856143
434 1.855883
435 1.855610
436 1.855764
437 1.856332
438 1.856392
439 1.857706
440 1.857753
441 1.858404
442 1.857694
443 1.858013
444 1.858238
445 1.857208
446 1.856913
447 1.856356
448 1.855610
449 1.854427
450 1.855385
451 1.856250
452 1.856581
453 1.856853
454 1.856984
455 1.857718
456 1.857220
457 1.858416
458 1.857564
459 1.857978
460 1.860357
461 1.861482
462 1.861174
463 1.858984
464 1.858274
465 1.858286
466 1.857931
467 1.856960
468 1.857552
469 1.857126
470 1.858073
471 1.858392
472 1.861423
473 1.860961
474 1.861541
475 1.862666
476 1.862820
477 1.860724
478 1.859162
479 1.860144
480 1.860772
481 1.860180
482 1.860571
483 1.860748
484 1.861020
485 1.862216
486 1.861589
487 1.861494
488 1.860026
489 1.858286
490 1.857611
491 1.855906
492 1.856297
493 1.855504
494 1.854332
495 1.854379
496 1.854770
497 1.854651
498 1.854651
499 1.854095
500 1.852532
501 1.852023
502 1.852390
503 1.852686
504 1.852319
505 1.852556
506 1.851727
507 1.852071
508 1.849881
509 1.849833
510 1.850946
511 1.849964
512 1.849656
513 1.848354
514 1.847998
515 1.847170
516 1.847300
517 1.849265
518 1.848839
519 1.849478
520 1.850153
521 1.849952
522 1.851076
523 1.850532
524 1.850982
525 1.850626
526 1.853432
527 1.853882
528 1.853065
529 1.852390
530 1.851159
531 1.852686
532 1.854391
533 1.854912
534 1.855539
535 1.854722
536 1.853586
537 1.854817
538 1.854308
539 1.855279
540 1.853468
541 1.853515
542 1.855326
543 1.855338
544 1.854616
545 1.852651
546 1.852189
547 1.851124
548 1.852213
549 1.852686
550 1.854048
551 1.855007
552 1.854924
553 1.855196
554 1.854142
555 1.855516
556 1.855705
557 1.855232
558 1.856368
559 1.858274
560 1.858487
561 1.859256
562 1.857481
563 1.857942
564 1.857256
565 1.855504
566 1.855693
567 1.855717
568 1.855930
569 1.856155
570 1.857066
571 1.856699
572 1.857185
573 1.856072
574 1.856628
575 1.855374
576 1.855729
577 1.857410
578 1.858889
579 1.859884
580 1.858570
581 1.858961
582 1.857635
583 1.859884
584 1.860748
585 1.861790
586 1.862832
587 1.862062
588 1.861600
589 1.860937
590 1.863364
591 1.865045
592 1.866134
593 1.867401
594 1.866904
595 1.866229
596 1.865235
597 1.866087
598 1.865767
599 1.864797
600 1.864856
601 1.862642
602 1.862559
603 1.863270
604 1.863897
605 1.863483
606 1.863577
607 1.862607
608 1.862050
609 1.861837
610 1.863388
611 1.863092
612 1.862867
613 1.864252
614 1.863009
615 1.863731
616 1.863104
617 1.864560
618 1.864098
619 1.864453
620 1.865140
621 1.865590
622 1.867141
623 1.864465
624 1.863980
625 1.864880
626 1.864252
627 1.863435
628 1.861837
629 1.861186
630 1.861293
631 1.860926
632 1.859967
633 1.860795
634 1.858712
635 1.859908
636 1.860701
637 1.861742
638 1.861991
639 1.862950
640 1.863506
641 1.864134
642 1.864075
643 1.863696
644 1.865507
645 1.865081
646 1.863708
647 1.862820
648 1.864832
649 1.863506
650 1.863210
651 1.864347
652 1.864477
653 1.864773
654 1.861861
655 1.861612
656 1.862879
657 1.862405
658 1.862299
659 1.860511
660 1.859990
661 1.859967
662 1.860511
663 1.862216
664 1.861671
665 1.861956
666 1.863080
667 1.863495
668 1.862311
669 1.863518
670 1.864039
671 1.865365
672 1.867460
673 1.867626
674 1.867472
675 1.867070
676 1.868490
677 1.868774
678 1.867780
679 1.865412
680 1.864690
681 1.863518
682 1.863423
683 1.864880
684 1.863092
685 1.863376
686 1.862690
687 1.862595
688 1.861328
689 1.860831
690 1.860215
691 1.860369
692 1.861920
693 1.861837
694 1.861470
695 1.861494
696 1.864075
697 1.864217
698 1.863506
699 1.864063
700 1.865981
701 1.865696
702 1.861849
703 1.862346
704 1.863092
705 1.862713
706 1.860843
707 1.859541
708 1.860772
709 1.864300
710 1.863956
711 1.864240
712 1.864086
713 1.865779
714 1.865424
715 1.863826
716 1.864951
717 1.863293
718 1.861257
719 1.860926
720 1.859174
721 1.858878
722 1.860713
723 1.861340
724 1.861932
725 1.862417
726 1.862441
727 1.862547
728 1.860724
729 1.860263
730 1.861719
731 1.862275
732 1.862547
733 1.863447
734 1.862252
735 1.860559
736 1.860310
737 1.860061
738 1.860192
739 1.860855
740 1.860097
741 1.860357
742 1.862382
743 1.860642
744 1.860772
745 1.862062
746 1.861849
747 1.861991
748 1.863222
749 1.862583
750 1.861778
751 1.861979
752 1.862382
753 1.862607
754 1.863139
755 1.863423
756 1.863281
757 1.864643
758 1.864359
759 1.862843
760 1.860973
761 1.861873
762 1.863199
763 1.863068
764 1.863601
765 1.864110
766 1.863341
767 1.863838
768 1.865625
769 1.864903
770 1.863281
771 1.863459
772 1.864134
773 1.863352
774 1.864075
775 1.863199
776 1.864359
777 1.864880
778 1.866430
779 1.865767
780 1.864832
781 1.865578
782 1.864595
783 1.864501
784 1.864228
785 1.863045
786 1.862180
787 1.862784
788 1.863329
789 1.863956
790 1.862985
791 1.860878
792 1.863199
793 1.861482
794 1.862974
795 1.863412
796 1.865685
797 1.866336
798 1.865223
799 1.864797
800 1.864690
801 1.863045
802 1.862737
803 1.862263
804 1.863755
805 1.863802
806 1.864631
807 1.863009
808 1.863376
809 1.862914
810 1.863116
811 1.863577
812 1.863057
813 1.861742
814 1.862465
815 1.862003
816 1.861967
817 1.862476
818 1.862441
819 1.862666
820 1.863684
821 1.864015
822 1.863885
823 1.862098
824 1.861991
825 1.861956
826 1.862358
827 1.861411
828 1.861210
829 1.861447
830 1.861624
831 1.861861
832 1.862713
833 1.859766
834 1.861245
835 1.861695
836 1.862038
837 1.861541
838 1.863151
839 1.862796
840 1.862334
841 1.862512
842 1.862394
843 1.862157
844 1.860452
845 1.861908
846 1.863779
847 1.864501
848 1.863648
849 1.861991
850 1.861151
851 1.860677
852 1.860855
853 1.859446
854 1.859410
855 1.859008
856 1.857611
857 1.858345
858 1.859647
859 1.860002
860 1.860227
861 1.859588
862 1.857848
863 1.856190
864 1.856072
865 1.855385
866 1.855480
867 1.855646
868 1.853326
869 1.854462
870 1.853846
871 1.854320
872 1.855492
873 1.856238
874 1.856924
875 1.856806
876 1.857860
877 1.857445
878 1.857339
879 1.859706
880 1.860855
881 1.860961
882 1.860689
883 1.860772
884 1.861352
885 1.861447
886 1.863471
887 1.863210
888 1.863009
889 1.862263
890 1.862536
891 1.863139
892 1.864998
893 1.866513
894 1.866738
895 1.868964
896 1.869887
897 1.869627
898 1.869094
899 1.869911
900 1.869875
901 1.869946
902 1.869828
903 1.869248
904 1.867519
905 1.867567
906 1.867283
907 1.867508
908 1.867460
909 1.868810
910 1.869911
911 1.869307
912 1.869177
913 1.868999
914 1.868478
915 1.868194
916 1.868751
917 1.868395
918 1.867058
919 1.866063
920 1.865436
921 1.865412
922 1.867519
923 1.868194
924 1.869733
925 1.868348
926 1.867590
927 1.866430
928 1.866288
929 1.866928
930 1.865460
931 1.865803
932 1.867543
933 1.867034
934 1.865223
935 1.866205
936 1.868348
937 1.869224
938 1.867330
939 1.866087
940 1.865424
941 1.864832
942 1.864015
943 1.863163
944 1.863577
945 1.863850
946 1.864418
947 1.863317
948 1.863045
949 1.864560
950 1.865057
951 1.865543
952 1.864726
953 1.866312
954 1.866501
955 1.867093
956 1.867366
957 1.867768
958 1.866549
959 1.865093
960 1.864619
961 1.865495
962 1.864477
963 1.863412
964 1.863045
965 1.864572
966 1.865033
967 1.864939
968 1.864394
969 1.864406
970 1.866063
971 1.865862
972 1.863554
973 1.863767
974 1.863139
975 1.860973
976 1.860215
977 1.858499
978 1.859174
979 1.858262
980 1.859825
981 1.860914
982 1.860132
983 1.861565
984 1.861908
985 1.863092
986 1.862252
987 1.861885
988 1.862512
989 1.861423
990 1.861754
991 1.861269
992 1.860665
993 1.861660
994 1.862086
995 1.862642
996 1.861979
997 1.863317
998 1.862761
999 1.861506
1000 1.861529
1001 1.862192
1002 1.862678
1003 1.862240
1004 1.864311
1005 1.864891
1006 1.864252
1007 1.864051
1008 1.865566
1009 1.866205
1010 1.865732
1011 1.863199
1012 1.862429
1013 1.862914
1014 1.864572
1015 1.864631
1016 1.864300
1017 1.862974
1018 1.863246
1019 1.863068
1020 1.861316
1021 1.861518
1022 1.862133
1023 1.863045
1024 1.863495
1025 1.863151
1026 1.862287
1027 1.862216
1028 1.863246
1029 1.864205
1030 1.864572
1031 1.864359
1032 1.865282
1033 1.863352
1034 1.862429
1035 1.861328
1036 1.863412
1037 1.861825
1038 1.861932
1039 1.862654
1040 1.862678
1041 1.863400
1042 1.862926
1043 1.860286
1044 1.860393
1045 1.860204
1046 1.860511
1047 1.861387
1048 1.860997
1049 1.860038
1050 1.859931
1051 1.859162
1052 1.857800
1053 1.856250
1054 1.858025
1055 1.857599
1056 1.858037
1057 1.858570
1058 1.858807
1059 1.861411
1060 1.861032
1061 1.859564
1062 1.856084
1063 1.856581
1064 1.856214
1065 1.856131
1066 1.857812
1067 1.859694
1068 1.859896
1069 1.859623
1070 1.860168
1071 1.860582
1072 1.861103
1073 1.859979
1074 1.860582
1075 1.862370
1076 1.861624
1077 1.862228
1078 1.862891
1079 1.862690
1080 1.861210
1081 1.860180
1082 1.861186
1083 1.861435
1084 1.859114
1085 1.859446
1086 1.860310
1087 1.860866
1088 1.860050
1089 1.860215
1090 1.860630
1091 1.861198
1092 1.861565
1093 1.861766
1094 1.862405
1095 1.862855
1096 1.863648
1097 1.863483
1098 1.861683
1099 1.857493
1100 1.856818
1101 1.856427
1102 1.857185
1103 1.857848
1104 1.858901
1105 1.859825
1106 1.858949
1107 1.860346
1108 1.860488
1109 1.860428
1110 1.860286
1111 1.859493
1112 1.859221
1113 1.857398
1114 1.856415
1115 1.856747
1116 1.857019
1117 1.858002
1118 1.858262
1119 1.858984
1120 1.859860
1121 1.858570
1122 1.856747
1123 1.855930
1124 1.855480
1125 1.855989
1126 1.857197
1127 1.857433
1128 1.860346
1129 1.859304
1130 1.859067
1131 1.860831
1132 1.861328
1133 1.864240
1134 1.864666
1135 1.864619
1136 1.864382
1137 1.865933
1138 1.865247
1139 1.866845
1140 1.869177
1141 1.866951
1142 1.866643
1143 1.866762
1144 1.866904
1145 1.867484
1146 1.866561
1147 1.866868
1148 1.867508
1149 1.866478
1150 1.867117
1151 1.868171
1152 1.869094
1153 1.868324
1154 1.868573
1155 1.867389
1156 1.866738
1157 1.865602
1158 1.865673
1159 1.865602
1160 1.866857
1161 1.865862
1162 1.864785
1163 1.863933
1164 1.863199
1165 1.862441
1166 1.862547
1167 1.861861
1168 1.861139
1169 1.860215
1170 1.859671
1171 1.859481
1172 1.860085
1173 1.860215
1174 1.859919
1175 1.862228
1176 1.862867
1177 1.862157
1178 1.864063
1179 1.863731
1180 1.864323
1181 1.863861
1182 1.864773
1183 1.865400
1184 1.865566
1185 1.866229
1186 1.866075
1187 1.865365
1188 1.866300
1189 1.865850
1190 1.866525
1191 1.865614
1192 1.864335
1193 1.866430
1194 1.866525
1195 1.866703
1196 1.865981
1197 1.864939
1198 1.863305
1199 1.863033
1200 1.865436
1201 1.865081
1202 1.865850
1203 1.865874
1204 1.865365
1205 1.864359
1206 1.865412
1207 1.863459
1208 1.861636
1209 1.863802
1210 1.863826
1211 1.864643
1212 1.863802
1213 1.864951
1214 1.864442
1215 1.863755
1216 1.864880
1217 1.864844
1218 1.865152
1219 1.866336
1220 1.864773
1221 1.864797
1222 1.865140
1223 1.864513
1224 1.864927
1225 1.866016
1226 1.866762
1227 1.867555
1228 1.867010
1229 1.866146
1230 1.864288
1231 1.864311
1232 1.864501
1233 1.863151
1234 1.861458
1235 1.862180
1236 1.862311
1237 1.861553
1238 1.860559
1239 1.861719
1240 1.862832
1241 1.864051
1242 1.863909
1243 1.864181
1244 1.863731
1245 1.863116
1246 1.864856
1247 1.864820
1248 1.865223
1249 1.864761
1250 1.865353
1251 1.866134
1252 1.866111
1253 1.866395
1254 1.865412
1255 1.866276
1256 1.866217
1257 1.865744
1258 1.865898
1259 1.864678
1260 1.866205
1261 1.865649
1262 1.866265
1263 1.867283
1264 1.867744
1265 1.865981
1266 1.863767
1267 1.863779
1268 1.863270
1269 1.864465
1270 1.865116
1271 1.864489
1272 1.863151
1273 1.863589
1274 1.862417
1275 1.862630
1276 1.862524
1277 1.862784
1278 1.862737
1279 1.865128
1280 1.867105
1281 1.867271
1282 1.868052
1283 1.866714
1284 1.866963
1285 1.866336
1286 1.867555
1287 1.864844
1288 1.865400
1289 1.866265
1290 1.866584
1291 1.867117
1292 1.867022
1293 1.866987
1294 1.868419
1295 1.867946
1296 1.867129
1297 1.866099
1298 1.864169
1299 1.863151
1300 1.861956
1301 1.861837
1302 1.863838
1303 1.862630
1304 1.862962
1305 1.862145
1306 1.862275
1307 1.862488
1308 1.862583
1309 1.861553
1310 1.861399
1311 1.862275
1312 1.863222
1313 1.865164
1314 1.864702
1315 1.865033
1316 1.865353
1317 1.864773
1318 1.863293
1319 1.862595
1320 1.861328
1321 1.860357
1322 1.859564
1323 1.859754
1324 1.859931
1325 1.859541
1326 1.861139
1327 1.860713
1328 1.860073
1329 1.859245
1330 1.859032
1331 1.859067
1332 1.860985
1333 1.859967
1334 1.860417
1335 1.860452
1336 1.862488
1337 1.862169
1338 1.862311
1339 1.862725
1340 1.863861
1341 1.863068
1342 1.862299
1343 1.862784
1344 1.863423
1345 1.863885
1346 1.863483
1347 1.860937
1348 1.862642
1349 1.862879
1350 1.864205
1351 1.864560
1352 1.862796
1353 1.862382
1354 1.862405
1355 1.861233
1356 1.861257
1357 1.860499
1358 1.862252
1359 1.864465
1360 1.866146
1361 1.867484
1362 1.866359
1363 1.866170
1364 1.865779
1365 1.865152
1366 1.865756
1367 1.865176
1368 1.867046
1369 1.867046
1370 1.867827
1371 1.869058
1372 1.868360
1373 1.869035
1374 1.868833
1375 1.868881
1376 1.870017
1377 1.870574
1378 1.871059
1379 1.869887
1380 1.869035
1381 1.868348
1382 1.867650
1383 1.867247
1384 1.867460
1385 1.865732
1386 1.864678
1387 1.864442
1388 1.862761
1389 1.861671
1390 1.863897
1391 1.864572
1392 1.864832
1393 1.865992
1394 1.867413
1395 1.866004
1396 1.865827
1397 1.866194
1398 1.864702
1399 1.864513
1400 1.864962
1401 1.866371
1402 1.865909
1403 1.866288
1404 1.864915
1405 1.863506
1406 1.862867
1407 1.862074
1408 1.862382
1409 1.862832
1410 1.863341
1411 1.861671
1412 1.860701
1413 1.861612
1414 1.862784
1415 1.863483
1416 1.863258
1417 1.864217
1418 1.863921
1419 1.863708
1420 1.862713
1421 1.863873
1422 1.863767
1423 1.863814
1424 1.866513
1425 1.867224
1426 1.867354
1427 1.866194
1428 1.866703
1429 1.867377
1430 1.866821
1431 1.868088
1432 1.868478
1433 1.868751
1434 1.868869
1435 1.869650
1436 1.868940
1437 1.868987
1438 1.868088
1439 1.868313
1440 1.867034
1441 1.867306
1442 1.866300
1443 1.865519
1444 1.864951
1445 1.866537
1446 1.866679
1447 1.866572
1448 1.866904
1449 1.867815
1450 1.867662
1451 1.866300
1452 1.865720
1453 1.866620
1454 1.864844
1455 1.864122
1456 1.862891
1457 1.862997
1458 1.863767
1459 1.864655
1460 1.866951
1461 1.867389
1462 1.866963
1463 1.867555
1464 1.867555
1465 1.869141
1466 1.868952
1467 1.867283
1468 1.866987
1469 1.867460
1470 1.868407
1471 1.869745
1472 1.869579
1473 1.869070
1474 1.868597
1475 1.868230
1476 1.868324
1477 1.865886
1478 1.865306
1479 1.866134
1480 1.867626
1481 1.867733
1482 1.868609
1483 1.868407
1484 1.869461
1485 1.870515
1486 1.870704
1487 1.872196
1488 1.869532
1489 1.869011
1490 1.868857
1491 1.868372
1492 1.868088
1493 1.868265
1494 1.869331
1495 1.868384
1496 1.867981
1497 1.867448
1498 1.868100
1499 1.868277
1500 1.868289
1501 1.868064
1502 1.868064
1503 1.866797
1504 1.867851
1505 1.868419
1506 1.868218
1507 1.866075
1508 1.866063
1509 1.866099
1510 1.867508
1511 1.868561
1512 1.867093
1513 1.866691
1514 1.867306
1515 1.866525
1516 1.868147
1517 1.866004
1518 1.864903
1519 1.866075
1520 1.866821
1521 1.865010
1522 1.865116
1523 1.865389
1524 1.865258
1525 1.865104
1526 1.863246
1527 1.860795
1528 1.860606
1529 1.861186
1530 1.865010
1531 1.865152
1532 1.864406
1533 1.865862
1534 1.865400
1535 1.865235
1536 1.866916
1537 1.866584
1538 1.867472
1539 1.866774
1540 1.867555
1541 1.866430
1542 1.866643
1543 1.864572
1544 1.864252
1545 1.863293
1546 1.863802
1547 1.862476
1548 1.862027
1549 1.862796
1550 1.863435
1551 1.863885
1552 1.863116
1553 1.865235
1554 1.865637
1555 1.865294
1556 1.864749
1557 1.863873
1558 1.864323
1559 1.864157
1560 1.861174
1561 1.863352
1562 1.864678
1563 1.866016
1564 1.866229
1565 1.866999
1566 1.866513
1567 1.866430
1568 1.867413
1569 1.867437
1570 1.866371
1571 1.867827
1572 1.867946
1573 1.865815
1574 1.864868
1575 1.865779
1576 1.866407
1577 1.866063
1578 1.865424
1579 1.864311
1580 1.863554
1581 1.863779
1582 1.864998
1583 1.864063
1584 1.864371
1585 1.866217
1586 1.866786
1587 1.868573
1588 1.867425
1589 1.867815
1590 1.870704
1591 1.869934
1592 1.868005
1593 1.868206
1594 1.868088
1595 1.868064
1596 1.866904
1597 1.867863
1598 1.868123
1599 1.868253
1600 1.870467
1601 1.870384
1602 1.868467
1603 1.869331
1604 1.870538
1605 1.872030
1606 1.871521
1607 1.872409
1608 1.871852
1609 1.872562
1610 1.872894
1611 1.873415
1612 1.873190
1613 1.872065
1614 1.872101
1615 1.871509
1616 1.870562
1617 1.871106
1618 1.871166
1619 1.869792
1620 1.869662
1621 1.869792
1622 1.868395
1623 1.867579
1624 1.868135
1625 1.867851
1626 1.866655
1627 1.864891
1628 1.864501
1629 1.864643
1630 1.865211
1631 1.864939
1632 1.864868
1633 1.864939
1634 1.865377
1635 1.866371
1636 1.866786
1637 1.868147
1638 1.866999
1639 1.866075
1640 1.866123
1641 1.867437
1642 1.867519
1643 1.864939
1644 1.865483
1645 1.864891
1646 1.864584
1647 1.864643
1648 1.864501
1649 1.865176
1650 1.863080
1651 1.861861
1652 1.861967
1653 1.862394
1654 1.864607
1655 1.867425
1656 1.868526
1657 1.869058
1658 1.868833
1659 1.867176
1660 1.866265
1661 1.864169
1662 1.865164
1663 1.867224
1664 1.866075
1665 1.865767
1666 1.865069
1667 1.865957
1668 1.865992
1669 1.867224
1670 1.866821
1671 1.868005
1672 1.867567
1673 1.866999
1674 1.866466
1675 1.866288
1676 1.867484
1677 1.868265
1678 1.869852
1679 1.871485
1680 1.870550
1681 1.870242
1682 1.869390
1683 1.869733
1684 1.869331
1685 1.868869
1686 1.869911
1687 1.870219
1688 1.870597
1689 1.868277
1690 1.867579
1691 1.866584
1692 1.865720
1693 1.866099
1694 1.868514
1695 1.867626
1696 1.868289
1697 1.866134
1698 1.865341
1699 1.866111
1700 1.865199
1701 1.864797
1702 1.865329
1703 1.866146
1704 1.865898
1705 1.864880
1706 1.864773
1707 1.863021
1708 1.863956
1709 1.862820
1710 1.864572
1711 1.863270
1712 1.862098
1713 1.862690
1714 1.863104
1715 1.862974
1716 1.865164
1717 1.864347
1718 1.863850
1719 1.863719
1720 1.864382
1721 1.863648
1722 1.862169
1723 1.862808
1724 1.861648
1725 1.860405
1726 1.858475
1727 1.860677
1728 1.861778
1729 1.861020
1730 1.862275
1731 1.863104
1732 1.864477
1733 1.865720
1734 1.865566
1735 1.864726
1736 1.864524
1737 1.866075
1738 1.866324
1739 1.866146
1740 1.865365
1741 1.864714
1742 1.863128
1743 1.864595
1744 1.865436
1745 1.865258
1746 1.865412
1747 1.867662
1748 1.865969
1749 1.865471
1750 1.865069
1751 1.866111
1752 1.865614
1753 1.865223
1754 1.864323
1755 1.864584
1756 1.865744
1757 1.865152
1758 1.865306
1759 1.865069
1760 1.865649
1761 1.864110
1762 1.863956
1763 1.865022
1764 1.864193
1765 1.863613
1766 1.862240
1767 1.861115
1768 1.859304
1769 1.860393
1770 1.861387
1771 1.859493
1772 1.858558
1773 1.858984
1774 1.857824
1775 1.857244
1776 1.857303
1777 1.857398
1778 1.858783
1779 1.859694
1780 1.860227
1781 1.860582
1782 1.859908
1783 1.859967
1784 1.860843
1785 1.859979
1786 1.860784
1787 1.861932
1788 1.862038
1789 1.862441
1790 1.862382
1791 1.862263
1792 1.861210
1793 1.861411
1794 1.861151
1795 1.861660
1796 1.861636
1797 1.861115
1798 1.861151
1799 1.862701
1800 1.863222
1801 1.862311
1802 1.863684
1803 1.863423
1804 1.864856
1805 1.865649
1806 1.867152
1807 1.868265
1808 1.869236
1809 1.869189
1810 1.869579
1811 1.869520
1812 1.871177
1813 1.871035
1814 1.871118
1815 1.869899
1816 1.869283
1817 1.872113
1818 1.873273
1819 1.872278
1820 1.871817
1821 1.871521
1822 1.872148
1823 1.869911
1824 1.869023
1825 1.868549
1826 1.868905
1827 1.868230
1828 1.869615
1829 1.870041
1830 1.871769
1831 1.871829
1832 1.872231
1833 1.871615
1834 1.871225
1835 1.870076
1836 1.869923
1837 1.868715
1838 1.869721
1839 1.868088
1840 1.867709
1841 1.866561
1842 1.865590
1843 1.865909
1844 1.865412
1845 1.864939
1846 1.867046
1847 1.866608
1848 1.866336
1849 1.865424
1850 1.866880
1851 1.866324
1852 1.864075
1853 1.864418
1854 1.863471
1855 1.863341
1856 1.862950
1857 1.863625
1858 1.864809
1859 1.865341
1860 1.866016
1861 1.867034
1862 1.867804
1863 1.868715
1864 1.868159
1865 1.866738
1866 1.866501
1867 1.866407
1868 1.866170
1869 1.866395
1870 1.867389
1871 1.868289
1872 1.869556
1873 1.870739
1874 1.872030
1875 1.873675
1876 1.872503
1877 1.872065
1878 1.870905
1879 1.872219
1880 1.872089
1881 1.873024
1882 1.874599
1883 1.875617
1884 1.877239
1885 1.876114
1886 1.876067
1887 1.877061
1888 1.876031
1889 1.875155
1890 1.875155
1891 1.876801
1892 1.877475
1893 1.879014
1894 1.876990
1895 1.876291
1896 1.876351
1897 1.878032
1898 1.877440
1899 1.877025
1900 1.877002
1901 1.875297
1902 1.876007
1903 1.875593
1904 1.875664
1905 1.872894
1906 1.871095
1907 1.871225
1908 1.868561
1909 1.867910
1910 1.867212
1911 1.867152
1912 1.867875
1913 1.869272
1914 1.868478
1915 1.869378
1916 1.868407
1917 1.869603
1918 1.870159
1919 1.869686
1920 1.871296
1921 1.870668
1922 1.868585
1923 1.869118
1924 1.869650
1925 1.871355
1926 1.871213
1927 1.868585
1928 1.868443
1929 1.867330
1930 1.868502
1931 1.868502
1932 1.869911
1933 1.869828
1934 1.870230
1935 1.869662
1936 1.869236
1937 1.868928
1938 1.868573
1939 1.867768
1940 1.868384
1941 1.868833
1942 1.868277
1943 1.868940
1944 1.867886
1945 1.867105
1946 1.867484
1947 1.868289
1948 1.866691
1949 1.865045
1950 1.862642
1951 1.862311
1952 1.862618
1953 1.862974
1954 1.863637
1955 1.863731
1956 1.864584
1957 1.862323
1958 1.861920
1959 1.861091
1960 1.860997
1961 1.862062
1962 1.862180
1963 1.860630
1964 1.859505
1965 1.860571
1966 1.859197
1967 1.860144
1968 1.860890
1969 1.861683
1970 1.862843
1971 1.863270
1972 1.864252
1973 1.864536
1974 1.864501
1975 1.863992
1976 1.865128
1977 1.864749
1978 1.865057
1979 1.864015
1980 1.864607
1981 1.864868
1982 1.863341
1983 1.863234
1984 1.865460
1985 1.865898
1986 1.865614
1987 1.864773
1988 1.865294
1989 1.865566
1990 1.865176
1991 1.864584
1992 1.864666
1993 1.862867
1994 1.863447
1995 1.863992
1996 1.863719
1997 1.864655
1998 1.864974
1999 1.864820
2000 1.865341
2001 1.866300
2002 1.866395
2003 1.867105
2004 1.867046
2005 1.866572
2006 1.865578
2007 1.866892
2008 1.866052
2009 1.864146
2010 1.864193
2011 1.864809
2012 1.864761
2013 1.863033
2014 1.864951
2015 1.863530
2016 1.862642
2017 1.862618
2018 1.862441
2019 1.862157
2020 1.861186
2021 1.861683
2022 1.862429
2023 1.862749
2024 1.861885
2025 1.860310
2026 1.861103
2027 1.862737
2028 1.862133
2029 1.861861
2030 1.863577
2031 1.862145
2032 1.860748
2033 1.859529
2034 1.858996
2035 1.859197
2036 1.858594
2037 1.857978
2038 1.858061
2039 1.858321
2040 1.857445
2041 1.856048
2042 1.856143
2043 1.856261
2044 1.857126
2045 1.858451
2046 1.858534
2047 1.861435
2048 1.862938
2049 1.863128
2050 1.862678
2051 1.865661
2052 1.865294
2053 1.863258
2054 1.863495
2055 1.864252
2056 1.864205
2057 1.864311
2058 1.863743
2059 1.863589
2060 1.861967
2061 1.861932
2062 1.861636
2063 1.862145
2064 1.863329
2065 1.862690
2066 1.863755
2067 1.863850
2068 1.863045
2069 1.862784
2070 1.862583
2071 1.864134
2072 1.862145
2073 1.863151
2074 1.861364
2075 1.861447
2076 1.861364
2077 1.863175
2078 1.865164
2079 1.865969
2080 1.864382
2081 1.864607
2082 1.863506
2083 1.863613
2084 1.863980
2085 1.865850
2086 1.865471
2087 1.865270
2088 1.865010
2089 1.865649
2090 1.864749
2091 1.864453
2092 1.865756
2093 1.864797
2094 1.865945
2095 1.864761
2096 1.864655
2097 1.865471
2098 1.864927
2099 1.866229
2100 1.865945
2101 1.865033
2102 1.864832
2103 1.865981
2104 1.865874
2105 1.865732
2106 1.866833
2107 1.866572
2108 1.867164
2109 1.865909
2110 1.866868
2111 1.866383
2112 1.866833
2113 1.866288
2114 1.864359
2115 1.863672
2116 1.863743
2117 1.865329
2118 1.863897
2119 1.864738
2120 1.864844
2121 1.865412
2122 1.866347
2123 1.865850
2124 1.864619
2125 1.864157
2126 1.864974
2127 1.864643
2128 1.865436
2129 1.865389
2130 1.865187
2131 1.864264
2132 1.866194
2133 1.867815
2134 1.867602
2135 1.867531
2136 1.864939
2137 1.865022
2138 1.865673
2139 1.865886
2140 1.864666
2141 1.865898
2142 1.866265
2143 1.866087
2144 1.866608
2145 1.865247
2146 1.864856
2147 1.866016
2148 1.864015
2149 1.865424
2150 1.865815
2151 1.864832
2152 1.863423
2153 1.863352
2154 1.864749
2155 1.863980
2156 1.861352
2157 1.861790
2158 1.861328
2159 1.862133
2160 1.862690
2161 1.862405
2162 1.861837
2163 1.862630
2164 1.860973
2165 1.861245
2166 1.862997
2167 1.863802
2168 1.864347
2169 1.863435
2170 1.863151
2171 1.863459
2172 1.862654
2173 1.863080
2174 1.863956
2175 1.864880
2176 1.864453
2177 1.865211
2178 1.866549
2179 1.865507
2180 1.864382
2181 1.863719
2182 1.862867
2183 1.864761
2184 1.865318
2185 1.865069
2186 1.864797
2187 1.864276
2188 1.862488
2189 1.863199
2190 1.862559
2191 1.862204
2192 1.863281
2193 1.863566
2194 1.863850
2195 1.865069
2196 1.866170
2197 1.865400
2198 1.867081
2199 1.866951
2200 1.867851
2201 1.866525
2202 1.867839
2203 1.867247
2204 1.865069
2205 1.865507
2206 1.866786
2207 1.867413
2208 1.868171
2209 1.867815
2210 1.866134
2211 1.864773
2212 1.866123
2213 1.865069
2214 1.863980
2215 1.863542
2216 1.863696
2217 1.861056
2218 1.860026
2219 1.858818
2220 1.860677
2221 1.863329
2222 1.864347
2223 1.863719
2224 1.864039
2225 1.865057
2226 1.865211
2227 1.864607
2228 1.862382
2229 1.863471
2230 1.865981
2231 1.868123
2232 1.867437
2233 1.867022
2234 1.867650
2235 1.866726
2236 1.867117
2237 1.867673
2238 1.866786
2239 1.866300
2240 1.865306
2241 1.865649
2242 1.865886
2243 1.866430
2244 1.867425
2245 1.869153
2246 1.867993
2247 1.866608
2248 1.865732
2249 1.864193
2250 1.865258
2251 1.864749
2252 1.863743
2253 1.864027
2254 1.867306
2255 1.868017
2256 1.867508
2257 1.868289
2258 1.868798
2259 1.868597
2260 1.870230
2261 1.870301
2262 1.871331
2263 1.872290
2264 1.870846
2265 1.871663
2266 1.871237
2267 1.872397
2268 1.873746
2269 1.872172
2270 1.872787
2271 1.872338
2272 1.874019
2273 1.873983
2274 1.872420
2275 1.871935
2276 1.872811
2277 1.874705
2278 1.875333
2279 1.874172
2280 1.874433
2281 1.873154
2282 1.872740
2283 1.872716
2284 1.873001
2285 1.872894
2286 1.873427
2287 1.873533
2288 1.872657
2289 1.872657
2290 1.870420
2291 1.870976
2292 1.872042
2293 1.872681
2294 1.871118
2295 1.870775
2296 1.870148
2297 1.869378
2298 1.866845
2299 1.868372
2300 1.868040
2301 1.868194
2302 1.868182
2303 1.869591
2304 1.870704
2305 1.869023
2306 1.870349
2307 1.869757
2308 1.870313
2309 1.868952
2310 1.867531
2311 1.866880
2312 1.865448
2313 1.867046
2314 1.867531
2315 1.867709
2316 1.867105
2317 1.865779
2318 1.866430
2319 1.865033
2320 1.865886
2321 1.866300
2322 1.865661
2323 1.865992
2324 1.866951
2325 1.866087
2326 1.864252
2327 1.863128
2328 1.862855
2329 1.861115
2330 1.860961
2331 1.861127
2332 1.861210
2333 1.860630
2334 1.861375
2335 1.861233
2336 1.860784
2337 1.860298
2338 1.860713
2339 1.860582
2340 1.861873
2341 1.862832
2342 1.861541
2343 1.860784
2344 1.861435
2345 1.861435
2346 1.862784
2347 1.862370
2348 1.863068
2349 1.862015
2350 1.862133
2351 1.863293
2352 1.864394
2353 1.864110
2354 1.864276
2355 1.864880
2356 1.864548
2357 1.864110
2358 1.864465
2359 1.865744
2360 1.864300
2361 1.863258
2362 1.864205
2363 1.863909
2364 1.862891
2365 1.862311
2366 1.861683
2367 1.861352
2368 1.860275
2369 1.859055
2370 1.858747
2371 1.858688
2372 1.857137
2373 1.856818
2374 1.856972
2375 1.856924
2376 1.856853
2377 1.857114
2378 1.856806
2379 1.857220
2380 1.856486
2381 1.857883
2382 1.860050
2383 1.859860
2384 1.861577
2385 1.861754
2386 1.860298
2387 1.861435
2388 1.862879
2389 1.864939
2390 1.864157
2391 1.863897
2392 1.862654
2393 1.862938
2394 1.862642
2395 1.864394
2396 1.865483
2397 1.864761
2398 1.864678
2399 1.865164
2400 1.864927
2401 1.865069
2402 1.864453
2403 1.862607
2404 1.861742
2405 1.860618
2406 1.859612
2407 1.860902
2408 1.863909
2409 1.865424
2410 1.865176
2411 1.864785
2412 1.862725
2413 1.864264
2414 1.864039
2415 1.862405
2416 1.862571
2417 1.862027
2418 1.861233
2419 1.860878
2420 1.862287
2421 1.862216
2422 1.864027
2423 1.863956
2424 1.865744
2425 1.866513
2426 1.868076
2427 1.866265
2428 1.865294
2429 1.864915
2430 1.864785
2431 1.865649
2432 1.863743
2433 1.863980
2434 1.864844
2435 1.864773
2436 1.863743
2437 1.863577
2438 1.863364
2439 1.861364
2440 1.862098
2441 1.861174
2442 1.861222
2443 1.859955
2444 1.860689
2445 1.860464
2446 1.860073
2447 1.859339
2448 1.857398
2449 1.859185
2450 1.859635
2451 1.858629
2452 1.858274
2453 1.858156
2454 1.859316
2455 1.858594
2456 1.857848
2457 1.858700
2458 1.858901
2459 1.859221
2460 1.858534
2461 1.857682
2462 1.859185
2463 1.859979
2464 1.860097
2465 1.861814
2466 1.863210
2467 1.862571
2468 1.863660
2469 1.863210
2470 1.864122
2471 1.864891
2472 1.862867
2473 1.861612
2474 1.862240
2475 1.864536
2476 1.863861
2477 1.864619
2478 1.864418
2479 1.864962
2480 1.864773
2481 1.864678
2482 1.864951
2483 1.863648
2484 1.863281
2485 1.863222
2486 1.862879
2487 1.861707
2488 1.862405
2489 1.861671
2490 1.860038
2491 1.860393
2492 1.860464
2493 1.861210
2494 1.861482
2495 1.860393
2496 1.860428
2497 1.861103
2498 1.860653
2499 1.859197
2500 1.859789
2501 1.860014
2502 1.860156
2503 1.861518
2504 1.861139
2505 1.861837
2506 1.863080
2507 1.863944
2508 1.864513
2509 1.863980
2510 1.861553
2511 1.860843
2512 1.861553
2513 1.861494
2514 1.861802
2515 1.861956
2516 1.860961
2517 1.860665
2518 1.861103
2519 1.860961
2520 1.862311
2521 1.862157
2522 1.864536
2523 1.865578
2524 1.863199
2525 1.862145
2526 1.863648
2527 1.864655
2528 1.865460
2529 1.864157
2530 1.865140
2531 1.867022
2532 1.866608
2533 1.866916
2534 1.865957
2535 1.867425
2536 1.867626
2537 1.867934
2538 1.867768
2539 1.868064
2540 1.866904
2541 1.868111
2542 1.868348
2543 1.869212
2544 1.869923
2545 1.871095
2546 1.869272
2547 1.866075
2548 1.866430
2549 1.866608
2550 1.865424
2551 1.866395
2552 1.865223
2553 1.863459
2554 1.862476
2555 1.861080
2556 1.862536
2557 1.863956
2558 1.864110
2559 1.864406
2560 1.863637
2561 1.863092
2562 1.863175
2563 1.863080
2564 1.862985
2565 1.861660
2566 1.861364
2567 1.862642
2568 1.866134
2569 1.866632
2570 1.867318
2571 1.867425
2572 1.866703
2573 1.866868
2574 1.866596
2575 1.867342
2576 1.867934
2577 1.868301
2578 1.869923
2579 1.866691
2580 1.866643
2581 1.864595
2582 1.864027
2583 1.863992
2584 1.866182
2585 1.866892
2586 1.868573
2587 1.868952
2588 1.871047
2589 1.871935
2590 1.871024
2591 1.870017
2592 1.869520
2593 1.871509
2594 1.869047
2595 1.868017
2596 1.866809
2597 1.867602
2598 1.865164
2599 1.864643
2600 1.863329
2601 1.863542
2602 1.862808
2603 1.861186
2604 1.862003
2605 1.864157
2606 1.862820
2607 1.861553
2608 1.862607
2609 1.862015
2610 1.861944
2611 1.861612
2612 1.863068
2613 1.862985
2614 1.863660
2615 1.863897
2616 1.863234
2617 1.862547
2618 1.862547
2619 1.862713
2620 1.864477
2621 1.863447
2622 1.863826
2623 1.864264
2624 1.864584
2625 1.862997
2626 1.864157
2627 1.865282
2628 1.864643
2629 1.864986
2630 1.863968
2631 1.864288
2632 1.863483
2633 1.866028
2634 1.867389
2635 1.866738
2636 1.865116
2637 1.866383
2638 1.867354
2639 1.867922
2640 1.867271
2641 1.867815
2642 1.868242
2643 1.867448
2644 1.866643
2645 1.866146
2646 1.866407
2647 1.867235
2648 1.867176
2649 1.866643
2650 1.865389
2651 1.865022
2652 1.864252
2653 1.863767
2654 1.865116
2655 1.866892
2656 1.865921
2657 1.865045
2658 1.863684
2659 1.864607
2660 1.863708
2661 1.861707
2662 1.862938
2663 1.865187
2664 1.864856
2665 1.866572
2666 1.865673
2667 1.865448
2668 1.864157
2669 1.863317
2670 1.864193
2671 1.864595
2672 1.866123
2673 1.865673
2674 1.865696
2675 1.864406
2676 1.864382
2677 1.865176
2678 1.866229
2679 1.865069
2680 1.865235
2681 1.865400
2682 1.866146
2683 1.866703
2684 1.867969
2685 1.868159
2686 1.865874
2687 1.865081
2688 1.865282
2689 1.866229
2690 1.867366
2691 1.865696
2692 1.867295
2693 1.866928
2694 1.866987
2695 1.866040
2696 1.866419
2697 1.867472
2698 1.867590
2699 1.867129
2700 1.865223
2701 1.866975
2702 1.865696
2703 1.866525
2704 1.866596
2705 1.865981
2706 1.866087
2707 1.866265
2708 1.864489
2709 1.864193
2710 1.864015
2711 1.864098
2712 1.866300
2713 1.867673
2714 1.867460
2715 1.868100
2716 1.867673
2717 1.868609
2718 1.869402
2719 1.868052
2720 1.868656
2721 1.868253
2722 1.867354
2723 1.865992
2724 1.865294
2725 1.867425
2726 1.866383
2727 1.866075
2728 1.866880
2729 1.867638
2730 1.868194
2731 1.866679
2732 1.865815
2733 1.867212
2734 1.866513
2735 1.866075
2736 1.866288
2737 1.866170
2738 1.864761
2739 1.864406
2740 1.865282
2741 1.866714
2742 1.866537
2743 1.866395
2744 1.865140
2745 1.864122
2746 1.864690
2747 1.865625
2748 1.865164
2749 1.866123
2750 1.865874
2751 1.866347
2752 1.866608
2753 1.866276
2754 1.868467
2755 1.868999
2756 1.869496
2757 1.868289
2758 1.866928
2759 1.867271
2760 1.867981
2761 1.866454
2762 1.867709
2763 1.868324
2764 1.867709
2765 1.867957
2766 1.867224
2767 1.867377
2768 1.867058
2769 1.867401
2770 1.867579
2771 1.868490
2772 1.869769
2773 1.869260
2774 1.868194
2775 1.869946
2776 1.869520
2777 1.869390
2778 1.869129
2779 1.868230
2780 1.868478
2781 1.868029
2782 1.867602
2783 1.868774
2784 1.870254
2785 1.870467
2786 1.870574
2787 1.869792
2788 1.868052
2789 1.865554
2790 1.864832
2791 1.864134
2792 1.862192
2793 1.861944
2794 1.860795
2795 1.860002
2796 1.859185
2797 1.858842
2798 1.859789
2799 1.859813
2800 1.857433
2801 1.858712
2802 1.859754
2803 1.860831
2804 1.862547
2805 1.861956
2806 1.862618
2807 1.862666
2808 1.863246
2809 1.863364
2810 1.864240
2811 1.862749
2812 1.863447
2813 1.864063
2814 1.863293
2815 1.864761
2816 1.865803
2817 1.865720
2818 1.864666
2819 1.863577
2820 1.863826
2821 1.863092
2822 1.862524
2823 1.863364
2824 1.863305
2825 1.866099
2826 1.867685
2827 1.867401
2828 1.867780
2829 1.867366
2830 1.866679
2831 1.867188
2832 1.865981
2833 1.865791
2834 1.863341
2835 1.864903
2836 1.864761
2837 1.865578
2838 1.866182
2839 1.864702
2840 1.865187
2841 1.865602
2842 1.864524
2843 1.864086
2844 1.867022
2845 1.867342
2846 1.866537
2847 1.865673
2848 1.865744
2849 1.864453
2850 1.867058
2851 1.866845
2852 1.865625
2853 1.865945
2854 1.866679
2855 1.863980
2856 1.862583
2857 1.863293
2858 1.864442
2859 1.864394
2860 1.865838
2861 1.866205
2862 1.866608
2863 1.867212
2864 1.866963
2865 1.869946
2866 1.869224
2867 1.870893
2868 1.869378
2869 1.867969
2870 1.867898
2871 1.868644
2872 1.868999
2873 1.869189
2874 1.869283
2875 1.870254
2876 1.868668
2877 1.867579
2878 1.865886
2879 1.865353
2880 1.865400
2881 1.865471
2882 1.864288
2883 1.863850
2884 1.863270
2885 1.863802
2886 1.864382
2887 1.865199
2888 1.864844
2889 1.862583
2890 1.861742
2891 1.861908
2892 1.863364
2893 1.861529
2894 1.860073
2895 1.860582
2896 1.860192
2897 1.860760
2898 1.860192
2899 1.861293
2900 1.862749
2901 1.862855
2902 1.861257
2903 1.862228
2904 1.861944
2905 1.861920
2906 1.859422
2907 1.859683
2908 1.860204
2909 1.861529
2910 1.861873
2911 1.861754
2912 1.862003
2913 1.862109
2914 1.862417
2915 1.861802
2916 1.860866
2917 1.860819
2918 1.860843
2919 1.861020
2920 1.860784
2921 1.861790
2922 1.862512
2923 1.861932
2924 1.861589
2925 1.861316
2926 1.861470
2927 1.861873
2928 1.862559
2929 1.863577
2930 1.861411
2931 1.862465
2932 1.863495
2933 1.861447
2934 1.860440
2935 1.860073
2936 1.860452
2937 1.861269
2938 1.861589
2939 1.862323
2940 1.863660
2941 1.864359
2942 1.864631
2943 1.863495
2944 1.864690
2945 1.864548
2946 1.864477
2947 1.865235
2948 1.865507
2949 1.865424
2950 1.865874
2951 1.866442
2952 1.865424
2953 1.866786
2954 1.866087
2955 1.867590
2956 1.867993
2957 1.866738
2958 1.866572
2959 1.867602
2960 1.867224
2961 1.867448
2962 1.867318
2963 1.869023
2964 1.867804
2965 1.866845
2966 1.865578
2967 1.864666
2968 1.863885
2969 1.863116
2970 1.861612
2971 1.862216
2972 1.861151
2973 1.861932
2974 1.862086
2975 1.861624
2976 1.861198
2977 1.862749
2978 1.862583
2979 1.862394
2980 1.864880
2981 1.865602
2982 1.864903
2983 1.863388
2984 1.863980
2985 1.864785
2986 1.863352
2987 1.862749
2988 1.863850
2989 1.864619
2990 1.864891
2991 1.863577
2992 1.862796
2993 1.864477
2994 1.864465
2995 1.864205
2996 1.864004
2997 1.864122
2998 1.866549
2999 1.866916
3000 1.868265
3001 1.867152
3002 1.868123
3003 1.869994
3004 1.869579
3005 1.869485
3006 1.869567
3007 1.867330
3008 1.868798
3009 1.870148
3010 1.870881
3011 1.870550
3012 1.869058
3013 1.868668
3014 1.867685
3015 1.867212
3016 1.867093
3017 1.868691
3018 1.868100
3019 1.867981
3020 1.867224
3021 1.866916
3022 1.865803
3023 1.865945
3024 1.866490
3025 1.866750
3026 1.868265
3027 1.868147
3028 1.867614
3029 1.866549
3030 1.866714
3031 1.865838
3032 1.866312
3033 1.868005
3034 1.868100
3035 1.867863
3036 1.867283
3037 1.867460
3038 1.865412
3039 1.865022
3040 1.864122
3041 1.865424
3042 1.865815
3043 1.866194
3044 1.867034
3045 1.866028
3046 1.865057
3047 1.864631
3048 1.866549
3049 1.865318
3050 1.865744
3051 1.864797
3052 1.866075
3053 1.866028
3054 1.866726
3055 1.867212
3056 1.867330
3057 1.867875
3058 1.867922
3059 1.867271
3060 1.868502
3061 1.869141
3062 1.869283
3063 1.870467
3064 1.871888
3065 1.871793
3066 1.870408
3067 1.869532
3068 1.868538
3069 1.867448
3070 1.866276
3071 1.866584
3072 1.867460
3073 1.867058
3074 1.868171
3075 1.867531
3076 1.865235
3077 1.866608
3078 1.866288
3079 1.865282
3080 1.864347
3081 1.864122
3082 1.863341
3083 1.863495
3084 1.865223
3085 1.864903
3086 1.865069
3087 1.863779
3088 1.864939
3089 1.864169
3090 1.863708
3091 1.861162
3092 1.860772
3093 1.859789
3094 1.858108
3095 1.858333
3096 1.861257
3097 1.860204
3098 1.859328
3099 1.859233
3100 1.857729
3101 1.857919
3102 1.856841
3103 1.855883
3104 1.856001
3105 1.857173
3106 1.858120
3107 1.857706
3108 1.859730
3109 1.859990
3110 1.859706
3111 1.858866
3112 1.859766
3113 1.858889
3114 1.860275
3115 1.860227
3116 1.861387
3117 1.862820
3118 1.862500
3119 1.862962
3120 1.862796
3121 1.862050
3122 1.860855
3123 1.860499
3124 1.860997
3125 1.860464
3126 1.860724
3127 1.859896
3128 1.860073
3129 1.862275
3130 1.861364
3131 1.861908
3132 1.862784
3133 1.863281
3134 1.863530
3135 1.862761
3136 1.862701
3137 1.861956
3138 1.861529
3139 1.863861
3140 1.864015
3141 1.861577
3142 1.860819
3143 1.860760
3144 1.859777
3145 1.860807
3146 1.860251
3147 1.860381
3148 1.859292
3149 1.860748
3150 1.861447
3151 1.859138
3152 1.858783
3153 1.857374
3154 1.856415
3155 1.856463
3156 1.858309
3157 1.858262
3158 1.859316
3159 1.859363
3160 1.858582
3161 1.858830
3162 1.859055
3163 1.859221
3164 1.860890
3165 1.862133
3166 1.862299
3167 1.862903
3168 1.861600
3169 1.860961
3170 1.861896
3171 1.862027
3172 1.862109
3173 1.860949
3174 1.861553
3175 1.861435
3176 1.862891
3177 1.864051
3178 1.862441
3179 1.864619
3180 1.864927
3181 1.864595
3182 1.865341
3183 1.864951
3184 1.865353
3185 1.865507
3186 1.865756
3187 1.865235
3188 1.865945
3189 1.867117
3190 1.867590
3191 1.867200
3192 1.864442
3193 1.862678
3194 1.863175
3195 1.863305
3196 1.862678
3197 1.861979
3198 1.861518
3199 1.861991
3200 1.863068
3201 1.863270
3202 1.865223
3203 1.866229
3204 1.866892
3205 1.864335
3206 1.866501
3207 1.866040
3208 1.865318
3209 1.865176
3210 1.866300
3211 1.865448
3212 1.865531
3213 1.865104
3214 1.863057
3215 1.862879
3216 1.862796
3217 1.861660
3218 1.861044
3219 1.859635
3220 1.860689
3221 1.862015
3222 1.863021
3223 1.861778
3224 1.864809
3225 1.865187
3226 1.866608
3227 1.865341
3228 1.865412
3229 1.865756
3230 1.865614
3231 1.865318
3232 1.866454
3233 1.865235
3234 1.863554
3235 1.862441
3236 1.862311
3237 1.861411
3238 1.862157
3239 1.861624
3240 1.861458
3241 1.862311
3242 1.862405
3243 1.863495
3244 1.864252
3245 1.863885
3246 1.863897
3247 1.863092
3248 1.864726
3249 1.866738
3250 1.868088
3251 1.867875
3252 1.868159
3253 1.867709
3254 1.867164
3255 1.868644
3256 1.867342
3257 1.866786
3258 1.865045
3259 1.864891
3260 1.864548
3261 1.864371
3262 1.867768
3263 1.866703
3264 1.867354
3265 1.866797
3266 1.865649
3267 1.865282
3268 1.865815
3269 1.865957
3270 1.865661
3271 1.865211
3272 1.864915
3273 1.865270
3274 1.865720
3275 1.866170
3276 1.866419
3277 1.866182
3278 1.867886
3279 1.869070
3280 1.868656
3281 1.866596
3282 1.866040
3283 1.865483
3284 1.865247
3285 1.864856
3286 1.865507
3287 1.864015
3288 1.864714
3289 1.867141
3290 1.867141
3291 1.865578
3292 1.864678
3293 1.863980
3294 1.864880
3295 1.865436
3296 1.865519
3297 1.864749
3298 1.865187
3299 1.863826
3300 1.862701
3301 1.863021
3302 1.862358
3303 1.862855
3304 1.862405
3305 1.864276
3306 1.864382
3307 1.864844
3308 1.865400
3309 1.864347
3310 1.867129
3311 1.866478
3312 1.867673
3313 1.867496
3314 1.866584
3315 1.866028
3316 1.865365
3317 1.866584
3318 1.867815
3319 1.868905
3320 1.868052
3321 1.866726
3322 1.867448
3323 1.866146
3324 1.866608
3325 1.866123
3326 1.865081
3327 1.864039
3328 1.864075
3329 1.864453
3330 1.864809
3331 1.864228
3332 1.862583
3333 1.861908
3334 1.862701
3335 1.863731
3336 1.863388
3337 1.864820
3338 1.865341
3339 1.867046
3340 1.868762
3341 1.868171
3342 1.868230
3343 1.869070
3344 1.868538
3345 1.868916
3346 1.870455
3347 1.868822
3348 1.867531
3349 1.866075
3350 1.866845
3351 1.866501
3352 1.868680
3353 1.868182
3354 1.869828
3355 1.871024
3356 1.870893
3357 1.870538
3358 1.869686
3359 1.869899
3360 1.870751
3361 1.869946
3362 1.870076
3363 1.869863
3364 1.869781
3365 1.870834
3366 1.870266
3367 1.870396
3368 1.869437
3369 1.870159
3370 1.870100
3371 1.870349
3372 1.869414
3373 1.868881
3374 1.868976
3375 1.869141
3376 1.868407
3377 1.867519
3378 1.868171
3379 1.866821
3380 1.868999
3381 1.867413
3382 1.866347
3383 1.865448
3384 1.865069
3385 1.867117
3386 1.868171
3387 1.868762
3388 1.868040
3389 1.869591
3390 1.871059
3391 1.872598
3392 1.873012
3393 1.872101
3394 1.870716
3395 1.870586
3396 1.870171
3397 1.868490
3398 1.870005
3399 1.868265
3400 1.868668
3401 1.868348
3402 1.869272
3403 1.869769
3404 1.871284
3405 1.871746
3406 1.873936
3407 1.871746
3408 1.871793
3409 1.870301
3410 1.869473
3411 1.868123
3412 1.867697
3413 1.866134
3414 1.864903
3415 1.864513
3416 1.865590
3417 1.867034
3418 1.866324
3419 1.867176
3420 1.868786
3421 1.868810
3422 1.868407
3423 1.867188
3424 1.867105
3425 1.866087
3426 1.865992
3427 1.864063
3428 1.863850
3429 1.864098
3430 1.863210
3431 1.863968
3432 1.864714
3433 1.866075
3434 1.866312
3435 1.867070
3436 1.865235
3437 1.863885
3438 1.862583
3439 1.860902
3440 1.859754
3441 1.860902
3442 1.860949
3443 1.860807
3444 1.860878
3445 1.861577
3446 1.862228
3447 1.863992
3448 1.865057
3449 1.865519
3450 1.864844
3451 1.862299
3452 1.864359
3453 1.863838
3454 1.863045
3455 1.862382
3456 1.863802
3457 1.863163
3458 1.864205
3459 1.863459
3460 1.863222
3461 1.862832
3462 1.863696
3463 1.863814
3464 1.863033
3465 1.863696
3466 1.864560
3467 1.863495
3468 1.864039
3469 1.864110
3470 1.863743
3471 1.863719
3472 1.862903
3473 1.862027
3474 1.863151
3475 1.864631
3476 1.865685
3477 1.866797
3478 1.865696
3479 1.864962
3480 1.863980
3481 1.864524
3482 1.865211
3483 1.865010
3484 1.863826
3485 1.864524
3486 1.863861
3487 1.864844
3488 1.866454
3489 1.867141
3490 1.867141
3491 1.867022
3492 1.867034
3493 1.867377
3494 1.868467
3495 1.868017
3496 1.869272
3497 1.868609
3498 1.870645
3499 1.870964
3500 1.871000
3501 1.873581
3502 1.872397
3503 1.872136
3504 1.871521
3505 1.871379
3506 1.870278
3507 1.870562
3508 1.869425
3509 1.869733
3510 1.869804
3511 1.869212
3512 1.869733
3513 1.871686
3514 1.871876
3515 1.872077
3516 1.873060
3517 1.872160
3518 1.870467
3519 1.869082
3520 1.869106
3521 1.870455
3522 1.869319
3523 1.868822
3524 1.868940
3525 1.870041
3526 1.868916
3527 1.871296
3528 1.872361
3529 1.873652
3530 1.873190
3531 1.874563
3532 1.874563
3533 1.872598
3534 1.871793
3535 1.869828
3536 1.869638
3537 1.868857
3538 1.869224
3539 1.870396
3540 1.870728
3541 1.872847
3542 1.872042
3543 1.872527
3544 1.873557
3545 1.871639
3546 1.872124
3547 1.872669
3548 1.872610
3549 1.873521
3550 1.874054
3551 1.874350
3552 1.875877
3553 1.875427
3554 1.874019
3555 1.873805
3556 1.872681
3557 1.871533
3558 1.872693
3559 1.872622
3560 1.872361
3561 1.869875
3562 1.868715
3563 1.869070
3564 1.869875
3565 1.871509
3566 1.870657
3567 1.872823
3568 1.871438
3569 1.870337
3570 1.870148
3571 1.871734
3572 1.872184
3573 1.871615
3574 1.871343
3575 1.871225
3576 1.870704
3577 1.872243
3578 1.871343
3579 1.870668
3580 1.868384
3581 1.866052
3582 1.866478
3583 1.867212
3584 1.866537
3585 1.866111
3586 1.864927
3587 1.864288
3588 1.863648
3589 1.862855
3590 1.862891
3591 1.861932
3592 1.862796
3593 1.862394
3594 1.863210
3595 1.863660
3596 1.862571
3597 1.862642
3598 1.862358
3599 1.863329
3600 1.864406
3601 1.866134
3602 1.866288
3603 1.866786
3604 1.866691
3605 1.866655
3606 1.866726
3607 1.867342
3608 1.866182
3609 1.866016
3610 1.863790
3611 1.863625
3612 1.863329
3613 1.865815
3614 1.865069
3615 1.866170
3616 1.865471
3617 1.865377
3618 1.863660
3619 1.862761
3620 1.863577
3621 1.862974
3622 1.862382
3623 1.863057
3624 1.863814
3625 1.864844
3626 1.867046
3627 1.868076
3628 1.868632
3629 1.869544
3630 1.869177
3631 1.868206
3632 1.867283
3633 1.867437
3634 1.868230
3635 1.866383
3636 1.867342
3637 1.866549
3638 1.865495
3639 1.865566
3640 1.865732
3641 1.866407
3642 1.867235
3643 1.867022
3644 1.866762
3645 1.865886
3646 1.864311
3647 1.866501
3648 1.866655
3649 1.865685
3650 1.867224
3651 1.868715
3652 1.871485
3653 1.869828
3654 1.869508
3655 1.869283
3656 1.868064
3657 1.866892
3658 1.867141
3659 1.867460
3660 1.867022
3661 1.867389
3662 1.866466
3663 1.866063
3664 1.865602
3665 1.866797
3666 1.866383
3667 1.865673
3668 1.866028
3669 1.864726
3670 1.865270
3671 1.866395
3672 1.865921
3673 1.866194
3674 1.867377
3675 1.866347
3676 1.865353
3677 1.866478
3678 1.865756
3679 1.865176
3680 1.864157
3681 1.863802
3682 1.864051
3683 1.866383
3684 1.866217
3685 1.865696
3686 1.865069
3687 1.865483
3688 1.864560
3689 1.864051
3690 1.864157
3691 1.866714
3692 1.866809
3693 1.865957
3694 1.865069
3695 1.864501
3696 1.865625
3697 1.864430
3698 1.865223
3699 1.864442
3700 1.863933
3701 1.863601
3702 1.864406
3703 1.865258
3704 1.863246
3705 1.863139
3706 1.863412
3707 1.861695
3708 1.861991
3709 1.864169
3710 1.864157
3711 1.864252
3712 1.863352
3713 1.864181
3714 1.864631
3715 1.864584
3716 1.864773
3717 1.863589
3718 1.862595
3719 1.863116
3720 1.862429
3721 1.863483
3722 1.864311
3723 1.863613
3724 1.862003
3725 1.861624
3726 1.860997
3727 1.859730
3728 1.860357
3729 1.860807
3730 1.859777
3731 1.859896
3732 1.861139
3733 1.861814
3734 1.861387
3735 1.860014
3736 1.860535
3737 1.862192
3738 1.862903
3739 1.862098
3740 1.862607
3741 1.862536
3742 1.862536
3743 1.862761
3744 1.860748
3745 1.861091
3746 1.861222
3747 1.861222
3748 1.860772
3749 1.862263
3750 1.861091
3751 1.861269
3752 1.859777
3753 1.860334
3754 1.861198
3755 1.861825
3756 1.861304
3757 1.862926
3758 1.864382
3759 1.866572
3760 1.869354
3761 1.869674
3762 1.871438
3763 1.870834
3764 1.870278
3765 1.868964
3766 1.866975
3767 1.864714
3768 1.863116
3769 1.863352
3770 1.864359
3771 1.864098
3772 1.865033
3773 1.865543
3774 1.866643
3775 1.865981
3776 1.865424
3777 1.865022
3778 1.865483
3779 1.867058
3780 1.868017
3781 1.868597
3782 1.868135
3783 1.867910
3784 1.866857
3785 1.865140
3786 1.863992
3787 1.861719
3788 1.861518
3789 1.863495
3790 1.863009
3791 1.865460
3792 1.865093
3793 1.864962
3794 1.865033
3795 1.864915
3796 1.864655
3797 1.865282
3798 1.863128
3799 1.863234
3800 1.862607
3801 1.863092
3802 1.861802
3803 1.860180
3804 1.861506
3805 1.860026
3806 1.859683
3807 1.861139
3808 1.862050
3809 1.860251
3810 1.861127
3811 1.860286
3812 1.859979
3813 1.860085
3814 1.861731
3815 1.861091
3816 1.861435
3817 1.861447
3818 1.858759
3819 1.859493
3820 1.859541
3821 1.858996
3822 1.860440
3823 1.861174
3824 1.860428
3825 1.859280
3826 1.859197
3827 1.858274
3828 1.857362
3829 1.857990
3830 1.857765
3831 1.857860
3832 1.859103
3833 1.859860
3834 1.859446
3835 1.859434
3836 1.858771
3837 1.859351
3838 1.860736
3839 1.861162
3840 1.859943
3841 1.859588
3842 1.859931
3843 1.860085
3844 1.859233
3845 1.858925
3846 1.858558
3847 1.859434
3848 1.859564
3849 1.859789
3850 1.860511
3851 1.862417
3852 1.864619
3853 1.866845
3854 1.864809
3855 1.865400
3856 1.865625
3857 1.865507
3858 1.865270
3859 1.866347
3860 1.866052
3861 1.865389
3862 1.864738
3863 1.863270
3864 1.863814
3865 1.861364
3866 1.861186
3867 1.861103
3868 1.861340
3869 1.860997
3870 1.860381
3871 1.860417
3872 1.860594
3873 1.858842
3874 1.858889
3875 1.860618
3876 1.862903
3877 1.864513
3878 1.864726
3879 1.864134
3880 1.860523
3881 1.859955
3882 1.860890
3883 1.860949
3884 1.860215
3885 1.860073
3886 1.859481
3887 1.861328
3888 1.861967
3889 1.860606
3890 1.859919
3891 1.860286
3892 1.860014
3893 1.860523
3894 1.859481
3895 1.860843
3896 1.860002
3897 1.859623
3898 1.858451
3899 1.858286
3900 1.858511
3901 1.858546
3902 1.857919
3903 1.859138
3904 1.860653
3905 1.861636
3906 1.861482
3907 1.861778
3908 1.863625
3909 1.864323
3910 1.863518
3911 1.864738
3912 1.864986
3913 1.866253
3914 1.866099
3915 1.866217
3916 1.866028
3917 1.864311
3918 1.864524
3919 1.863542
3920 1.865578
3921 1.865909
3922 1.865945
3923 1.867886
3924 1.867519
3925 1.868372
3926 1.869165
3927 1.868632
3928 1.868088
3929 1.867721
3930 1.866052
3931 1.864300
3932 1.863921
3933 1.864205
3934 1.865590
3935 1.866052
3936 1.865069
3937 1.865057
3938 1.864501
3939 1.865140
3940 1.866241
3941 1.865815
3942 1.865590
3943 1.863542
3944 1.863613
3945 1.863814
3946 1.863790
3947 1.863435
3948 1.862843
3949 1.863755
3950 1.864110
3951 1.865448
3952 1.865093
3953 1.866407
3954 1.866170
3955 1.864714
3956 1.864809
3957 1.863648
3958 1.861494
3959 1.860630
3960 1.860369
3961 1.859564
3962 1.859801
3963 1.858511
3964 1.858830
3965 1.858866
3966 1.858523
3967 1.858534
3968 1.859659
3969 1.859446
3970 1.859683
3971 1.861044
3972 1.860997
3973 1.862524
3974 1.862891
3975 1.863660
3976 1.864726
3977 1.865104
3978 1.866158
3979 1.867295
3980 1.867733
3981 1.865578
3982 1.865791
3983 1.865696
3984 1.865377
3985 1.866726
3986 1.865140
3987 1.865400
3988 1.864359
3989 1.864477
3990 1.865187
3991 1.864868
3992 1.864536
3993 1.864619
3994 1.863814
3995 1.863719
3996 1.863719
3997 1.862157
3998 1.861636
3999 1.861825
4000 1.861956
4001 1.862476
4002 1.863495
4003 1.864773
4004 1.865294
4005 1.865649
4006 1.864832
4007 1.867531
4008 1.869153
4009 1.869911
4010 1.869485
4011 1.869958
4012 1.870787
4013 1.870550
4014 1.870325
4015 1.871900
4016 1.872491
4017 1.871971
4018 1.873143
4019 1.872219
4020 1.871710
4021 1.871473
4022 1.871225
4023 1.871982
4024 1.872101
4025 1.870017
4026 1.868218
4027 1.867531
4028 1.866762
4029 1.865685
4030 1.866359
4031 1.865365
4032 1.864939
4033 1.864039
4034 1.862772
4035 1.862855
4036 1.861399
4037 1.860204
4038 1.862334
4039 1.861766
4040 1.863376
4041 1.864288
4042 1.864181
4043 1.864228
4044 1.864347
4045 1.864122
4046 1.863802
4047 1.864134
4048 1.863873
4049 1.863897
4050 1.864714
4051 1.865696
4052 1.867058
4053 1.867117
4054 1.865803
4055 1.865294
4056 1.864939
4057 1.864157
4058 1.864382
4059 1.866371
4060 1.865365
4061 1.865685
4062 1.865625
4063 1.865791
4064 1.864382
4065 1.865637
4066 1.865732
4067 1.868029
4068 1.868265
4069 1.866939
4070 1.865258
4071 1.865033
4072 1.864217
4073 1.864169
4074 1.864134
4075 1.863258
4076 1.862370
4077 1.862429
4078 1.862240
4079 1.862370
4080 1.861198
4081 1.859694
4082 1.860038
4083 1.860878
4084 1.860357
4085 1.861044
4086 1.862145
4087 1.863459
4088 1.864773
4089 1.863637
4090 1.862465
4091 1.863234
4092 1.862417
4093 1.861589
4094 1.860511
4095 1.861991
4096 1.863092
4097 1.862465
4098 1.863459
4099 1.862547
4100 1.861103
4101 1.858736
4102 1.859754
4103 1.858061
4104 1.858688
4105 1.856806
4106 1.856913
4107 1.856628
4108 1.856060
4109 1.855374
4110 1.855670
4111 1.855575
4112 1.854947
4113 1.856108
4114 1.855563
4115 1.853633
4116 1.854296
4117 1.854663
4118 1.853539
4119 1.854403
4120 1.856285
4121 1.858167
4122 1.859091
4123 1.858783
4124 1.857291
4125 1.859162
4126 1.857931
4127 1.858203
4128 1.858901
4129 1.858759
4130 1.859647
4131 1.859908
4132 1.859529
4133 1.858913
4134 1.859529
4135 1.859754
4136 1.860689
4137 1.862761
4138 1.864572
4139 1.865436
4140 1.866561
4141 1.866146
4142 1.866525
4143 1.865992
4144 1.865010
4145 1.865389
4146 1.866146
4147 1.865992
4148 1.866608
4149 1.865128
4150 1.863175
4151 1.863364
4152 1.865933
4153 1.866265
4154 1.867046
4155 1.867922
4156 1.868194
4157 1.868360
4158 1.867437
4159 1.868514
4160 1.868467
4161 1.868656
4162 1.868952
4163 1.868490
4164 1.868242
4165 1.868395
4166 1.866750
4167 1.867105
4168 1.867058
4169 1.865069
4170 1.865625
4171 1.866584
4172 1.867022
4173 1.867662
4174 1.869165
4175 1.870361
4176 1.869378
4177 1.869378
4178 1.869473
4179 1.869745
4180 1.868845
4181 1.870017
4182 1.867780
4183 1.865791
4184 1.865116
4185 1.866572
4186 1.865756
4187 1.865507
4188 1.864844
4189 1.865412
4190 1.866075
4191 1.867839
4192 1.868538
4193 1.870384
4194 1.869496
4195 1.871260
4196 1.870574
4197 1.870680
4198 1.871000
4199 1.871035
4200 1.872799
4201 1.875096
4202 1.876185
4203 1.874409
4204 1.873486
4205 1.872764
4206 1.873782
4207 1.875404
4208 1.875664
4209 1.875191
4210 1.874350
4211 1.873959
4212 1.873154
4213 1.871959
4214 1.870065
4215 1.869946
4216 1.870704
4217 1.872491
4218 1.871994
4219 1.870349
4220 1.870337
4221 1.871142
4222 1.870609
4223 1.869520
4224 1.869508
4225 1.868538
4226 1.870076
4227 1.869840
4228 1.869603
4229 1.869094
4230 1.869177
4231 1.869982
4232 1.868573
4233 1.867259
4234 1.866620
4235 1.867922
4236 1.870941
4237 1.870609
4238 1.873273
4239 1.873640
4240 1.874516
4241 1.873936
4242 1.873403
4243 1.872172
4244 1.872645
4245 1.871746
4246 1.871805
4247 1.871911
4248 1.869591
4249 1.868561
4250 1.868111
4251 1.867685
4252 1.868206
4253 1.866134
4254 1.866667
4255 1.866371
4256 1.864371
4257 1.863116
4258 1.862169
4259 1.862855
4260 1.863435
4261 1.863755
4262 1.862252
4263 1.862157
4264 1.862263
4265 1.862547
4266 1.864205
4267 1.865708
4268 1.865637
4269 1.864891
4270 1.867839
4271 1.868135
4272 1.867614
4273 1.868372
4274 1.866679
4275 1.867330
4276 1.868206
4277 1.867886
4278 1.868218
4279 1.868857
4280 1.869319
4281 1.869567
4282 1.868395
4283 1.868324
4284 1.868029
4285 1.866336
4286 1.865637
4287 1.865744
4288 1.866194
4289 1.864903
4290 1.865649
4291 1.865448
4292 1.866407
4293 1.867188
4294 1.867602
4295 1.869425
4296 1.869106
4297 1.871225
4298 1.870065
4299 1.870538
4300 1.870029
4301 1.872160
4302 1.871651
4303 1.869177
4304 1.869508
4305 1.869674
4306 1.870917
4307 1.871035
4308 1.870657
4309 1.867602
4310 1.865471
4311 1.865957
4312 1.865554
4313 1.865803
4314 1.866951
4315 1.867377
4316 1.867957
4317 1.868715
4318 1.869757
4319 1.870053
4320 1.871225
4321 1.872053
4322 1.871509
4323 1.869710
4324 1.870633
4325 1.870917
4326 1.871071
4327 1.871213
4328 1.873356
4329 1.874066
4330 1.872977
4331 1.874516
4332 1.874196
4333 1.874019
4334 1.875830
4335 1.875072
4336 1.876647
4337 1.876138
4338 1.876741
4339 1.877558
4340 1.876801
4341 1.877819
4342 1.877085
4343 1.876765
4344 1.874610
4345 1.873805
4346 1.872219
4347 1.870716
4348 1.871118
4349 1.871426
4350 1.870704
4351 1.871071
4352 1.871473
4353 1.872290
4354 1.870810
4355 1.871248
4356 1.871035
4357 1.870278
4358 1.868976
4359 1.870005
4360 1.868928
4361 1.868703
4362 1.868455
4363 1.869212
4364 1.869343
4365 1.869141
4366 1.867129
4367 1.865199
4368 1.864809
4369 1.866276
4370 1.865566
4371 1.864927
4372 1.864891
4373 1.865838
4374 1.865223
4375 1.865909
4376 1.864714
4377 1.865152
4378 1.866561
4379 1.868715
4380 1.868419
4381 1.869058
4382 1.868632
4383 1.868005
4384 1.867898
4385 1.868206
4386 1.869343
4387 1.869414
4388 1.868147
4389 1.867756
4390 1.865874
4391 1.867366
4392 1.867141
4393 1.866288
4394 1.866170
4395 1.867756
4396 1.867543
4397 1.868123
4398 1.869118
4399 1.868324
4400 1.866797
4401 1.867590
4402 1.867567
4403 1.868336
4404 1.867306
4405 1.867164
4406 1.866347
4407 1.866679
4408 1.867484
4409 1.868253
4410 1.869058
4411 1.867129
4412 1.866442
4413 1.864761
4414 1.864086
4415 1.868230
4416 1.869650
4417 1.869307
4418 1.869923
4419 1.870266
4420 1.869118
4421 1.869461
4422 1.869662
4423 1.870005
4424 1.868265
4425 1.867164
4426 1.867543
4427 1.869449
4428 1.870716
4429 1.871947
4430 1.870893
4431 1.872113
4432 1.870858
4433 1.870716
4434 1.868100
4435 1.867247
4436 1.868147
4437 1.868597
4438 1.868987
4439 1.867922
4440 1.867093
4441 1.868751
4442 1.869366
4443 1.867946
4444 1.867733
4445 1.870491
4446 1.869615
4447 1.870313
4448 1.869354
4449 1.868916
4450 1.868585
4451 1.868277
4452 1.869248
4453 1.868833
4454 1.867342
4455 1.867993
4456 1.869189
4457 1.869153
4458 1.869153
4459 1.868703
4460 1.869129
4461 1.868857
4462 1.866407
4463 1.867070
4464 1.865424
4465 1.865318
4466 1.865637
4467 1.865104
4468 1.865294
4469 1.863873
4470 1.864122
4471 1.865424
4472 1.864004
4473 1.864974
4474 1.864880
4475 1.864939
4476 1.865329
4477 1.867377
4478 1.866336
4479 1.866217
4480 1.864548
4481 1.862287
4482 1.862370
4483 1.861600
4484 1.861754
4485 1.861281
4486 1.860630
4487 1.861932
4488 1.860736
4489 1.859766
4490 1.858961
4491 1.858073
4492 1.858913
4493 1.858996
4494 1.861091
4495 1.861636
4496 1.860168
4497 1.859458
4498 1.860298
4499 1.861233
4500 1.862678
4501 1.862192


Active cycles: 2000
k_mean: 1.865513
k_stddev(cycle): 0.003730
k_stderr(mean): 0.000083
Reactivity(rho): 0.463954, Per Cent error compared to reference: -30.868451
Total Time: 231.017997seconds. Average: 0.051326 seconds per cycle.
