2 0.984466
3 0.982756
4 0.982912
5 0.983716
6 0.983184
7 0.982500
8 0.981504
9 0.980178
10 0.978720
11 0.977924
12 0.976834
13 0.975998
14 0.975014
15 0.974708
16 0.973802
17 0.973042
18 0.972746
19 0.972610
20 0.972444
22 0.972526
23 0.972978
24 0.973948
25 0.974690
26 0.975306
27 0.976798
28 0.977988
29 0.978920
30 0.979728
31 0.981052
32 0.982252
33 0.983398
34 0.985274
35 0.987004
36 0.988114
37 0.989014
38 0.990962
39 0.991922
40 0.993278
42 0.996012
43 0.997482
44 0.999458
45 1.001456
46 1.002776
47 1.004638
48 1.006486
49 1.007822
50 1.009598
51 1.011086
52 1.013048
53 1.014244
54 1.015724
55 1.017870
56 1.020226
57 1.022362
58 1.024678
59 1.026802
60 1.028690
62 1.030896
63 1.032630
64 1.033914
65 1.036400
66 1.037378
67 1.039214
68 1.040918
69 1.043404
70 1.045078
71 1.046728
72 1.047842
73 1.049296
74 1.050996
75 1.052976
76 1.054870
77 1.056918
78 1.058488
79 1.060608
80 1.061614
82 1.064792
83 1.066152
84 1.067612
85 1.069186
86 1.070122
87 1.071852
88 1.073488
89 1.075006
90 1.076838
91 1.078548
92 1.080308
93 1.081644
94 1.082642
95 1.084814
96 1.085970
97 1.086604
98 1.088116
99 1.089418
100 1.090224
102 1.093004
103 1.094502
104 1.095938
105 1.096932
106 1.097966
107 1.099134
108 1.100204
109 1.101558
110 1.102362
111 1.103946
112 1.104994
113 1.106542
114 1.107612
115 1.108600
116 1.109442
117 1.110870
118 1.111808
119 1.112538
120 1.113698
122 1.115572
123 1.116480
124 1.116726
125 1.117830
126 1.118526
127 1.119680
128 1.121222
129 1.122866
130 1.123430
131 1.124052
132 1.124828
133 1.125750
134 1.126096
135 1.127134
136 1.127320
137 1.127982
138 1.128436
139 1.128996
140 1.130152
142 1.131450
143 1.132592
144 1.132952
145 1.134190
146 1.134446
147 1.135028
148 1.135390
149 1.136432
150 1.136942
151 1.137124
152 1.137722
153 1.138944
154 1.139276
155 1.140008
156 1.140544
157 1.140828
158 1.140830
159 1.140718
160 1.141172
162 1.141560
163 1.141590
164 1.142160
165 1.142856
166 1.143328
167 1.143644
168 1.143792
169 1.144326
170 1.146010
171 1.146050
172 1.146104
173 1.146678
174 1.147360
175 1.147674
176 1.148384
177 1.149656
178 1.150366
179 1.150584
180 1.151234
182 1.152144
183 1.152172
184 1.152366
185 1.152482
186 1.152682
187 1.152700
188 1.153070
189 1.154078
190 1.154166
191 1.154394
192 1.154654
193 1.154812
194 1.155318
195 1.155650
196 1.155748
197 1.156572
198 1.156548
199 1.156730
200 1.156910
202 1.157474
203 1.157804
204 1.158758
205 1.159210
206 1.159436
207 1.160192
208 1.160062
209 1.160268
210 1.160472
211 1.161490
212 1.161552
213 1.162192
214 1.162220
215 1.161938
216 1.162608
217 1.163024
218 1.163158
219 1.163276
220 1.163384
222 1.163076
223 1.163408
224 1.163484
225 1.163518
226 1.163416
227 1.163730
228 1.164136
229 1.163806
230 1.163946
231 1.164872
232 1.164854
233 1.165080
234 1.165032
235 1.164962
236 1.165244
237 1.165600
238 1.165078
239 1.165710
240 1.165364
242 1.165838
243 1.165668
244 1.165502
245 1.165786
246 1.165988
247 1.166666
248 1.166918
249 1.166732
250 1.166742
251 1.166302
252 1.166404
253 1.166684
254 1.167010
255 1.166940
256 1.166986
257 1.167164
258 1.167350
259 1.167336
260 1.167086
262 1.167728
263 1.167990
264 1.168420
265 1.167986
266 1.168320
267 1.168366
268 1.168070
269 1.168486
270 1.168826
271 1.168544
272 1.168320
273 1.168646
274 1.168442
275 1.168972
276 1.168976
277 1.168846
278 1.169044
279 1.168932
280 1.169354
282 1.170002
283 1.169948
284 1.170596
285 1.170728
286 1.171136
287 1.170664
288 1.170270
289 1.170544
290 1.171012
291 1.171240
292 1.171128
293 1.171552
294 1.172124
295 1.172754
296 1.172668
297 1.172938
298 1.172974
299 1.172586
300 1.172832
302 1.172412
303 1.172290
304 1.172800
305 1.173164
306 1.173420
307 1.173154
308 1.173526
309 1.173554
310 1.173480
311 1.173964
312 1.173540
313 1.173542
314 1.173466
315 1.173934
316 1.174172
317 1.174378
318 1.173846
319 1.174044
320 1.173828
322 1.173190
323 1.173346
324 1.173244
325 1.173606
326 1.173184
327 1.173234
328 1.173524
329 1.173666
330 1.173522
331 1.173846
332 1.173928
333 1.173892
334 1.173952
335 1.174212
336 1.174594
337 1.174270
338 1.174786
339 1.175356
340 1.175850
342 1.176056
343 1.176900
344 1.176028
345 1.176140
346 1.176804
347 1.177406
348 1.178050
349 1.178350
350 1.178586
351 1.179024
352 1.178734
353 1.178966
354 1.179814
355 1.179776
356 1.179438
357 1.179316
358 1.179320
359 1.179726
360 1.179456
362 1.179734
363 1.179856
364 1.179462
365 1.179232
366 1.179718
367 1.180020
368 1.179670
369 1.179520
370 1.179098
371 1.179234
372 1.178868
373 1.178942
374 1.178668
375 1.179094
376 1.179362
377 1.179264
378 1.179178
379 1.179542
380 1.180224
382 1.180122
383 1.180456
384 1.179802
385 1.179818
386 1.179922
387 1.179900
388 1.179478
389 1.179454
390 1.179634
391 1.179652
392 1.180016
393 1.179468
394 1.179400
395 1.179324
396 1.179300
397 1.179770
398 1.179518
399 1.179688
400 1.179990
402 1.181276
403 1.181188
404 1.181078
405 1.181130
406 1.180882
407 1.181122
408 1.180944
409 1.181530
410 1.181360
411 1.181210
412 1.180682
413 1.180142
414 1.180210
415 1.179914
416 1.179618
417 1.179888
418 1.179658
419 1.180070
420 1.179692
422 1.180114
423 1.180064
424 1.179686
425 1.179398
426 1.178976
427 1.178666
428 1.178604
429 1.178966
430 1.178552
431 1.178284
432 1.178996
433 1.179132
434 1.179038
435 1.179180
436 1.179370
437 1.179690
438 1.179510
439 1.179384
440 1.179120
442 1.179400
443 1.179822
444 1.179828
445 1.179804
446 1.179770
447 1.179664
448 1.179538
449 1.179582
450 1.179452
451 1.179360
452 1.180194
453 1.180232
454 1.180082
455 1.180486
456 1.180634
457 1.180740
458 1.180644
459 1.181060
460 1.181396
462 1.180768
463 1.180488
464 1.180320
465 1.179692
466 1.180214
467 1.179316
468 1.179914
469 1.179958
470 1.180410
471 1.180500
472 1.180446
473 1.180378
474 1.181000
475 1.180234
476 1.180438
477 1.180874
478 1.180628
479 1.180122
480 1.180626
482 1.179378
483 1.179606
484 1.179708
485 1.179416
486 1.179132
487 1.178838
488 1.178892
489 1.178870
490 1.178508
491 1.178146
492 1.178792
493 1.178814
494 1.179524
495 1.179324
496 1.180052
497 1.180274
498 1.180334
499 1.180044
500 1.179604
502 1.179332
503 1.178950
504 1.179044
505 1.179176
506 1.179574
507 1.179304
508 1.179398
509 1.179496
510 1.179532
511 1.179960
512 1.180098
513 1.179708
514 1.180322
515 1.180244
516 1.179774
517 1.179874
518 1.179954
519 1.180486
520 1.180238
522 1.180146
523 1.180266
524 1.179982
525 1.180064
526 1.179140
527 1.179250
528 1.179856
529 1.179920
530 1.179352
531 1.178940
532 1.178836
533 1.179368
534 1.179580
535 1.179494
536 1.179230
537 1.179418
538 1.179342
539 1.178962
540 1.178694
542 1.179324
543 1.178724
544 1.179274
545 1.178826
546 1.179046
547 1.179074
548 1.179058
549 1.179096
550 1.179298
551 1.179114
552 1.179066
553 1.179448
554 1.179978
555 1.180090
556 1.179714
557 1.180170
558 1.180634
559 1.180904
560 1.181044
562 1.181328
563 1.181588
564 1.181412
565 1.181434
566 1.180696
567 1.180152
568 1.180552
569 1.180404
570 1.180296
571 1.180686
572 1.181174
573 1.180646
574 1.180128
575 1.180510
576 1.180260
577 1.180304
578 1.179962
579 1.180256
580 1.180528
582 1.180644
583 1.181008
584 1.181082
585 1.180538
586 1.180616
587 1.180454
588 1.180456
589 1.180486
590 1.180444
591 1.180948
592 1.181116
593 1.181334
594 1.181878
595 1.181392
596 1.181076
597 1.181156
598 1.181040
599 1.181032
600 1.180924
602 1.181256
603 1.180406
604 1.180752
605 1.181114
606 1.181154
607 1.180736
608 1.181368
609 1.181516
610 1.181166
611 1.181224
612 1.181578
613 1.182372
614 1.182814
615 1.183454
616 1.183274
617 1.183054
618 1.182690
619 1.182700
620 1.182654
622 1.182476
623 1.182062
624 1.182122
625 1.181684
626 1.182246
627 1.182316
628 1.182290
629 1.182248
630 1.181470
631 1.181692
632 1.182196
633 1.182530
634 1.182706
635 1.182864
636 1.182896
637 1.183034
638 1.183426
639 1.183264
640 1.182914
642 1.181940
643 1.183014
644 1.182952
645 1.182562
646 1.182126
647 1.182276
648 1.181980
649 1.182228
650 1.181808
651 1.181750
652 1.181564
653 1.181666
654 1.182146
655 1.182420
656 1.182700
657 1.182332
658 1.182624
659 1.182370
660 1.182314
662 1.181478
663 1.181688
664 1.181204
665 1.181194
666 1.180804
667 1.180884
668 1.181492
669 1.181624
670 1.181776
671 1.182022
672 1.181518
673 1.181904
674 1.181754
675 1.181338
676 1.181272
677 1.181630
678 1.181808
679 1.182370
680 1.181712
682 1.181316
683 1.181096
684 1.181372
685 1.181432
686 1.180832
687 1.181140
688 1.181062
689 1.181130
690 1.180794
691 1.180608
692 1.180212
693 1.179910
694 1.180084
695 1.180308
696 1.180436
697 1.180316
698 1.179824
699 1.179234
700 1.178356
702 1.178324
703 1.178528
704 1.178700
705 1.179524
706 1.180276
707 1.180126
708 1.180328
709 1.180128
710 1.180020
711 1.179658
712 1.180022
713 1.179900
714 1.180070
715 1.180582
716 1.180408
717 1.180290
718 1.180242
719 1.180928
720 1.181110
722 1.181596
723 1.182208
724 1.182496
725 1.182778
726 1.182872
727 1.182880
728 1.182912
729 1.183112
730 1.182338
731 1.182450
732 1.182744
733 1.182016
734 1.182534
735 1.182516
736 1.182544
737 1.182776
738 1.183198
739 1.183252
740 1.182238
742 1.182228
743 1.182128
744 1.181806
745 1.181706
746 1.181734
747 1.181556
748 1.181628
749 1.181078
750 1.181040
751 1.181168
752 1.180842
753 1.180446
754 1.179716
755 1.180160
756 1.179870
757 1.179572
758 1.179212
759 1.179142
760 1.179578
762 1.180404
763 1.180434
764 1.180288
765 1.181030
766 1.181302
767 1.181304
768 1.180744
769 1.180442
770 1.180498
771 1.180472
772 1.180900
773 1.181294
774 1.181454
775 1.181376
776 1.181188
777 1.181542
778 1.181728
779 1.181836
780 1.181348
782 1.182070
783 1.182136
784 1.181658
785 1.181854
786 1.181932
787 1.182192
788 1.182706
789 1.182474
790 1.182080
791 1.182234
792 1.182586
793 1.182430
794 1.182500
795 1.182640
796 1.182660
797 1.182888
798 1.183326
799 1.182786
800 1.182332
802 1.182292
803 1.181846
804 1.182046
805 1.182154
806 1.181354
807 1.181160
808 1.181506
809 1.181766
810 1.182276
811 1.183104
812 1.182384
813 1.182870
814 1.183000
815 1.183564
816 1.184304
817 1.184388
818 1.184580
819 1.184730
820 1.183846
822 1.183654
823 1.183100
824 1.182836
825 1.181646
826 1.181482
827 1.181638
828 1.181264
829 1.181134
830 1.180744
831 1.180814
832 1.181112
833 1.181794
834 1.182288
835 1.182350
836 1.182540
837 1.182334
838 1.181750
839 1.181554
840 1.181754
842 1.181628
843 1.180686
844 1.180104
845 1.180370
846 1.180350
847 1.180892
848 1.180886
849 1.181488
850 1.181692
851 1.181532
852 1.181312
853 1.180734
854 1.180832
855 1.180716
856 1.181364
857 1.182236
858 1.182164
859 1.182346
860 1.182000
862 1.182918
863 1.182374
864 1.182504
865 1.182752
866 1.183006
867 1.183230
868 1.182928
869 1.182348
870 1.182174
871 1.181764
872 1.181904
873 1.181912
874 1.181934
875 1.181452
876 1.181672
877 1.181456
878 1.181842
879 1.181900
880 1.182270
882 1.182426
883 1.182442
884 1.181780
885 1.181904
886 1.182276
887 1.182318
888 1.181806
889 1.182412
890 1.182452
891 1.182510
892 1.181734
893 1.181692
894 1.181500
895 1.181576
896 1.181882
897 1.182238
898 1.182200
899 1.182080
900 1.181842
902 1.181920
903 1.181580
904 1.181930
905 1.181704
906 1.181386
907 1.181074
908 1.181088
909 1.180744
910 1.181080
911 1.180192
912 1.180022
913 1.179934
914 1.179962
915 1.180320
916 1.180890
917 1.181350
918 1.181186
919 1.181676
920 1.181430
922 1.181258
923 1.181472
924 1.181476
925 1.182140
926 1.182384
927 1.182444
928 1.182498
929 1.182750
930 1.182804
931 1.183394
932 1.183780
933 1.183706
934 1.183048
935 1.182774
936 1.182930
937 1.183180
938 1.183458
939 1.183572
940 1.183374
942 1.183062
943 1.182340
944 1.181756
945 1.181754
946 1.182128
947 1.181952
948 1.182058
949 1.182614
950 1.182478
951 1.182530
952 1.182158
953 1.182060
954 1.182418
955 1.181726
956 1.181162
957 1.181360
958 1.180782
959 1.181320
960 1.182060
962 1.182574
963 1.182232
964 1.182162
965 1.182680
966 1.181934
967 1.181702
968 1.181290
969 1.181280
970 1.180964
971 1.181466
972 1.182158
973 1.182656
974 1.182436
975 1.182656
976 1.182900
977 1.182834
978 1.182828
979 1.182746
980 1.182206
982 1.182512
983 1.182484
984 1.182024
985 1.181856
986 1.181500
987 1.181758
988 1.181786
989 1.181950
990 1.182374
991 1.182462
992 1.182126
993 1.182088
994 1.181994
995 1.181934
996 1.181948
997 1.182302
998 1.182636
999 1.182946
1000 1.182252
1002 1.181750
1003 1.181526
1004 1.181222
1005 1.181148
1006 1.181164
1007 1.181060
1008 1.181370
1009 1.181008
1010 1.180986
1011 1.180432
1012 1.181430
1013 1.181092
1014 1.180606
1015 1.180390
1016 1.180384
1017 1.180004
1018 1.180380
1019 1.180592
1020 1.180304
1022 1.180196
1023 1.180022
1024 1.179744
1025 1.179706
1026 1.179392
1027 1.179842
1028 1.180856
1029 1.181194
1030 1.181192
1031 1.181446
1032 1.181006
1033 1.180918
1034 1.180998
1035 1.180950
1036 1.180934
1037 1.180672
1038 1.181900
1039 1.182534
1040 1.182630
1042 1.183724
1043 1.184060
1044 1.184202
1045 1.183488
1046 1.183238
1047 1.182810
1048 1.182566
1049 1.183388
1050 1.183578
1051 1.182362
1052 1.182650
1053 1.182158
1054 1.182212
1055 1.182874
1056 1.183004
1057 1.182988
1058 1.182792
1059 1.182308
1060 1.182468
1062 1.182662
1063 1.182748
1064 1.182626
1065 1.182472
1066 1.182646
1067 1.182702
1068 1.182700
1069 1.182908
1070 1.182822
1071 1.183406
1072 1.182972
1073 1.182648
1074 1.182662
1075 1.181992
1076 1.182186
1077 1.182140
1078 1.181776
1079 1.181758
1080 1.181646
1082 1.181892
1083 1.181508
1084 1.181256
1085 1.181214
1086 1.181740
1087 1.181928
1088 1.181488
1089 1.181288
1090 1.180992
1091 1.181404
1092 1.181578
1093 1.181018
1094 1.181360
1095 1.181256
1096 1.181044
1097 1.181048
1098 1.180028
1099 1.179812
1100 1.180070
1102 1.180346
1103 1.180640
1104 1.180326
1105 1.180404
1106 1.180008
1107 1.180536
1108 1.180336
1109 1.180330
1110 1.180710
1111 1.180738
1112 1.180528
1113 1.180462
1114 1.180160
1115 1.179638
1116 1.180160
1117 1.180216
1118 1.180572
1119 1.180906
1120 1.180184
1122 1.180546
1123 1.180648
1124 1.181208
1125 1.181516
1126 1.181356
1127 1.181790
1128 1.181846
1129 1.182244
1130 1.182218
1131 1.182006
1132 1.181986
1133 1.181858
1134 1.182100
1135 1.181324
1136 1.181794
1137 1.181152
1138 1.180790
1139 1.181156
1140 1.180804
1142 1.181182
1143 1.181440
1144 1.181524
1145 1.181822
1146 1.182124
1147 1.181912
1148 1.181752
1149 1.182322
1150 1.182272
1151 1.182230
1152 1.181892
1153 1.181718
1154 1.181830
1155 1.181460
1156 1.182012
1157 1.181520
1158 1.181580
1159 1.181882
1160 1.182250
1162 1.182074
1163 1.181340
1164 1.181338
1165 1.181170
1166 1.181540
1167 1.181338
1168 1.181604
1169 1.181652
1170 1.182028
1171 1.182114
1172 1.182280
1173 1.182262
1174 1.182456
1175 1.182794
1176 1.183394
1177 1.183288
1178 1.182704
1179 1.182188
1180 1.182346
1182 1.182040
1183 1.182366
1184 1.182676
1185 1.182574
1186 1.182248
1187 1.182030
1188 1.182030
1189 1.182218
1190 1.182638
1191 1.182220
1192 1.182188
1193 1.182724
1194 1.182850
1195 1.182374
1196 1.182740
1197 1.183188
1198 1.182776
1199 1.182570
1200 1.181994
1202 1.182666
1203 1.182490
1204 1.182110
1205 1.181842
1206 1.181258
1207 1.181286
1208 1.180870
1209 1.180316
1210 1.180672
1211 1.180768
1212 1.181380
1213 1.181526
1214 1.181648
1215 1.181572
1216 1.181126
1217 1.181580
1218 1.182466
1219 1.182872
1220 1.182662
1222 1.182094
1223 1.182222
1224 1.181956
1225 1.182052
1226 1.181964
1227 1.182610
1228 1.182468
1229 1.182542
1230 1.182236
1231 1.182138
1232 1.181906
1233 1.181842
1234 1.182446
1235 1.182756
1236 1.183272
1237 1.182990
1238 1.182480
1239 1.183092
1240 1.183412
1242 1.183982
1243 1.183586
1244 1.183162
1245 1.183624
1246 1.183742
1247 1.184146
1248 1.183916
1249 1.184020
1250 1.183724
1251 1.183926
1252 1.184246
1253 1.185176
1254 1.184414
1255 1.184116
1256 1.184414
1257 1.184190
1258 1.183902
1259 1.183390
1260 1.183528
1262 1.183606
1263 1.183262
1264 1.183522
1265 1.183722
1266 1.183830
1267 1.183986
1268 1.183968
1269 1.184008
1270 1.184182
1271 1.184606
1272 1.184970
1273 1.184012
1274 1.183274
1275 1.182926
1276 1.182558
1277 1.182522
1278 1.182426
1279 1.183086
1280 1.183906
1282 1.183920
1283 1.184294
1284 1.184442
1285 1.183820
1286 1.184230
1287 1.183996
1288 1.184172
1289 1.183948
1290 1.183602
1291 1.183276
1292 1.183394
1293 1.183674
1294 1.184270
1295 1.184248
1296 1.184394
1297 1.184330
1298 1.183958
1299 1.183524
1300 1.183058
1302 1.183002
1303 1.182536
1304 1.182072
1305 1.181748
1306 1.181842
1307 1.182094
1308 1.182402
1309 1.182682
1310 1.182596
1311 1.182702
1312 1.182616
1313 1.182524
1314 1.183358
1315 1.183192
1316 1.183902
1317 1.183930
1318 1.183952
1319 1.183338
1320 1.183422
1322 1.182402
1323 1.182556
1324 1.182860
1325 1.183092
1326 1.182752
1327 1.182920
1328 1.183134
1329 1.183574
1330 1.183428
1331 1.183262
1332 1.183614
1333 1.183372
1334 1.183494
1335 1.183938
1336 1.183992
1337 1.184390
1338 1.184194
1339 1.184106
1340 1.184214
1342 1.184736
1343 1.184624
1344 1.184464
1345 1.183842
1346 1.183672
1347 1.183676
1348 1.183980
1349 1.184326
1350 1.184420
1351 1.185032
1352 1.185628
1353 1.185616
1354 1.185468
1355 1.185660
1356 1.186204
1357 1.186004
1358 1.186036
1359 1.185134
1360 1.184982
1362 1.185386
1363 1.185272
1364 1.185848
1365 1.186028
1366 1.185542
1367 1.185530
1368 1.184638
1369 1.184332
1370 1.184060
1371 1.183782
1372 1.182660
1373 1.183112
1374 1.183842
1375 1.183662
1376 1.183622
1377 1.183424
1378 1.183050
1379 1.182528
1380 1.182168
1382 1.182320
1383 1.182644
1384 1.182632
1385 1.182948
1386 1.183150
1387 1.183808
1388 1.183238
1389 1.183076
1390 1.182760
1391 1.183080
1392 1.183500
1393 1.183674
1394 1.183932
1395 1.183804
1396 1.183248
1397 1.183480
1398 1.182864
1399 1.182082
1400 1.182660
1402 1.182858
1403 1.182920
1404 1.182886
1405 1.182590
1406 1.182518
1407 1.182100
1408 1.182392
1409 1.182260
1410 1.181926
1411 1.181514
1412 1.181916
1413 1.181792
1414 1.182014
1415 1.182168
1416 1.182232
1417 1.182336
1418 1.183086
1419 1.182740
1420 1.182952
1422 1.183094
1423 1.183268
1424 1.183056
1425 1.183098
1426 1.183296
1427 1.182810
1428 1.182594
1429 1.183180
1430 1.183382
1431 1.183140
1432 1.183342
1433 1.183394
1434 1.183312
1435 1.183420
1436 1.183116
1437 1.183396
1438 1.183090
1439 1.182814
1440 1.182760
1442 1.183726
1443 1.183608
1444 1.183814
1445 1.182962
1446 1.182490
1447 1.182562
1448 1.182798
1449 1.183216
1450 1.182506
1451 1.182712
1452 1.182526
1453 1.182820
1454 1.182730
1455 1.182912
1456 1.183408
1457 1.183910
1458 1.184050
1459 1.183470
1460 1.183308
1462 1.183174
1463 1.183218
1464 1.183110
1465 1.183336
1466 1.183074
1467 1.183076
1468 1.183226
1469 1.183210
1470 1.183362
1471 1.183294
1472 1.183352
1473 1.183076
1474 1.183236
1475 1.183678
1476 1.183926
1477 1.183078
1478 1.183154
1479 1.182942
1480 1.182222
1482 1.181752
1483 1.181974
1484 1.182028
1485 1.181224
1486 1.181240
1487 1.181548
1488 1.181458
1489 1.181282
1490 1.181336
1491 1.181104
1492 1.180984
1493 1.181120
1494 1.181342
1495 1.181248
1496 1.181444
1497 1.180962
1498 1.180872
1499 1.181246
1500 1.181340
1502 1.181380
1503 1.181864
1504 1.182230
1505 1.181680
1506 1.182038
1507 1.182506
1508 1.182880
1509 1.182512
1510 1.182620
1511 1.182328
1512 1.181790
1513 1.181718
1514 1.181580
1515 1.181350
1516 1.181118
1517 1.181264
1518 1.181412
1519 1.181486
1520 1.181740
1522 1.181620
1523 1.182186
1524 1.182120
1525 1.182608
1526 1.182690
1527 1.182514
1528 1.183172
1529 1.182982
1530 1.182218
1531 1.181720
1532 1.181620
1533 1.181226
1534 1.181744
1535 1.181986
1536 1.182114
1537 1.182064
1538 1.182676
1539 1.182708
1540 1.182690
1542 1.183338
1543 1.182680
1544 1.182178
1545 1.182160
1546 1.182118
1547 1.181508
1548 1.181624
1549 1.181830
1550 1.180746
1551 1.180230
1552 1.179696
1553 1.179862
1554 1.179812
1555 1.180106
1556 1.179832
1557 1.179830
1558 1.180622
1559 1.179988
1560 1.180472
1562 1.180548
1563 1.180858
1564 1.180894
1565 1.180506
1566 1.180262
1567 1.179888
1568 1.180224
1569 1.180148
1570 1.180394
1571 1.181122
1572 1.181072
1573 1.181414
1574 1.181188
1575 1.181366
1576 1.181014
1577 1.180970
1578 1.181306
1579 1.180878
1580 1.181066
1582 1.180972
1583 1.181664
1584 1.181792
1585 1.182116
1586 1.182032
1587 1.182448
1588 1.182392
1589 1.182410
1590 1.181950
1591 1.181844
1592 1.182022
1593 1.181730
1594 1.181010
1595 1.180622
1596 1.180072
1597 1.179724
1598 1.179840
1599 1.180462
1600 1.180422
1602 1.180392
1603 1.180692
1604 1.180494
1605 1.180434
1606 1.181000
1607 1.181186
1608 1.181728
1609 1.182222
1610 1.181186
1611 1.181108
1612 1.181296
1613 1.181614
1614 1.181680
1615 1.181598
1616 1.181182
1617 1.181754
1618 1.182072
1619 1.181852
1620 1.181708
1622 1.181288
1623 1.181592
1624 1.181908
1625 1.182058
1626 1.182346
1627 1.182690
1628 1.182624
1629 1.181896
1630 1.181396
1631 1.181914
1632 1.181420
1633 1.181456
1634 1.181972
1635 1.181598
1636 1.181754
1637 1.181702
1638 1.181686
1639 1.181504
1640 1.181870
1642 1.182796
1643 1.182740
1644 1.182576
1645 1.182938
1646 1.182992
1647 1.182420
1648 1.182892
1649 1.183064
1650 1.183430
1651 1.182110
1652 1.181472
1653 1.181196
1654 1.181324
1655 1.180980
1656 1.180906
1657 1.180954
1658 1.180684
1659 1.180952
1660 1.180450
1662 1.181144
1663 1.180332
1664 1.180764
1665 1.181106
1666 1.180866
1667 1.181066
1668 1.181076
1669 1.181018
1670 1.181106
1671 1.180946
1672 1.181632
1673 1.181496
1674 1.181576
1675 1.181590
1676 1.181282
1677 1.181238
1678 1.181398
1679 1.180824
1680 1.181066
1682 1.181012
1683 1.181124
1684 1.181078
1685 1.180884
1686 1.181172
1687 1.181320
1688 1.180872
1689 1.179890
1690 1.179874
1691 1.180016
1692 1.179938
1693 1.179908
1694 1.180434
1695 1.181384
1696 1.180508
1697 1.180998
1698 1.181162
1699 1.181044
1700 1.181402
1702 1.181794
1703 1.181806
1704 1.182470
1705 1.182098
1706 1.182710
1707 1.183494
1708 1.182600
1709 1.182584
1710 1.182360
1711 1.182296
1712 1.181776
1713 1.181270
1714 1.181554
1715 1.181222
1716 1.181968
1717 1.181304
1718 1.181740
1719 1.182022
1720 1.181632
1722 1.182118
1723 1.182200
1724 1.181996
1725 1.182094
1726 1.182034
1727 1.182910
1728 1.182248
1729 1.182896
1730 1.182566
1731 1.182310
1732 1.182210
1733 1.182172
1734 1.181700
1735 1.182252
1736 1.182470
1737 1.182090
1738 1.182076
1739 1.181882
1740 1.181550
1742 1.181424
1743 1.182080
1744 1.181976
1745 1.181930
1746 1.182184
1747 1.181606
1748 1.182540
1749 1.182722
1750 1.182762
1751 1.182374
1752 1.182354
1753 1.182434
1754 1.182740
1755 1.183342
1756 1.182800
1757 1.182428
1758 1.182668
1759 1.182850
1760 1.182510
1762 1.181910
1763 1.181992
1764 1.182096
1765 1.183166
1766 1.183508
1767 1.183802
1768 1.184238
1769 1.183756
1770 1.183556
1771 1.183820
1772 1.183840
1773 1.183988
1774 1.183768
1775 1.183926
1776 1.183580
1777 1.183634
1778 1.183656
1779 1.183164
1780 1.183434
1782 1.183282
1783 1.183808
1784 1.183056
1785 1.182508
1786 1.182106
1787 1.182046
1788 1.182018
1789 1.182260
1790 1.182314
1791 1.182518
1792 1.182634
1793 1.182144
1794 1.182348
1795 1.182568
1796 1.182716
1797 1.182766
1798 1.182354
1799 1.182348
1800 1.182704
1802 1.182880
1803 1.182620
1804 1.182366
1805 1.182990
1806 1.182528
1807 1.181968
1808 1.182114
1809 1.182104
1810 1.183102
1811 1.183316
1812 1.183242
1813 1.183480
1814 1.183854
1815 1.183416
1816 1.183518
1817 1.184154
1818 1.184018
1819 1.184180
1820 1.183442
1822 1.183114
1823 1.182796
1824 1.183592
1825 1.184396
1826 1.184786
1827 1.184940
1828 1.185406
1829 1.185548
1830 1.185438
1831 1.185598
1832 1.185496
1833 1.185390
1834 1.184952
1835 1.184438
1836 1.184344
1837 1.184150
1838 1.184640
1839 1.184644
1840 1.183914
1842 1.183938
1843 1.183996
1844 1.184286
1845 1.183926
1846 1.183340
1847 1.183120
1848 1.183010
1849 1.183326
1850 1.183596
1851 1.183324
1852 1.183270
1853 1.183554
1854 1.183948
1855 1.183692
1856 1.183302
1857 1.183554
1858 1.183480
1859 1.183964
1860 1.183820
1862 1.183552
1863 1.183792
1864 1.184042
1865 1.184298
1866 1.184066
1867 1.184298
1868 1.184598
1869 1.184028
1870 1.184100
1871 1.184044
1872 1.184238
1873 1.183626
1874 1.183588
1875 1.184068
1876 1.184472
1877 1.184270
1878 1.184470
1879 1.184344
1880 1.184306
1882 1.184848
1883 1.184808
1884 1.185478
1885 1.185184
1886 1.185124
1887 1.185888
1888 1.186304
1889 1.185882
1890 1.185442
1891 1.185506
1892 1.184430
1893 1.183668
1894 1.183670
1895 1.184218
1896 1.184456
1897 1.184772
1898 1.184860
1899 1.185320
1900 1.185516
1902 1.185034
1903 1.184882
1904 1.184542
1905 1.184480
1906 1.183810
1907 1.183670
1908 1.183316
1909 1.183474
1910 1.184018
1911 1.183374
1912 1.183582
1913 1.183578
1914 1.183372
1915 1.183326
1916 1.183786
1917 1.183426
1918 1.182814
1919 1.183166
1920 1.183444
1922 1.183844
1923 1.184260
1924 1.184298
1925 1.184372
1926 1.183812
1927 1.183946
1928 1.184326
1929 1.184004
1930 1.183572
1931 1.183270
1932 1.183058
1933 1.182834
1934 1.182790
1935 1.182724
1936 1.182902
1937 1.182880
1938 1.182748
1939 1.182350
1940 1.182490
1942 1.182644
1943 1.182586
1944 1.182448
1945 1.182730
1946 1.182642
1947 1.183236
1948 1.183072
1949 1.182720
1950 1.182422
1951 1.182530
1952 1.183742
1953 1.183842
1954 1.184028
1955 1.183936
1956 1.183564
1957 1.183776
1958 1.183928
1959 1.183638
1960 1.183144
1962 1.182644
1963 1.183256
1964 1.183114
1965 1.184000
1966 1.183182
1967 1.183096
1968 1.183690
1969 1.184210
1970 1.184366
1971 1.184306
1972 1.183442
1973 1.183950
1974 1.184034
1975 1.184542
1976 1.184712
1977 1.184900
1978 1.184428
1979 1.184748
1980 1.185280
1982 1.184360
1983 1.184222
1984 1.184424
1985 1.184506
1986 1.185058
1987 1.185286
1988 1.184970
1989 1.185010
1990 1.184510
1991 1.184334
1992 1.184358
1993 1.183674
1994 1.183578
1995 1.184320
1996 1.184632
1997 1.184656
1998 1.184380
1999 1.184294
2000 1.184070
2002 1.183330
2003 1.182796
2004 1.182748
2005 1.182272
2006 1.182496
2007 1.182458
2008 1.181956
2009 1.182022
2010 1.182308
2011 1.182004
2012 1.181908
2013 1.182290
2014 1.182570
2015 1.183012
2016 1.182642
2017 1.182234
2018 1.181836
2019 1.181784
2020 1.181818
2022 1.180254
2023 1.180392
2024 1.180570
2025 1.181076
2026 1.180940
2027 1.181220
2028 1.181032
2029 1.180536
2030 1.180494
2031 1.180238
2032 1.179952
2033 1.179780
2034 1.180308
2035 1.180368
2036 1.180610
2037 1.180754
2038 1.180768
2039 1.180744
2040 1.181568
2042 1.181954
2043 1.182342
2044 1.182396
2045 1.182086
2046 1.182398
2047 1.182902
2048 1.182804
2049 1.182838
2050 1.182768
2051 1.182312
2052 1.182496
2053 1.182720
2054 1.182486
2055 1.182200
2056 1.182172
2057 1.182090
2058 1.181930
2059 1.181708
2060 1.181106
2062 1.180474
2063 1.180172
2064 1.180502
2065 1.180972
2066 1.181028
2067 1.180872
2068 1.181360
2069 1.181294
2070 1.180852
2071 1.180666
2072 1.180386
2073 1.180290
2074 1.180212
2075 1.180544
2076 1.181150
2077 1.181376
2078 1.181364
2079 1.181624
2080 1.181374
2082 1.180862
2083 1.180598
2084 1.180236
2085 1.180240
2086 1.179486
2087 1.179696
2088 1.179092
2089 1.179154
2090 1.179604
2091 1.180090
2092 1.179880
2093 1.179992
2094 1.180152
2095 1.180350
2096 1.180926
2097 1.180732
2098 1.181302
2099 1.181578
2100 1.182404
2102 1.182868
2103 1.183306
2104 1.182868
2105 1.183266
2106 1.183538
2107 1.183434
2108 1.183732
2109 1.183024
2110 1.182616
2111 1.183090
2112 1.183078
2113 1.182876
2114 1.182630
2115 1.182352
2116 1.181916
2117 1.181822
2118 1.181428
2119 1.181630
2120 1.182198
2122 1.182454
2123 1.182398
2124 1.182356
2125 1.181862
2126 1.181112
2127 1.181258
2128 1.181412
2129 1.181426
2130 1.181876
2131 1.181470
2132 1.181438
2133 1.181476
2134 1.181018
2135 1.181798
2136 1.181890
2137 1.182670
2138 1.183034
2139 1.182890
2140 1.182830
2142 1.182500
2143 1.182444
2144 1.181698
2145 1.180888
2146 1.180832
2147 1.180568
2148 1.180818
2149 1.181056
2150 1.180732
2151 1.180770
2152 1.180722
2153 1.181036
2154 1.180780
2155 1.180932
2156 1.180534
2157 1.180906
2158 1.181240
2159 1.181372
2160 1.181590
2162 1.181426
2163 1.182142
2164 1.181880
2165 1.181886
2166 1.181714
2167 1.181744
2168 1.182200
2169 1.182592
2170 1.182378
2171 1.183134
2172 1.183578
2173 1.183148
2174 1.182978
2175 1.182986
2176 1.182816
2177 1.182960
2178 1.183596
2179 1.183518
2180 1.182750
2182 1.183022
2183 1.183112
2184 1.182970
2185 1.183196
2186 1.183138
2187 1.183036
2188 1.183630
2189 1.183646
2190 1.183326
2191 1.182894
2192 1.182652
2193 1.182516
2194 1.182752
2195 1.182484
2196 1.182644
2197 1.182798
2198 1.182490
2199 1.182684
2200 1.182972
2202 1.183464
2203 1.183318
2204 1.183456
2205 1.183662
2206 1.183544
2207 1.183584
2208 1.184182
2209 1.183798
2210 1.183876
2211 1.184206
2212 1.184372
2213 1.184380
2214 1.184910
2215 1.185214
2216 1.184678
2217 1.184404
2218 1.183794
2219 1.182828
2220 1.183122
2222 1.183480
2223 1.183598
2224 1.183176
2225 1.182978
2226 1.182782
2227 1.182184
2228 1.182814
2229 1.182430
2230 1.182426
2231 1.182168
2232 1.181668
2233 1.181450
2234 1.181124
2235 1.181222
2236 1.181146
2237 1.181358
2238 1.180636
2239 1.180762
2240 1.180682
2242 1.181052
2243 1.180668
2244 1.180556
2245 1.180470
2246 1.181102
2247 1.181322
2248 1.181546
2249 1.182176
2250 1.182552
2251 1.182870
2252 1.182508
2253 1.182124
2254 1.181684
2255 1.181964
2256 1.181472
2257 1.181160
2258 1.180826
2259 1.180406
2260 1.180590
2262 1.180044
2263 1.179388
2264 1.179296
2265 1.180236
2266 1.179958
2267 1.179726
2268 1.179946
2269 1.179582
2270 1.178834
2271 1.178412
2272 1.178402
2273 1.178356
2274 1.178780
2275 1.179306
2276 1.179274
2277 1.179614
2278 1.179184
2279 1.179176
2280 1.179706
2282 1.179900
2283 1.180522
2284 1.180586
2285 1.180578
2286 1.180216
2287 1.179862
2288 1.179526
2289 1.178910
2290 1.178920
2291 1.178136
2292 1.178122
2293 1.178022
2294 1.177650
2295 1.177708
2296 1.177480
2297 1.178142
2298 1.178502
2299 1.178436
2300 1.178804
2302 1.178588
2303 1.178450
2304 1.178850
2305 1.178788
2306 1.179174
2307 1.178810
2308 1.178998
2309 1.178898
2310 1.178892
2311 1.179274
2312 1.180118
2313 1.179722
2314 1.179602
2315 1.180050
2316 1.179812
2317 1.179516
2318 1.179172
2319 1.179470
2320 1.179458
2322 1.180030
2323 1.180298
2324 1.180262
2325 1.180182
2326 1.180282
2327 1.179868
2328 1.180614
2329 1.181166
2330 1.181028
2331 1.181484
2332 1.182042
2333 1.181832
2334 1.181658
2335 1.181652
2336 1.181600
2337 1.181714
2338 1.181532
2339 1.181504
2340 1.180958
2342 1.181638
2343 1.181244
2344 1.180878
2345 1.181100
2346 1.180896
2347 1.181068
2348 1.181212
2349 1.181334
2350 1.181908
2351 1.181350
2352 1.181654
2353 1.181974
2354 1.181942
2355 1.182356
2356 1.181700
2357 1.181104
2358 1.180662
2359 1.180484
2360 1.181120
2362 1.181274
2363 1.181692
2364 1.181868
2365 1.181686
2366 1.181386
2367 1.181606
2368 1.181598
2369 1.182176
2370 1.182234
2371 1.182316
2372 1.181780
2373 1.182416
2374 1.182656
2375 1.182956
2376 1.183292
2377 1.182732
2378 1.182652
2379 1.182532
2380 1.182798
2382 1.183352
2383 1.183354
2384 1.183750
2385 1.183588
2386 1.183312
2387 1.183204
2388 1.183050
2389 1.182918
2390 1.183970
2391 1.183850
2392 1.183836
2393 1.184264
2394 1.184272
2395 1.184090
2396 1.184192
2397 1.184034
2398 1.184218
2399 1.184378
2400 1.184278
2402 1.183726
2403 1.184478
2404 1.184676
2405 1.184306
2406 1.184822
2407 1.184520
2408 1.184346
2409 1.184888
2410 1.185078
2411 1.184854
2412 1.183778
2413 1.183104
2414 1.183638
2415 1.183622
2416 1.183508
2417 1.183166
2418 1.183416
2419 1.183288
2420 1.183506
2422 1.182604
2423 1.182522
2424 1.182524
2425 1.182386
2426 1.183256
2427 1.183814
2428 1.183492
2429 1.183136
2430 1.183780
2431 1.184672
2432 1.184728
2433 1.184972
2434 1.184634
2435 1.184360
2436 1.184746
2437 1.184638
2438 1.184500
2439 1.184858
2440 1.184626
2442 1.184970
2443 1.184878
2444 1.185298
2445 1.184878
2446 1.184766
2447 1.184042
2448 1.184032
2449 1.184502
2450 1.184558
2451 1.184568
2452 1.184182
2453 1.184156
2454 1.184672
2455 1.185130
2456 1.185098
2457 1.184172
2458 1.183630
2459 1.184426
2460 1.184034
2462 1.183922
2463 1.183794
2464 1.184594
2465 1.184864
2466 1.184400
2467 1.184630
2468 1.184248
2469 1.184300
2470 1.183742
2471 1.183312
2472 1.183060
2473 1.182666
2474 1.183098
2475 1.182766
2476 1.183006
2477 1.183058
2478 1.183328
2479 1.183720
2480 1.184264
2482 1.184530
2483 1.184886
2484 1.184742
2485 1.183816
2486 1.184306
2487 1.183740
2488 1.183764
2489 1.184416
2490 1.184938
2491 1.184688
2492 1.184954
2493 1.185310
2494 1.185352
2495 1.185542
2496 1.185044
2497 1.185226
2498 1.185232
2499 1.184816
2500 1.183814
2502 1.182846
2503 1.183000
2504 1.182668
2505 1.183040
2506 1.183638
2507 1.184240
2508 1.183710
2509 1.183694
2510 1.183184
2511 1.182470
2512 1.182836
2513 1.182772
2514 1.183186
2515 1.182932
2516 1.182908
2517 1.182168
2518 1.181950
2519 1.181856
2520 1.182168
2522 1.181580
2523 1.181972
2524 1.181758
2525 1.181490
2526 1.181342
2527 1.181410
2528 1.181470
2529 1.181736
2530 1.182246
2531 1.181656
2532 1.181696
2533 1.181044
2534 1.181272
2535 1.180876
2536 1.181202
2537 1.180840
2538 1.180618
2539 1.180366
2540 1.180260
2542 1.180364
2543 1.180438
2544 1.180420
2545 1.180430
2546 1.180494
2547 1.180392
2548 1.180314
2549 1.180082
2550 1.180606
2551 1.180758
2552 1.181238
2553 1.181084
2554 1.181094
2555 1.181066
2556 1.181098
2557 1.181140
2558 1.181152
2559 1.180460
2560 1.181124
2562 1.181424
2563 1.181734
2564 1.181124
2565 1.181578
2566 1.181692
2567 1.182304
2568 1.182048
2569 1.181536
2570 1.182180
2571 1.181728
2572 1.181928
2573 1.182666
2574 1.182450
2575 1.182572
2576 1.182526
2577 1.182826
2578 1.182904
2579 1.183016
2580 1.182908
2582 1.183268
2583 1.183068
2584 1.182788
2585 1.182232
2586 1.182954
2587 1.182944
2588 1.183690
2589 1.183480
2590 1.183162
2591 1.183048
2592 1.182698
2593 1.183286
2594 1.182702
2595 1.182604
2596 1.182464
2597 1.181982
2598 1.182358
2599 1.182546
2600 1.182676
2602 1.183118
2603 1.182694
2604 1.182860
2605 1.182734
2606 1.182634
2607 1.182554
2608 1.182550
2609 1.182580
2610 1.182760
2611 1.183138
2612 1.183166
2613 1.183240
2614 1.183030
2615 1.183162
2616 1.183192
2617 1.183120
2618 1.182372
2619 1.182474
2620 1.182072
2622 1.180510
2623 1.180442
2624 1.181108
2625 1.181240
2626 1.181078
2627 1.181304
2628 1.182070
2629 1.183046
2630 1.183272
2631 1.183340
2632 1.183766
2633 1.183704
2634 1.183114
2635 1.182806
2636 1.182350
2637 1.182322
2638 1.182168
2639 1.182606
2640 1.182928
2642 1.183254
2643 1.183232
2644 1.183530
2645 1.184182
2646 1.184150
2647 1.183770
2648 1.183884
2649 1.184228
2650 1.184720
2651 1.184884
2652 1.184654
2653 1.184170
2654 1.183920
2655 1.184236
2656 1.184038
2657 1.184144
2658 1.184166
2659 1.184286
2660 1.184660
2662 1.184706
2663 1.184466
2664 1.184092
2665 1.184264
2666 1.185282
2667 1.184674
2668 1.184766
2669 1.185106
2670 1.184448
2671 1.184838
2672 1.184566
2673 1.184922
2674 1.184792
2675 1.184906
2676 1.185012
2677 1.185596
2678 1.185616
2679 1.185392
2680 1.184902
2682 1.185700
2683 1.185446
2684 1.185148
2685 1.184832
2686 1.184486
2687 1.184512
2688 1.184618
2689 1.183966
2690 1.183770
2691 1.182888
2692 1.182834
2693 1.182192
2694 1.182202
2695 1.181850
2696 1.182186
2697 1.181784
2698 1.181574
2699 1.181368
2700 1.181320
2702 1.181444
2703 1.181684
2704 1.181710
2705 1.181792
2706 1.181924
2707 1.182248
2708 1.181846
2709 1.181198
2710 1.181044
2711 1.181942
2712 1.182302
2713 1.182812
2714 1.182602
2715 1.182758
2716 1.182864
2717 1.183102
2718 1.183188
2719 1.182806
2720 1.182716
2722 1.181974
2723 1.181654
2724 1.181372
2725 1.181888
2726 1.181550
2727 1.181662
2728 1.182098
2729 1.182162
2730 1.182244
2731 1.183076
2732 1.182576
2733 1.182188
2734 1.182230
2735 1.182158
2736 1.181990
2737 1.181728
2738 1.182180
2739 1.182508
2740 1.182218
2742 1.182022
2743 1.182036
2744 1.182386
2745 1.182608
2746 1.182748
2747 1.182850
2748 1.183166
2749 1.182662
2750 1.182906
2751 1.183550
2752 1.183214
2753 1.184140
2754 1.184336
2755 1.183726
2756 1.184126
2757 1.183824
2758 1.184070
2759 1.183690
2760 1.183544
2762 1.184824
2763 1.184654
2764 1.184478
2765 1.184214
2766 1.184356
2767 1.184060
2768 1.183620
2769 1.183714
2770 1.183566
2771 1.182912
2772 1.182480
2773 1.182414
2774 1.182408
2775 1.182650
2776 1.182958
2777 1.183652
2778 1.183906
2779 1.183346
2780 1.182860
2782 1.182226
2783 1.182396
2784 1.181984
2785 1.181984
2786 1.182024
2787 1.181058
2788 1.181130
2789 1.181278
2790 1.181722
2791 1.182160
2792 1.182014
2793 1.182678
2794 1.182992
2795 1.182668
2796 1.182258
2797 1.182228
2798 1.182086
2799 1.181852
2800 1.182388
2802 1.183284
2803 1.184006
2804 1.184306
2805 1.183938
2806 1.183368
2807 1.183004
2808 1.183484
2809 1.183952
2810 1.183464
2811 1.183410
2812 1.182960
2813 1.182978
2814 1.182748
2815 1.182780
2816 1.182684
2817 1.182640
2818 1.182076
2819 1.181614
2820 1.181810
2822 1.182870
2823 1.183422
2824 1.182922
2825 1.182744
2826 1.182466
2827 1.181806
2828 1.182396
2829 1.182750
2830 1.182206
2831 1.182026
2832 1.181662
2833 1.181716
2834 1.181530
2835 1.181528
2836 1.182056
2837 1.182192
2838 1.182752
2839 1.182594
2840 1.182496
2842 1.182786
2843 1.183780
2844 1.184336
2845 1.184444
2846 1.184306
2847 1.184340
2848 1.184818
2849 1.184896
2850 1.184840
2851 1.184474
2852 1.184532
2853 1.183744
2854 1.183886
2855 1.184296
2856 1.183824
2857 1.183874
2858 1.184286
2859 1.184650
2860 1.184502
2862 1.184368
2863 1.184034
2864 1.183746
2865 1.183268
2866 1.182768
2867 1.182734
2868 1.182922
2869 1.182718
2870 1.182800
2871 1.183006
2872 1.183180
2873 1.182740
2874 1.182892
2875 1.182602
2876 1.182348
2877 1.182514
2878 1.182722
2879 1.182996
2880 1.182990
2882 1.182674
2883 1.182178
2884 1.182246
2885 1.182326
2886 1.182056
2887 1.182560
2888 1.182292
2889 1.182290
2890 1.182638
2891 1.182592
2892 1.182360
2893 1.182350
2894 1.182134
2895 1.182442
2896 1.182094
2897 1.181540
2898 1.180838
2899 1.181390
2900 1.182042
2902 1.181866
2903 1.181698
2904 1.181522
2905 1.181208
2906 1.181750
2907 1.181000
2908 1.180490
2909 1.180900
2910 1.180568
2911 1.180816
2912 1.180628
2913 1.181332
2914 1.181444
2915 1.182150
2916 1.181978
2917 1.182064
2918 1.181504
2919 1.181746
2920 1.182250
2922 1.181816
2923 1.181764
2924 1.181852
2925 1.182274
2926 1.182612
2927 1.181888
2928 1.181914
2929 1.182474
2930 1.181982
2931 1.182274
2932 1.182818
2933 1.182940
2934 1.183246
2935 1.182864
2936 1.183236
2937 1.182828
2938 1.182752
2939 1.182586
2940 1.182606
2942 1.182148
2943 1.182782
2944 1.182290
2945 1.181872
2946 1.181842
2947 1.181272
2948 1.181372
2949 1.181584
2950 1.182104
2951 1.182054
2952 1.182582
2953 1.182614
2954 1.182934
2955 1.182518
2956 1.182456
2957 1.182506
2958 1.182800
2959 1.182490
2960 1.182458
2962 1.182310
2963 1.182008
2964 1.181940
2965 1.182144
2966 1.182344
2967 1.182158
2968 1.182796
2969 1.182604
2970 1.183008
2971 1.183034
2972 1.183268
2973 1.183356
2974 1.183126
2975 1.182732
2976 1.182716
2977 1.182662
2978 1.183260
2979 1.183298
2980 1.184032
2982 1.183386
2983 1.183252
2984 1.182794
2985 1.182648
2986 1.182222
2987 1.182202
2988 1.182060
2989 1.182012
2990 1.182086
2991 1.181666
2992 1.181602
2993 1.181934
2994 1.182410
2995 1.182716
2996 1.182848
2997 1.182750
2998 1.182446
2999 1.182332
3000 1.182448
3002 1.182966
3003 1.182850
3004 1.182222
3005 1.182838
3006 1.182736
3007 1.183212
3008 1.182974
3009 1.182974
3010 1.182938
3011 1.183026
3012 1.182988
3013 1.182776
3014 1.182506
3015 1.182710
3016 1.183046
3017 1.182766
3018 1.182594
3019 1.182512
3020 1.182328
3022 1.182636
3023 1.182708
3024 1.182766
3025 1.182356
3026 1.182610
3027 1.182270
3028 1.182050
3029 1.182518
3030 1.182946
3031 1.183488
3032 1.183978
3033 1.183102
3034 1.183414
3035 1.183114
3036 1.182464
3037 1.182562
3038 1.182390
3039 1.182008
3040 1.182020
3042 1.182600
3043 1.182154
3044 1.181734
3045 1.181532
3046 1.181612
3047 1.181490
3048 1.182196
3049 1.182620
3050 1.182860
3051 1.182940
3052 1.182518
3053 1.182168
3054 1.182146
3055 1.182834
3056 1.182790
3057 1.183212
3058 1.183086
3059 1.183424
3060 1.182966
3062 1.183176
3063 1.183246
3064 1.183480
3065 1.183912
3066 1.184304
3067 1.183870
3068 1.183028
3069 1.182640
3070 1.183488
3071 1.183816
3072 1.184108
3073 1.184214
3074 1.184338
3075 1.184740
3076 1.184564
3077 1.184980
3078 1.184934
3079 1.184116
3080 1.184546
3082 1.184164
3083 1.184504
3084 1.183804
3085 1.183620
3086 1.183532
3087 1.183938
3088 1.183568
3089 1.184064
3090 1.184270
3091 1.184498
3092 1.184746
3093 1.184960
3094 1.184864
3095 1.185012
3096 1.184476
3097 1.184884
3098 1.184714
3099 1.184098
3100 1.184828
3102 1.184876
3103 1.184638
3104 1.184866
3105 1.184074
3106 1.184090
3107 1.183998
3108 1.184420
3109 1.184294
3110 1.184054
3111 1.183736
3112 1.183412
3113 1.183598
3114 1.183614
3115 1.183382
3116 1.183230
3117 1.183292
3118 1.183164
3119 1.183316
3120 1.183804
3122 1.183698
3123 1.183676
3124 1.183990
3125 1.183848
3126 1.183878
3127 1.183660
3128 1.183328
3129 1.183194
3130 1.183184
3131 1.183074
3132 1.183064
3133 1.182308
3134 1.182426
3135 1.182972
3136 1.182512
3137 1.182960
3138 1.183196
3139 1.183314
3140 1.182878
3142 1.182494
3143 1.182242
3144 1.182164
3145 1.182646
3146 1.182964
3147 1.183460
3148 1.184264
3149 1.184102
3150 1.184612
3151 1.184528
3152 1.184084
3153 1.183494
3154 1.183938
3155 1.184276
3156 1.184770
3157 1.184562
3158 1.184238
3159 1.183198
3160 1.183318
3162 1.183542
3163 1.183328
3164 1.183142
3165 1.183418
3166 1.183934
3167 1.183718
3168 1.183300
3169 1.182890
3170 1.182644
3171 1.182692
3172 1.182340
3173 1.181690
3174 1.181926
3175 1.182006
3176 1.181708
3177 1.182322
3178 1.182040
3179 1.182154
3180 1.181860
3182 1.181732
3183 1.181946
3184 1.181812
3185 1.182066
3186 1.181852
3187 1.181470
3188 1.181452
3189 1.182528
3190 1.182174
3191 1.182398
3192 1.182388
3193 1.181940
3194 1.181806
3195 1.181190
3196 1.181374
3197 1.181586
3198 1.181866
3199 1.181270
3200 1.181786
3202 1.181876
3203 1.181624
3204 1.181208
3205 1.180756
3206 1.180896
3207 1.181124
3208 1.181362
3209 1.181390
3210 1.180778
3211 1.181346
3212 1.181578
3213 1.181186
3214 1.181334
3215 1.181438
3216 1.181494
3217 1.182174
3218 1.182410
3219 1.182168
3220 1.181876
3222 1.180870
3223 1.180492
3224 1.181050
3225 1.181496
3226 1.181358
3227 1.181196
3228 1.181268
3229 1.181330
3230 1.181618
3231 1.181424
3232 1.181120
3233 1.181720
3234 1.181488
3235 1.181864
3236 1.181618
3237 1.182032
3238 1.182672
3239 1.183280
3240 1.183210
3242 1.183112
3243 1.183118
3244 1.183550
3245 1.183886
3246 1.183682
3247 1.183860
3248 1.183414
3249 1.182570
3250 1.182498
3251 1.182264
3252 1.182042
3253 1.181976
3254 1.182090
3255 1.181676
3256 1.181412
3257 1.181282
3258 1.181434
3259 1.181226
3260 1.181510
3262 1.181560
3263 1.181866
3264 1.181560
3265 1.181820
3266 1.182284
3267 1.182138
3268 1.181622
3269 1.181886
3270 1.182494
3271 1.182722
3272 1.183778
3273 1.183600
3274 1.183612
3275 1.183508
3276 1.183644
3277 1.183094
3278 1.182952
3279 1.182786
3280 1.182772
3282 1.183818
3283 1.183336
3284 1.183552
3285 1.183724
3286 1.183784
3287 1.184000
3288 1.184200
3289 1.184000
3290 1.183840
3291 1.184286
3292 1.183786
3293 1.183828
3294 1.183814
3295 1.184164
3296 1.184434
3297 1.184892
3298 1.184426
3299 1.184444
3300 1.184086
3302 1.183376
3303 1.183860
3304 1.183984
3305 1.183852
3306 1.184004
3307 1.183922
3308 1.183806
3309 1.184532
3310 1.184690
3311 1.184360
3312 1.184440
3313 1.184270
3314 1.184234
3315 1.184016
3316 1.184136
3317 1.184280
3318 1.184798
3319 1.185066
3320 1.184580
3322 1.183778
3323 1.183942
3324 1.183908
3325 1.183708
3326 1.183188
3327 1.183772
3328 1.183518
3329 1.183750
3330 1.183984
3331 1.183558
3332 1.182738
3333 1.182612
3334 1.183232
3335 1.183466
3336 1.183178
3337 1.183466
3338 1.183428
3339 1.183060
3340 1.182846
3342 1.182806
3343 1.182742
3344 1.182126
3345 1.182066
3346 1.182466
3347 1.182606
3348 1.183144
3349 1.182882
3350 1.182654
3351 1.182444
3352 1.181962
3353 1.181642
3354 1.181738
3355 1.182380
3356 1.182700
3357 1.182470
3358 1.182420
3359 1.183052
3360 1.183238
3362 1.183104
3363 1.183344
3364 1.183636
3365 1.183678
3366 1.183824
3367 1.183650
3368 1.184816
3369 1.184136
3370 1.183294
3371 1.183230
3372 1.183384
3373 1.182276
3374 1.182388
3375 1.182238
3376 1.181762
3377 1.182010
3378 1.182214
3379 1.182432
3380 1.183214
3382 1.183786
3383 1.184120
3384 1.183648
3385 1.183310
3386 1.182930
3387 1.182328
3388 1.183076
3389 1.182910
3390 1.182546
3391 1.182394
3392 1.182292
3393 1.182112
3394 1.182236
3395 1.182130
3396 1.181896
3397 1.182214
3398 1.181706
3399 1.181774
3400 1.182394
3402 1.182248
3403 1.182066
3404 1.182058
3405 1.181956
3406 1.182014
3407 1.181774
3408 1.181790
3409 1.182084
3410 1.181944
3411 1.182382
3412 1.181570
3413 1.182176
3414 1.182090
3415 1.182682
3416 1.182688
3417 1.182636
3418 1.182108
3419 1.182312
3420 1.182828
3422 1.182604
3423 1.182642
3424 1.181894
3425 1.182216
3426 1.181852
3427 1.181954
3428 1.182028
3429 1.182044
3430 1.182220
3431 1.182206
3432 1.182332
3433 1.182760
3434 1.182766
3435 1.181922
3436 1.181986
3437 1.182066
3438 1.182366
3439 1.182632
3440 1.182496
3442 1.181870
3443 1.182092
3444 1.181906
3445 1.182586
3446 1.182764
3447 1.182706
3448 1.182422
3449 1.182492
3450 1.182860
3451 1.183166
3452 1.182586
3453 1.182820
3454 1.182482
3455 1.182556
3456 1.182674
3457 1.182944
3458 1.182796
3459 1.182832
3460 1.183678
3462 1.183582
3463 1.183042
3464 1.182540
3465 1.182202
3466 1.182112
3467 1.181936
3468 1.182028
3469 1.181824
3470 1.181830
3471 1.181694
3472 1.182648
3473 1.182110
3474 1.181920
3475 1.181634
3476 1.181522
3477 1.181504
3478 1.181750
3479 1.182142
3480 1.182642
3482 1.183324
3483 1.183740
3484 1.183514
3485 1.183280
3486 1.183010
3487 1.183188
3488 1.183780
3489 1.183580
3490 1.183558
3491 1.183950
3492 1.183304
3493 1.183016
3494 1.182556
3495 1.182582
3496 1.182318
3497 1.181876
3498 1.181940
3499 1.181494
3500 1.181456
3502 1.181170
3503 1.182122
3504 1.181854
3505 1.182078
3506 1.182480
3507 1.182640
3508 1.183180
3509 1.183108
3510 1.183306
3511 1.182752
3512 1.183104
3513 1.182762
3514 1.182578
3515 1.182740
3516 1.183160
3517 1.182978
3518 1.183336
3519 1.183274
3520 1.183176
3522 1.182942
3523 1.183314
3524 1.182784
3525 1.183066
3526 1.183038
3527 1.183492
3528 1.182938
3529 1.183172
3530 1.183512
3531 1.183616
3532 1.183814
3533 1.184436
3534 1.184244
3535 1.184054
3536 1.184014
3537 1.184066
3538 1.184296
3539 1.183776
3540 1.183324
3542 1.182348
3543 1.181984
3544 1.182406
3545 1.182096
3546 1.181976
3547 1.182294
3548 1.182346
3549 1.181882
3550 1.181662
3551 1.181802
3552 1.182124
3553 1.182454
3554 1.182422
3555 1.182358
3556 1.182416
3557 1.183026
3558 1.182782
3559 1.182460
3560 1.182264
3562 1.182558
3563 1.182430
3564 1.182182
3565 1.182100
3566 1.182154
3567 1.182176
3568 1.182606
3569 1.182354
3570 1.182772
3571 1.181870
3572 1.181742
3573 1.181588
3574 1.181690
3575 1.181140
3576 1.181684
3577 1.181590
3578 1.181916
3579 1.181560
3580 1.181962
3582 1.182028
3583 1.181980
3584 1.181942
3585 1.182304
3586 1.181918
3587 1.182392
3588 1.182092
3589 1.181680
3590 1.181890
3591 1.181906
3592 1.181586
3593 1.181756
3594 1.180804
3595 1.181080
3596 1.181094
3597 1.181476
3598 1.181874
3599 1.181812
3600 1.181546
3602 1.181106
3603 1.181160
3604 1.181530
3605 1.181264
3606 1.181656
3607 1.181638
3608 1.181382
3609 1.181616
3610 1.181898
3611 1.181766
3612 1.181376
3613 1.182236
3614 1.182274
3615 1.182378
3616 1.182598
3617 1.183102
3618 1.182462
3619 1.182464
3620 1.182636
3622 1.182638
3623 1.182838
3624 1.182966
3625 1.182854
3626 1.182340
3627 1.181998
3628 1.181882
3629 1.181610
3630 1.181732
3631 1.182300
3632 1.182820
3633 1.182598
3634 1.183140
3635 1.183550
3636 1.183190
3637 1.182890
3638 1.182856
3639 1.182720
3640 1.182530
3642 1.183394
3643 1.183616
3644 1.183336
3645 1.182674
3646 1.182272
3647 1.182634
3648 1.182612
3649 1.182124
3650 1.181740
3651 1.182192
3652 1.182046
3653 1.182670
3654 1.182740
3655 1.182748
3656 1.183126
3657 1.183350
3658 1.183394
3659 1.183112
3660 1.183822
3662 1.183942
3663 1.183482
3664 1.183402
3665 1.183254
3666 1.183594
3667 1.183700
3668 1.183610
3669 1.184366
3670 1.184438
3671 1.184450
3672 1.184342
3673 1.184024
3674 1.183516
3675 1.183396
3676 1.183652
3677 1.183382
3678 1.182940
3679 1.182508
3680 1.182260
3682 1.182396
3683 1.182596
3684 1.182894
3685 1.183452
3686 1.183558
3687 1.183392
3688 1.183498
3689 1.183704
3690 1.182852
3691 1.182826
3692 1.182694
3693 1.182630
3694 1.182516
3695 1.182246
3696 1.181986
3697 1.181998
3698 1.182260
3699 1.181810
3700 1.181514


Active cycles: 2200
k_mean: 1.182567
k_stddev(cycle): 0.001316
k_stderr(mean): 0.000028
