1 1.349543
2 0.923372
3 0.923372
4 1.325867
5 1.207486
6 0.923372
7 1.349543
8 0.047352
9 20.764027
10 0.165733
11 0.710286
12 1.089105
13 1.278515
14 1.207486
15 0.970724
16 1.112781
17 0.852343
18 0.852343
19 0.331467
20 2.154534
21 1.041753
22 1.041753
23 1.089105
24 1.065429
25 1.136458
26 0.947048
27 1.183810
28 1.231162
29 1.089105
30 1.420572
31 0.947048
32 1.254839
33 0.947048
34 1.065429
35 1.349543
36 0.165733
37 4.356421
38 0.757638
39 1.065429
40 0.355143
41 1.917772
42 1.065429
43 1.041753
44 1.302191
45 1.089105
46 1.089105
47 1.136458
48 1.089105
49 1.231162
50 1.065429
51 1.231162
52 1.231162
53 0.165733
54 4.451126
55 0.733962
56 1.089105
57 0.686610
58 0.923372
59 1.136458
60 1.041753
61 1.254839
62 1.302191
63 0.213086
64 3.835544
65 0.710286
66 1.089105
67 0.497200
68 1.538953
69 0.213086
70 1.988801
71 1.254839
72 1.136458
73 0.876019
74 1.136458
75 1.018077
76 1.254839
77 1.160134
78 1.183810
79 1.018077
80 1.136458
81 1.136458
82 1.373220
83 0.828667
84 1.325867
85 1.136458
86 1.041753
87 0.828667
88 1.183810
89 0.947048
90 1.112781
91 1.112781
92 1.302191
93 1.065429
94 1.325867
95 0.947048
96 1.089105
97 1.183810
98 1.325867
99 1.160134
100 1.160134
101 1.231162
102 1.278515
103 1.183810
104 1.160134
105 1.089105
106 1.136458
107 1.207486
108 0.023676
109 56.302004
110 0.023676
111 1.562629


Active cycles: 10
k_mean: 6.496749
k_stddev(cycle): 17.507454
k_stderr(mean): 5.536343
Reactivity(rho): 0.846077, Per Cent error compared to reference: -69.080702
Total Time: 18.669545seconds. Average: 0.168194 seconds per cycle.
