1 1.183810
2 1.161507
3 1.147917
4 1.139796
5 1.133392
6 1.128230
7 1.123033
8 1.116463
9 1.110793
10 1.106649
11 1.101512
12 1.096847
13 1.091639
14 1.086596
15 1.082429
16 1.077575
17 1.072994
18 1.068732
19 1.063914
20 1.060256
21 1.055852
22 1.050880
23 1.047755
24 1.042937
25 1.040747
26 1.038426
27 1.035775
28 1.034165
29 1.033147
30 1.031217
31 1.030400
32 1.029027
33 1.026079
34 1.024150
35 1.022764
36 1.022551
37 1.022196
38 1.022184
39 1.021794
40 1.021521
41 1.020444
42 1.020551
43 1.020006
44 1.020101
45 1.020255
46 1.019687
47 1.019722
48 1.020503
49 1.021450
50 1.021924
51 1.023155
52 1.023274
53 1.023913
54 1.025274
55 1.026505
56 1.026825
57 1.027547
58 1.027973
59 1.028802
60 1.029181
61 1.030211
62 1.032661
63 1.032862
64 1.035183
65 1.037100
66 1.039350
67 1.039835
68 1.042108
69 1.042428
70 1.043102
71 1.044002
72 1.044393
73 1.045778
74 1.047258
75 1.047589
76 1.046381
77 1.046677
78 1.048619
79 1.051389
80 1.052289
81 1.053058
82 1.054680
83 1.055935
84 1.057320
85 1.058089
86 1.059368
87 1.060374
88 1.062517
89 1.063215
90 1.064932
91 1.065749
92 1.066980
93 1.067678
94 1.071395
95 1.072970
96 1.073242
97 1.075574
98 1.076770
99 1.077895
100 1.079149
101 1.080014
102 1.081612
103 1.083636
104 1.085080
105 1.087176
106 1.088620
107 1.090313
108 1.090396
109 1.091958
110 1.092846
111 1.093923
112 1.095391
113 1.095119
114 1.095545
115 1.096516
116 1.098055
117 1.098363
118 1.098706
119 1.099771
120 1.099665
121 1.100754
122 1.101819
123 1.102210
124 1.103122
125 1.104530
126 1.106886
127 1.108780
128 1.110165
129 1.112201
130 1.112107
131 1.113906
132 1.113906
133 1.113326
134 1.116025
135 1.115031
136 1.115007
137 1.117517
138 1.119671
139 1.121033
140 1.120914
141 1.123897
142 1.124619
143 1.126987
144 1.127804
145 1.129556
146 1.129449
147 1.129426
148 1.131403
149 1.131497
150 1.132729
151 1.133652
152 1.134256
153 1.135013
154 1.135676
155 1.136387
156 1.136422
157 1.137393
158 1.136505
159 1.137038
160 1.136860
161 1.137132
162 1.136055
163 1.136221
164 1.136907
165 1.138174
166 1.138884
167 1.139725
168 1.140861
169 1.142744
170 1.142838
171 1.142448
172 1.143679
173 1.143916
174 1.145502
175 1.146295
176 1.147124
177 1.147621
178 1.146709
179 1.146934
180 1.147159
181 1.147893
182 1.147751
183 1.149965
184 1.149491
185 1.149953
186 1.151575
187 1.152557
188 1.152463
189 1.152368
190 1.153528
191 1.154949
192 1.154416
193 1.155446
194 1.153966
195 1.153126
196 1.153647
197 1.151421
198 1.151539
199 1.151492
200 1.152546
201 1.153351
202 1.152960
203 1.152901
204 1.153540
205 1.154404
206 1.155162
207 1.156677
208 1.157458
209 1.157896
210 1.158832
211 1.158346
212 1.159897
213 1.159163
214 1.158038
215 1.157376
216 1.158240
217 1.157849
218 1.157695
219 1.157743
220 1.157731
221 1.158547
222 1.159281
223 1.159566
224 1.159956
225 1.161708
226 1.161625
227 1.161543
228 1.161306
229 1.160974
230 1.160371
231 1.159873
232 1.159838
233 1.160915
234 1.162134
235 1.162726
236 1.164265
237 1.163614
238 1.164123
239 1.163673
240 1.163981
241 1.163851
242 1.163164
243 1.163685
244 1.164916
245 1.165212
246 1.165923
247 1.166882
248 1.166574
249 1.166739
250 1.166550
251 1.166728
252 1.167272
253 1.168539
254 1.167533
255 1.166704
256 1.166384
257 1.165047
258 1.166432
259 1.167391
260 1.166384
261 1.165272
262 1.165153
263 1.164964
264 1.165212
265 1.165804
266 1.165828
267 1.166905
268 1.166444
269 1.165887
270 1.167130
271 1.168077
272 1.169628
273 1.169320
274 1.169462
275 1.169533
276 1.169320
277 1.168598
278 1.171049
279 1.170137
280 1.169320
281 1.169521
282 1.168705
283 1.168693
284 1.169036
285 1.169794
286 1.169521
287 1.168645
288 1.169628
289 1.169048
290 1.168338
291 1.167521
292 1.168160
293 1.167248
294 1.167402
295 1.167154
296 1.169616
297 1.169368
298 1.169296
299 1.169178
300 1.169794
301 1.170729
302 1.171356
303 1.171238
304 1.172481
305 1.173570
306 1.175500
307 1.175287
308 1.174683
309 1.174801
310 1.175784
311 1.175488
312 1.175547
313 1.174351
314 1.173961
315 1.174422
316 1.174576
317 1.173274
318 1.173404
319 1.173191
320 1.172990
321 1.172753
322 1.171972
323 1.172801
324 1.173321
325 1.172706
326 1.172481
327 1.171782
328 1.172031
329 1.172173
330 1.170989
331 1.170859
332 1.171392
333 1.171960
334 1.171664
335 1.171333
336 1.170906
337 1.171392
338 1.171049
339 1.173286
340 1.171522
341 1.170551
342 1.170824
343 1.171120
344 1.171309
345 1.170646
346 1.168858
347 1.167604
348 1.168385
349 1.168787
350 1.170646
351 1.170326
352 1.171096
353 1.170977
354 1.170883
355 1.172055
356 1.172303
357 1.171936
358 1.172457
359 1.173108
360 1.172659
361 1.172102
362 1.171297
363 1.169569
364 1.169829
365 1.169545
366 1.170019
367 1.170173
368 1.169427
369 1.169498
370 1.171167
371 1.171877
372 1.173203
373 1.173724
374 1.173025
375 1.173250
376 1.173487
377 1.174257
378 1.175275
379 1.175263
380 1.174896
381 1.173771
382 1.174517
383 1.173452
384 1.173807
385 1.174979
386 1.175014
387 1.173653
388 1.173665
389 1.172848
390 1.171972
391 1.174091
392 1.174103
393 1.174292
394 1.173984
395 1.174624
396 1.173191
397 1.173925
398 1.174197
399 1.175393
400 1.176636
401 1.176482
402 1.176103
403 1.175263
404 1.174493
405 1.172718
406 1.173617
407 1.174138
408 1.173250
409 1.173085
410 1.171996
411 1.173085
412 1.173700
413 1.174351
414 1.174186
415 1.174955
416 1.176222
417 1.177867
418 1.179347
419 1.179146
420 1.181158
421 1.181644
422 1.181146
423 1.180128
424 1.180270
425 1.180720
426 1.179229
427 1.179004
428 1.180164
429 1.180649
430 1.180519
431 1.181821
432 1.182034
433 1.181490
434 1.181253
435 1.181454
436 1.180472
437 1.180507
438 1.179596
439 1.179359
440 1.178329
441 1.178980
442 1.177678
443 1.177666
444 1.177216
445 1.177891
446 1.178542
447 1.179548
448 1.179347
449 1.179880
450 1.180483
451 1.180779
452 1.180495
453 1.180093
454 1.179465
455 1.178649
456 1.178033
457 1.177666
458 1.178767
459 1.179312
460 1.180910
461 1.182460
462 1.184011
463 1.184094
464 1.186497
465 1.184887
466 1.185396
467 1.185645
468 1.185976
469 1.186083
470 1.185242
471 1.183703
472 1.185278
473 1.185905
474 1.186095
475 1.186166
476 1.185834
477 1.184946
478 1.184591
479 1.184686
480 1.184804
481 1.185692
482 1.186047
483 1.185124
484 1.184153
485 1.183538
486 1.182188
487 1.182105
488 1.180507
489 1.181620
490 1.181679
491 1.182496
492 1.181987
493 1.182863
494 1.182626
495 1.184189
496 1.184579
497 1.184177
498 1.186213
499 1.184781
500 1.183940
501 1.183999
502 1.182626
503 1.182271
504 1.182756
505 1.182946
506 1.182709
507 1.182792
508 1.183561
509 1.182614
510 1.183112
511 1.184070
512 1.186095
513 1.185858
514 1.183786
515 1.184082
516 1.184402
517 1.184201
518 1.182650
519 1.183313
520 1.183798
521 1.185077
522 1.184343
523 1.184887
524 1.186071
525 1.186734
526 1.187042
527 1.187598
528 1.187444
529 1.187077
530 1.187432
531 1.186663
532 1.186758
533 1.185953
534 1.186213
535 1.187054
536 1.187835
537 1.186627
538 1.186166
539 1.187539
540 1.187610
541 1.185586
542 1.184828
543 1.184153
544 1.184295
545 1.183289
546 1.184248
547 1.184201
548 1.184686
549 1.183999
550 1.183644
551 1.184899
552 1.186758
553 1.185538
554 1.185811
555 1.185160
556 1.186770
557 1.186687
558 1.184651
559 1.185420
560 1.186036
561 1.185337
562 1.186556
563 1.186746
564 1.188498
565 1.187030
566 1.187350
567 1.186426
568 1.185420
569 1.184130
570 1.183100
571 1.182922
572 1.183301
573 1.183692
574 1.181667
575 1.182342
576 1.183017
577 1.181691
578 1.182295
579 1.182224
580 1.180507
581 1.179939
582 1.180117
583 1.181288
584 1.181726
585 1.180507
586 1.179809
587 1.180768
588 1.180424
589 1.179998
590 1.180188
591 1.178802
592 1.177181
593 1.175985
594 1.175938
595 1.175547
596 1.174707
597 1.175642
598 1.177062
599 1.177441
600 1.177571
601 1.176908
602 1.176305
603 1.177240
604 1.176885
605 1.176778
606 1.175429
607 1.175867
608 1.176719
609 1.176908
610 1.177666
611 1.176766
612 1.178566
613 1.179915
614 1.180105
615 1.179974
616 1.179525
617 1.178826
618 1.178388
619 1.179418
620 1.179406
621 1.177879
622 1.177311
623 1.178045
624 1.177903
625 1.176577
626 1.177015
627 1.177796
628 1.177725
629 1.178720
630 1.178033
631 1.177631
632 1.177666
633 1.178767
634 1.177642
635 1.178211
636 1.178282
637 1.177690
638 1.176707
639 1.176541
640 1.176328
641 1.176991
642 1.177216
643 1.176565
644 1.177974
645 1.179134
646 1.178755
647 1.180531
648 1.180483
649 1.181537
650 1.181312
651 1.180531
652 1.180661
653 1.180483
654 1.180626
655 1.180898
656 1.179986
657 1.180850
658 1.180448
659 1.180697
660 1.180318
661 1.180448
662 1.180152
663 1.180294
664 1.181348
665 1.181135
666 1.180555
667 1.180436
668 1.180898
669 1.180957
670 1.180661
671 1.181288
672 1.181845
673 1.182674
674 1.181750
675 1.181620
676 1.182662
677 1.183988
678 1.184236
679 1.183976
680 1.183727
681 1.183857
682 1.183727
683 1.183123
684 1.181821
685 1.181940
686 1.182638
687 1.181703
688 1.180708
689 1.180389
690 1.179619
691 1.179702
692 1.179335
693 1.180235
694 1.181146
695 1.180839
696 1.181253
697 1.180945
698 1.181241
699 1.182200
700 1.181715
701 1.181750
702 1.180910
703 1.179821
704 1.179619
705 1.180708
706 1.180649
707 1.182259
708 1.181194
709 1.180117
710 1.180673
711 1.180093
712 1.180507
713 1.180898
714 1.180105
715 1.180377
716 1.181442
717 1.181596
718 1.180330
719 1.180708
720 1.180566
721 1.180519
722 1.179785
723 1.179655
724 1.178175
725 1.178814
726 1.178282
727 1.179655
728 1.178305
729 1.178140
730 1.178578
731 1.180791
732 1.180886
733 1.180862
734 1.179619
735 1.180199
736 1.180744
737 1.180779
738 1.180128
739 1.178376
740 1.178282
741 1.178163
742 1.177784
743 1.175748
744 1.175002
745 1.174624
746 1.173665
747 1.174020
748 1.174612
749 1.175156
750 1.173996
751 1.174363
752 1.177003
753 1.176826
754 1.176482
755 1.177690
756 1.178033
757 1.177891
758 1.178187
759 1.177997
760 1.177666
761 1.178222
762 1.178578
763 1.179359
764 1.179264
765 1.179110
766 1.179394
767 1.178696
768 1.177938
769 1.175902
770 1.174434
771 1.174150
772 1.173830
773 1.175689
774 1.176092
775 1.178376
776 1.179525
777 1.179229
778 1.179915
779 1.181549
780 1.182591
781 1.182283
782 1.180815
783 1.180034
784 1.180898
785 1.180708
786 1.181241
787 1.180850
788 1.180176
789 1.180152
790 1.180945
791 1.181253
792 1.182082
793 1.182354
794 1.184793
795 1.184615
796 1.185219
797 1.186616
798 1.186521
799 1.186166
800 1.185384
801 1.185503
802 1.186994
803 1.185313
804 1.185349
805 1.185195
806 1.185586
807 1.184781
808 1.183846
809 1.183123
810 1.184651
811 1.185171
812 1.186781
813 1.186166
814 1.186272
815 1.184875
816 1.185455
817 1.185562
818 1.185598
819 1.186604
820 1.184733
821 1.185148
822 1.185160
823 1.184911
824 1.184639
825 1.183408
826 1.182354
827 1.181466
828 1.182259
829 1.180649
830 1.181513
831 1.181348
832 1.181277
833 1.181525
834 1.183159
835 1.183585
836 1.184118
837 1.184141
838 1.181904
839 1.180412
840 1.180815
841 1.180697
842 1.181750
843 1.181312
844 1.180720
845 1.180555
846 1.181762
847 1.182295
848 1.181975
849 1.182176
850 1.182863
851 1.184769
852 1.185822
853 1.184946
854 1.184733
855 1.183786
856 1.183810
857 1.184153
858 1.185029
859 1.185254
860 1.184390
861 1.183585
862 1.183763
863 1.183561
864 1.182129
865 1.181146
866 1.180637
867 1.180211
868 1.181608
869 1.180732
870 1.181064
871 1.180827
872 1.179998
873 1.179596
874 1.180472
875 1.179974
876 1.180590
877 1.181632
878 1.179679
879 1.181277
880 1.182472
881 1.181798
882 1.180341
883 1.181135
884 1.180969
885 1.181561
886 1.181987
887 1.180933
888 1.178554
889 1.178246
890 1.178163
891 1.178862
892 1.177867
893 1.177358
894 1.175677
895 1.176388
896 1.177867
897 1.177950
898 1.177346
899 1.177382
900 1.178885
901 1.180886
902 1.182827
903 1.183632
904 1.183561
905 1.183774
906 1.184118
907 1.183123
908 1.182591
909 1.183715
910 1.184189
911 1.183621
912 1.184449
913 1.184662
914 1.185444
915 1.185491
916 1.184497
917 1.184958
918 1.184165
919 1.183656
920 1.185266
921 1.185763
922 1.185905
923 1.187432
924 1.185455
925 1.186663
926 1.187267
927 1.186485
928 1.185740
929 1.185822
930 1.184710
931 1.185858
932 1.186225
933 1.185444
934 1.186201
935 1.185313
936 1.185444
937 1.184793
938 1.185266
939 1.185870
940 1.185953
941 1.184946
942 1.186604
943 1.186592
944 1.184935
945 1.184295
946 1.186663
947 1.186604
948 1.186438
949 1.185302
950 1.185680
951 1.185633
952 1.184804
953 1.183680
954 1.182721
955 1.182117
956 1.182176
957 1.182579
958 1.182863
959 1.181667
960 1.180164
961 1.182022
962 1.182153
963 1.181951
964 1.181620
965 1.182603
966 1.182342
967 1.182543
968 1.182378
969 1.182058
970 1.182401
971 1.180223
972 1.178684
973 1.178578
974 1.176968
975 1.177169
976 1.177477
977 1.178021
978 1.178353
979 1.177891
980 1.179406
981 1.181596
982 1.182579
983 1.182768
984 1.181608
985 1.181798
986 1.181786
987 1.180886
988 1.180555
989 1.180519
990 1.181703
991 1.181371
992 1.180259
993 1.180578
994 1.180791
995 1.178968
996 1.177500
997 1.176009
998 1.176352
999 1.176778
1000 1.176731
1001 1.176589
1002 1.177370
1003 1.178660
1004 1.180081
1005 1.179572
1006 1.179679
1007 1.179347
1008 1.179986
1009 1.180649
1010 1.180673
1011 1.180045
1012 1.178802
1013 1.177749
1014 1.177252
1015 1.176897
1016 1.176435
1017 1.176364
1018 1.176861
1019 1.178388
1020 1.180188
1021 1.180886
1022 1.180886
1023 1.181123
1024 1.181999
1025 1.183064
1026 1.185396
1027 1.184627
1028 1.184343
1029 1.185349
1030 1.184982
1031 1.185006
1032 1.185787
1033 1.185349
1034 1.184603
1035 1.185408
1036 1.185692
1037 1.186024
1038 1.186888
1039 1.187563
1040 1.188652
1041 1.188983
1042 1.188900
1043 1.186971
1044 1.188770
1045 1.187208
1046 1.186332
1047 1.186000
1048 1.184828
1049 1.183857
1050 1.184591
1051 1.185053
1052 1.184520
1053 1.184674
1054 1.184840
1055 1.185882
1056 1.186722
1057 1.186462
1058 1.188001
1059 1.187219
1060 1.187468
1061 1.188060
1062 1.187421
1063 1.186912
1064 1.186391
1065 1.185183
1066 1.184141
1067 1.185207
1068 1.185207
1069 1.184923
1070 1.185278
1071 1.185254
1072 1.183810
1073 1.183550
1074 1.182141
1075 1.184130
1076 1.185160
1077 1.184935
1078 1.183774
1079 1.183928
1080 1.184911
1081 1.184864
1082 1.184343
1083 1.182674
1084 1.182721
1085 1.183609
1086 1.182472
1087 1.179951
1088 1.179596
1089 1.180306
1090 1.181869
1091 1.182176
1092 1.182283
1093 1.182531
1094 1.182366
1095 1.182958
1096 1.182531
1097 1.182508
1098 1.181715
1099 1.182236
1100 1.183893
1101 1.183123
1102 1.183218
1103 1.182413
1104 1.182283
1105 1.180211
1106 1.179347
1107 1.179619
1108 1.179347
1109 1.179229
1110 1.177725
1111 1.179181
1112 1.180566
1113 1.182082
1114 1.180720
1115 1.179560
1116 1.179027
1117 1.179359
1118 1.179513
1119 1.179501
1120 1.179998
1121 1.180128
1122 1.179536
1123 1.178495
1124 1.180176
1125 1.179110
1126 1.178708
1127 1.178731
1128 1.179679
1129 1.180401
1130 1.181064
1131 1.181229
1132 1.181407
1133 1.180105
1134 1.179560
1135 1.180057
1136 1.180862
1137 1.179607
1138 1.180839
1139 1.180270
1140 1.179726
1141 1.178270
1142 1.179525
1143 1.179596
1144 1.178364
1145 1.177844
1146 1.178743
1147 1.179797
1148 1.180330
1149 1.179951
1150 1.179300
1151 1.178329
1152 1.179075
1153 1.181277
1154 1.181762
1155 1.181904
1156 1.181833
1157 1.182863
1158 1.181951
1159 1.182224
1160 1.182508
1161 1.182591
1162 1.181880
1163 1.182141
1164 1.183621
1165 1.183751
1166 1.185373
1167 1.185751
1168 1.185491
1169 1.184722
1170 1.185077
1171 1.184094
1172 1.184414
1173 1.182626
1174 1.183041
1175 1.182993
1176 1.183041
1177 1.182531
1178 1.181395
1179 1.180034
1180 1.179773
1181 1.179158
1182 1.179383
1183 1.179536
1184 1.179312
1185 1.178980
1186 1.177702
1187 1.177394
1188 1.175973
1189 1.176376
1190 1.176826
1191 1.175488
1192 1.176660
1193 1.176506
1194 1.175890
1195 1.176056
1196 1.178364
1197 1.178554
1198 1.179761
1199 1.179406
1200 1.177394
1201 1.177915
1202 1.177583
1203 1.177607
1204 1.176920
1205 1.177702
1206 1.177453
1207 1.176601
1208 1.176388
1209 1.176766
1210 1.176411
1211 1.175914
1212 1.175322
1213 1.173546
1214 1.173464
1215 1.173120
1216 1.174659
1217 1.176163
1218 1.176754
1219 1.177039
1220 1.176648
1221 1.175796
1222 1.177299
1223 1.175322
1224 1.175630
1225 1.177110
1226 1.178116
1227 1.178779
1228 1.178104
1229 1.177193
1230 1.176565
1231 1.176388
1232 1.178708
1233 1.177915
1234 1.178258
1235 1.179193
1236 1.180105
1237 1.180223
1238 1.181028
1239 1.181383
1240 1.181064
1241 1.181644
1242 1.182236
1243 1.182212
1244 1.183550
1245 1.183502
1246 1.183668
1247 1.183668
1248 1.182460
1249 1.183088
1250 1.182851
1251 1.182603
1252 1.183455
1253 1.182792
1254 1.183988
1255 1.183597
1256 1.184059
1257 1.185029
1258 1.184236
1259 1.182851
1260 1.182662
1261 1.180910
1262 1.181146
1263 1.179667
1264 1.179974
1265 1.180732
1266 1.180282
1267 1.179513
1268 1.179276
1269 1.178566
1270 1.177583
1271 1.177796
1272 1.177264
1273 1.177796
1274 1.178850
1275 1.178897
1276 1.180223
1277 1.180708
1278 1.181904
1279 1.179880
1280 1.180353
1281 1.180306
1282 1.181454
1283 1.182460
1284 1.181892
1285 1.181277
1286 1.182034
1287 1.182449
1288 1.182378
1289 1.181951
1290 1.182425
1291 1.184070
1292 1.184508
1293 1.184864
1294 1.185740
1295 1.185408
1296 1.185278
1297 1.186793
1298 1.186947
1299 1.187054
1300 1.187077
1301 1.186805
1302 1.187101
1303 1.185479
1304 1.186296
1305 1.186556
1306 1.186391
1307 1.186047
1308 1.186698
1309 1.186272
1310 1.185349
1311 1.185455
1312 1.184864
1313 1.184946
1314 1.185645
1315 1.186036
1316 1.187409
1317 1.188048
1318 1.188297
1319 1.188853
1320 1.189563
1321 1.188451
1322 1.187859
1323 1.188001
1324 1.187113
1325 1.186521
1326 1.186201
1327 1.185313
1328 1.185219
1329 1.184603
1330 1.186509
1331 1.186864
1332 1.186367
1333 1.187717
1334 1.188569
1335 1.189078
1336 1.188522
1337 1.188593
1338 1.188036
1339 1.187456
1340 1.186770
1341 1.187101
1342 1.186071
1343 1.187219
1344 1.186225
1345 1.186793
1346 1.187338
1347 1.187290
1348 1.187101
1349 1.185988
1350 1.185882
1351 1.184745
1352 1.187148
1353 1.187302
1354 1.188332
1355 1.187492
1356 1.187373
1357 1.187705
1358 1.186746
1359 1.188462
1360 1.188320
1361 1.187338
1362 1.187279
1363 1.189824
1364 1.190226
1365 1.190570
1366 1.189421
1367 1.189457
1368 1.188593
1369 1.188604
1370 1.188439
1371 1.188628
1372 1.188415
1373 1.188237
1374 1.188735
1375 1.186308
1376 1.185799
1377 1.186829
1378 1.186675
1379 1.185515
1380 1.184236
1381 1.183076
1382 1.180993
1383 1.183005
1384 1.183479
1385 1.185183
1386 1.184935
1387 1.184946
1388 1.186260
1389 1.185669
1390 1.185645
1391 1.184591
1392 1.184449
1393 1.184212
1394 1.183384
1395 1.183372
1396 1.183455
1397 1.182200
1398 1.182259
1399 1.183360
1400 1.183218
1401 1.183017
1402 1.183727
1403 1.183538
1404 1.183857
1405 1.182614
1406 1.182330
1407 1.182555
1408 1.182496
1409 1.182496
1410 1.181135
1411 1.180341
1412 1.179548
1413 1.179347
1414 1.180566
1415 1.181845
1416 1.184011
1417 1.183348
1418 1.182887
1419 1.183372
1420 1.182863
1421 1.183123
1422 1.182910
1423 1.182022
1424 1.182614
1425 1.181975
1426 1.182318
1427 1.182271
1428 1.181561
1429 1.182141
1430 1.184011
1431 1.185313
1432 1.186249
1433 1.185550
1434 1.186249
1435 1.186698
1436 1.187622
1437 1.188557
1438 1.188368
1439 1.188806
1440 1.188237
1441 1.188948
1442 1.189196
1443 1.189611
1444 1.188912
1445 1.189705
1446 1.187953
1447 1.185586
1448 1.184224
1449 1.184212
1450 1.185029
1451 1.184911
1452 1.185171
1453 1.184212
1454 1.184733
1455 1.183727
1456 1.183976
1457 1.183490
1458 1.184272
1459 1.184556
1460 1.182117
1461 1.180614
1462 1.180519
1463 1.181158
1464 1.181135
1465 1.181632
1466 1.180531
1467 1.180744
1468 1.182425
1469 1.183041
1470 1.182981
1471 1.182922
1472 1.182827
1473 1.183644
1474 1.183408
1475 1.182863
1476 1.182034
1477 1.181857
1478 1.181502
1479 1.182271
1480 1.182082
1481 1.182993
1482 1.183988
1483 1.183218
1484 1.183289
1485 1.184189
1486 1.185029
1487 1.183609
1488 1.183076
1489 1.184710
1490 1.183668
1491 1.184082
1492 1.182863
1493 1.183550
1494 1.184070
1495 1.185148
1496 1.185467
1497 1.184923
1498 1.185444
1499 1.185704
1500 1.186118
1501 1.186178
1502 1.185988
1503 1.185716
1504 1.185574
1505 1.185337
1506 1.185976
1507 1.185562
1508 1.185195
1509 1.182827
1510 1.183336
1511 1.181537
1512 1.184047
1513 1.184295
1514 1.185089
1515 1.185396
1516 1.186414
1517 1.184781
1518 1.186533
1519 1.186592
1520 1.186414
1521 1.185669
1522 1.183798
1523 1.184769
1524 1.183727
1525 1.184556
1526 1.183928
1527 1.184544
1528 1.183336
1529 1.183561
1530 1.182981
1531 1.184106
1532 1.184248
1533 1.183999
1534 1.185160
1535 1.185124
1536 1.184946
1537 1.185266
1538 1.183526
1539 1.183763
1540 1.183999
1541 1.184118
1542 1.182756
1543 1.183230
1544 1.182472
1545 1.182520
1546 1.181715
1547 1.182200
1548 1.182460
1549 1.182816
1550 1.181620
1551 1.182165
1552 1.182011
1553 1.181951
1554 1.182792
1555 1.183786
1556 1.185006
1557 1.185254
1558 1.186414
1559 1.185077
1560 1.185432
1561 1.186178
1562 1.186071
1563 1.186308
1564 1.187101
1565 1.186900
1566 1.186000
1567 1.185100
1568 1.185716
1569 1.186403
1570 1.187184
1571 1.188143
1572 1.186864
1573 1.186888
1574 1.187776
1575 1.188533
1576 1.187160
1577 1.187231
1578 1.186793
1579 1.186024
1580 1.185373
1581 1.186545
1582 1.186983
1583 1.187267
1584 1.186367
1585 1.187314
1586 1.186710
1587 1.185965
1588 1.185941
1589 1.185266
1590 1.185313
1591 1.184201
1592 1.185491
1593 1.185313
1594 1.184674
1595 1.184177
1596 1.184461
1597 1.185574
1598 1.184224
1599 1.183597
1600 1.184343
1601 1.184651
1602 1.185527
1603 1.183621
1604 1.182910
1605 1.182200
1606 1.182046
1607 1.180259
1608 1.179229
1609 1.181123
1610 1.181182
1611 1.180543
1612 1.179513
1613 1.178743
1614 1.180199
1615 1.180436
1616 1.180874
1617 1.181809
1618 1.180874
1619 1.181217
1620 1.181987
1621 1.183029
1622 1.180874
1623 1.179525
1624 1.179797
1625 1.179383
1626 1.178885
1627 1.179690
1628 1.180898
1629 1.181750
1630 1.182484
1631 1.181348
1632 1.180779
1633 1.181644
1634 1.180614
1635 1.180685
1636 1.180341
1637 1.179702
1638 1.180235
1639 1.180862
1640 1.180744
1641 1.181360
1642 1.180566
1643 1.180412
1644 1.179915
1645 1.180566
1646 1.181265
1647 1.181715
1648 1.180981
1649 1.181750
1650 1.182922
1651 1.182520
1652 1.182460
1653 1.182591
1654 1.181490
1655 1.180993
1656 1.180176
1657 1.180850
1658 1.181028
1659 1.182780
1660 1.183017
1661 1.182875
1662 1.182200
1663 1.183739
1664 1.182555
1665 1.181028
1666 1.180886
1667 1.180756
1668 1.181691
1669 1.181821
1670 1.182792
1671 1.182674
1672 1.181573
1673 1.183348
1674 1.181762
1675 1.182141
1676 1.181798
1677 1.181549
1678 1.181407
1679 1.180874
1680 1.180957
1681 1.180708
1682 1.181004
1683 1.178424
1684 1.177986
1685 1.178388
1686 1.178211
1687 1.178412
1688 1.178140
1689 1.179619
1690 1.179039
1691 1.179264
1692 1.179643
1693 1.180010
1694 1.179406
1695 1.180483
1696 1.181123
1697 1.180412
1698 1.179773
1699 1.179312
1700 1.177962
1701 1.177962
1702 1.176293
1703 1.174955
1704 1.176506
1705 1.179383
1706 1.179726
1707 1.180223
1708 1.180495
1709 1.180578
1710 1.180981
1711 1.181146
1712 1.181490
1713 1.182520
1714 1.183715
1715 1.184508
1716 1.184212
1717 1.184130
1718 1.183183
1719 1.183265
1720 1.184449
1721 1.184295
1722 1.185704
1723 1.186296
1724 1.186071
1725 1.186118
1726 1.184295
1727 1.183999
1728 1.182733
1729 1.182117
1730 1.181916
1731 1.181087
1732 1.181809
1733 1.180353
1734 1.179513
1735 1.178850
1736 1.178128
1737 1.179359
1738 1.180744
1739 1.179513
1740 1.179856
1741 1.179915
1742 1.179465
1743 1.179939
1744 1.179761
1745 1.180377
1746 1.180649
1747 1.181738
1748 1.183041
1749 1.183041
1750 1.182484
1751 1.183917
1752 1.183313
1753 1.184603
1754 1.184568
1755 1.184946
1756 1.185207
1757 1.184828
1758 1.184189
1759 1.184662
1760 1.185538
1761 1.185988
1762 1.185586
1763 1.185680
1764 1.186627
1765 1.187468
1766 1.187788
1767 1.188593
1768 1.188190
1769 1.187503
1770 1.186497
1771 1.187160
1772 1.187326
1773 1.186426
1774 1.185822
1775 1.185041
1776 1.185822
1777 1.186355
1778 1.185692
1779 1.186355
1780 1.186746
1781 1.185882
1782 1.185219
1783 1.184603
1784 1.182875
1785 1.183514
1786 1.183893
1787 1.183881
1788 1.184473
1789 1.185219
1790 1.186332
1791 1.184674
1792 1.185195
1793 1.186438
1794 1.186438
1795 1.186912
1796 1.187646
1797 1.187432
1798 1.186722
1799 1.186758
1800 1.185846
1801 1.185716
1802 1.186308
1803 1.185598
1804 1.185361
1805 1.185455
1806 1.185929
1807 1.186521
1808 1.183774
1809 1.184011
1810 1.184840
1811 1.185148
1812 1.184639
1813 1.184579
1814 1.183147
1815 1.182827
1816 1.181454
1817 1.181442
1818 1.178921
1819 1.178968
1820 1.178850
1821 1.179596
1822 1.177311
1823 1.179158
1824 1.180140
1825 1.179986
1826 1.180519
1827 1.181442
1828 1.181158
1829 1.181679
1830 1.180969
1831 1.180957
1832 1.180839
1833 1.180377
1834 1.180223
1835 1.181916
1836 1.183431
1837 1.180555
1838 1.179193
1839 1.179939
1840 1.180483
1841 1.180365
1842 1.181123
1843 1.184153
1844 1.184733
1845 1.184201
1846 1.184390
1847 1.184177
1848 1.183372
1849 1.182910
1850 1.182378
1851 1.183857
1852 1.184426
1853 1.185065
1854 1.184094
1855 1.183585
1856 1.183431
1857 1.184047
1858 1.183076
1859 1.182153
1860 1.181620
1861 1.180247
1862 1.179773
1863 1.179679
1864 1.179169
1865 1.179359
1866 1.179607
1867 1.179146
1868 1.180341
1869 1.180093
1870 1.179406
1871 1.179039
1872 1.179181
1873 1.179442
1874 1.179773
1875 1.179880
1876 1.180661
1877 1.179974
1878 1.180128
1879 1.179915
1880 1.179158
1881 1.179169
1882 1.178743
1883 1.179631
1884 1.178862
1885 1.178459
1886 1.178589
1887 1.178862
1888 1.178625
1889 1.178187
1890 1.180081
1891 1.181703
1892 1.183052
1893 1.184165
1894 1.184201
1895 1.183964
1896 1.183431
1897 1.183479
1898 1.183242
1899 1.184331
1900 1.183609
1901 1.184047
1902 1.184437
1903 1.183798
1904 1.184994
1905 1.186154
1906 1.185432
1907 1.184627
1908 1.184212
1909 1.184248
1910 1.183609
1911 1.182922
1912 1.182958
1913 1.182153
1914 1.180472
1915 1.180661
1916 1.180827
1917 1.181762
1918 1.183443
1919 1.182011
1920 1.181892
1921 1.182449
1922 1.181632
1923 1.181975
1924 1.182046
1925 1.180590
1926 1.179489
1927 1.180590
1928 1.180282
1929 1.179702
1930 1.180519
1931 1.181016
1932 1.179809
1933 1.180862
1934 1.179323
1935 1.180495
1936 1.179584
1937 1.179134
1938 1.179122
1939 1.179572
1940 1.179110
1941 1.177915
1942 1.178731
1943 1.178293
1944 1.178009
1945 1.176530
1946 1.177394
1947 1.177974
1948 1.178293
1949 1.177145
1950 1.177358
1951 1.176624
1952 1.176210
1953 1.176861
1954 1.177749
1955 1.180247
1956 1.180424
1957 1.179075
1958 1.177335
1959 1.178684
1960 1.179075
1961 1.179868
1962 1.179442
1963 1.179098
1964 1.179027
1965 1.178826
1966 1.180282
1967 1.180578
1968 1.181336
1969 1.182034
1970 1.182934
1971 1.182176
1972 1.183194
1973 1.182863
1974 1.182555
1975 1.180270
1976 1.179122
1977 1.178589
1978 1.177832
1979 1.177986
1980 1.177571
1981 1.177050
1982 1.176636
1983 1.176198
1984 1.175287
1985 1.174979
1986 1.175535
1987 1.177003
1988 1.177346
1989 1.178956
1990 1.180827
1991 1.181525
1992 1.179963
1993 1.181715
1994 1.180353
1995 1.180472
1996 1.180827
1997 1.181632
1998 1.181584
1999 1.181798
2000 1.183301
2001 1.182638
2002 1.183218
2003 1.184319
2004 1.183194
2005 1.182626
2006 1.182958
2007 1.184011
2008 1.183846
2009 1.184793
2010 1.184366
2011 1.184141
2012 1.185017
2013 1.184745
2014 1.183928
2015 1.184508
2016 1.184686
2017 1.185112
2018 1.186012
2019 1.185811
2020 1.186580
2021 1.186367
2022 1.186107
2023 1.185870
2024 1.185491
2025 1.185373
2026 1.185432
2027 1.184958
2028 1.184982
2029 1.185740
2030 1.185160
2031 1.184639
2032 1.184082
2033 1.183774
2034 1.182437
2035 1.182271
2036 1.183644
2037 1.182685
2038 1.180744
2039 1.181016
2040 1.180649
2041 1.180341
2042 1.180531
2043 1.180377
2044 1.182046
2045 1.183467
2046 1.184070
2047 1.184887
2048 1.184556
2049 1.184497
2050 1.185053
2051 1.183893
2052 1.184544
2053 1.184674
2054 1.184532
2055 1.184366
2056 1.183254
2057 1.183301
2058 1.184035
2059 1.184343
2060 1.183384
2061 1.184153
2062 1.183857
2063 1.182496
2064 1.181667
2065 1.181691
2066 1.180282
2067 1.179607
2068 1.179986
2069 1.181348
2070 1.182022
2071 1.181336
2072 1.180827
2073 1.182259
2074 1.179359
2075 1.178341
2076 1.178518
2077 1.179264
2078 1.179016
2079 1.180460
2080 1.181833
2081 1.182922
2082 1.184201
2083 1.183739
2084 1.183822
2085 1.183834
2086 1.183467
2087 1.183715
2088 1.182780
2089 1.181419
2090 1.180543
2091 1.182555
2092 1.182685
2093 1.182993
2094 1.182165
2095 1.181573
2096 1.179738
2097 1.182093
2098 1.181099
2099 1.182070
2100 1.183751
2101 1.182887
2102 1.181679
2103 1.182342
2104 1.183597
2105 1.184141
2106 1.185751
2107 1.185609
2108 1.185976
2109 1.185609
2110 1.183668
2111 1.184212
2112 1.183490
2113 1.184497
2114 1.185195
2115 1.185775
2116 1.185965
2117 1.186722
2118 1.187515
2119 1.187586
2120 1.187385
2121 1.188024
2122 1.187314
2123 1.187468
2124 1.188285
2125 1.188356
2126 1.187610
2127 1.185740
2128 1.186426
2129 1.187101
2130 1.186166
2131 1.185965
2132 1.183644
2133 1.183289
2134 1.183443
2135 1.183360
2136 1.183751
2137 1.183431
2138 1.183218
2139 1.183076
2140 1.181892
2141 1.183396
2142 1.182981
2143 1.182697
2144 1.184141
2145 1.183869
2146 1.184153
2147 1.183573
2148 1.182816
2149 1.183928
2150 1.183869
2151 1.183928
2152 1.183479
2153 1.183822
2154 1.184272
2155 1.184426
2156 1.181750
2157 1.182460
2158 1.181762
2159 1.182105
2160 1.182449
2161 1.182212
2162 1.182591
2163 1.182425
2164 1.181750
2165 1.181679
2166 1.182697
2167 1.183763
2168 1.184627
2169 1.184272
2170 1.183952
2171 1.184745
2172 1.184722
2173 1.185183
2174 1.185373
2175 1.185029
2176 1.186130
2177 1.186071
2178 1.184615
2179 1.185361
2180 1.185846
2181 1.186923
2182 1.187622
2183 1.187752
2184 1.189078
2185 1.189315
2186 1.189433
2187 1.189694
2188 1.188711
2189 1.187586
2190 1.187409
2191 1.187065
2192 1.187077
2193 1.186024
2194 1.186130
2195 1.185527
2196 1.185373
2197 1.184733
2198 1.183171
2199 1.184378
2200 1.183786
2201 1.184035
2202 1.185029
2203 1.184248
2204 1.185254
2205 1.185704
2206 1.185633
2207 1.185550
2208 1.186639
2209 1.185669
2210 1.185373
2211 1.185207
2212 1.185680
2213 1.185976
2214 1.186912
2215 1.187018
2216 1.186213
2217 1.185254
2218 1.185373
2219 1.186189
2220 1.187160
2221 1.187290
2222 1.185870
2223 1.185799
2224 1.185716
2225 1.184769
2226 1.185373
2227 1.185657
2228 1.185953
2229 1.186213
2230 1.185894
2231 1.186284
2232 1.185822
2233 1.185751
2234 1.184840
2235 1.184532
2236 1.184378
2237 1.184165
2238 1.184781
2239 1.185633
2240 1.186225
2241 1.185586
2242 1.185373
2243 1.184923
2244 1.184911
2245 1.183218
2246 1.182910
2247 1.183822
2248 1.183857
2249 1.182520
2250 1.183159
2251 1.183005
2252 1.182437
2253 1.182674
2254 1.182662
2255 1.183573
2256 1.182851
2257 1.182022
2258 1.183100
2259 1.182910
2260 1.183325
2261 1.184260
2262 1.183751
2263 1.181928
2264 1.181644
2265 1.181371
2266 1.182496
2267 1.182638
2268 1.183029
2269 1.183727
2270 1.182034
2271 1.180945
2272 1.182153
2273 1.183455
2274 1.183467
2275 1.183396
2276 1.183573
2277 1.184307
2278 1.184224
2279 1.184887
2280 1.185313
2281 1.185858
2282 1.185657
2283 1.185396
2284 1.184733
2285 1.184568
2286 1.184615
2287 1.185680
2288 1.185148
2289 1.184461
2290 1.182910
2291 1.184177
2292 1.184674
2293 1.186024
2294 1.185538
2295 1.184698
2296 1.185313
2297 1.184899
2298 1.184165
2299 1.183632
2300 1.182449
2301 1.182531
2302 1.181951
2303 1.182543
2304 1.181573
2305 1.180081
2306 1.179951
2307 1.180507
2308 1.179134
2309 1.179347
2310 1.179986
2311 1.180010
2312 1.180483
2313 1.179442
2314 1.178743
2315 1.180057
2316 1.180472
2317 1.183218
2318 1.184816
2319 1.184745
2320 1.184591
2321 1.184828
2322 1.184094
2323 1.184674
2324 1.184603
2325 1.185195
2326 1.185598
2327 1.185799
2328 1.185527
2329 1.186651
2330 1.186888
2331 1.186142
2332 1.185680
2333 1.186237
2334 1.185195
2335 1.184615
2336 1.184603
2337 1.185077
2338 1.185325
2339 1.185171
2340 1.186166
2341 1.186260
2342 1.188119
2343 1.187811
2344 1.187184
2345 1.184911
2346 1.183786
2347 1.183798
2348 1.182603
2349 1.183005
2350 1.183467
2351 1.183135
2352 1.183834
2353 1.184449
2354 1.184733
2355 1.183289
2356 1.183538
2357 1.185029
2358 1.185929
2359 1.186059
2360 1.185858
2361 1.184958
2362 1.184011
2363 1.184556
2364 1.183526
2365 1.182401
2366 1.181691
2367 1.181904
2368 1.183502
2369 1.183017
2370 1.183597
2371 1.183029
2372 1.183668
2373 1.184331
2374 1.184745
2375 1.185692
2376 1.185846
2377 1.185763
2378 1.185396
2379 1.185680
2380 1.186213
2381 1.185065
2382 1.184994
2383 1.184212
2384 1.184189
2385 1.183348
2386 1.183242
2387 1.182603
2388 1.182330
2389 1.183372
2390 1.183064
2391 1.183703
2392 1.182768
2393 1.182129
2394 1.181786
2395 1.182472
2396 1.181892
2397 1.181821
2398 1.183419
2399 1.183774
2400 1.184118
2401 1.183940
2402 1.182969
2403 1.181525
2404 1.181525
2405 1.180910
2406 1.180673
2407 1.180128
2408 1.179714
2409 1.179548
2410 1.180022
2411 1.179217
2412 1.179169
2413 1.178613
2414 1.176435
2415 1.176494
2416 1.177642
2417 1.176553
2418 1.176482
2419 1.176222
2420 1.178045
2421 1.177796
2422 1.177323
2423 1.177500
2424 1.178507
2425 1.177346
2426 1.176660
2427 1.176068
2428 1.176234
2429 1.176032
2430 1.175902
2431 1.176683
2432 1.178388
2433 1.178080
2434 1.178613
2435 1.177903
2436 1.177382
2437 1.177027
2438 1.178080
2439 1.177571
2440 1.178980
2441 1.179264
2442 1.179986
2443 1.178305
2444 1.179454
2445 1.179714
2446 1.179821
2447 1.179536
2448 1.177997
2449 1.178163
2450 1.177808
2451 1.177204
2452 1.176683
2453 1.176731
2454 1.178731
2455 1.178779
2456 1.178921
2457 1.179454
2458 1.179418
2459 1.179075
2460 1.179892
2461 1.179430
2462 1.178495
2463 1.178921
2464 1.178874
2465 1.179110
2466 1.177915
2467 1.176518
2468 1.176115
2469 1.175961
2470 1.174635
2471 1.175216
2472 1.175334
2473 1.174837
2474 1.175263
2475 1.174505
2476 1.174967
2477 1.174718
2478 1.174955
2479 1.175050
2480 1.175594
2481 1.176151
2482 1.176790
2483 1.177631
2484 1.176612
2485 1.175997
2486 1.175618
2487 1.175464
2488 1.177003
2489 1.176210
2490 1.176506
2491 1.175523
2492 1.174884
2493 1.176186
2494 1.176257
2495 1.176802
2496 1.178578
2497 1.177441
2498 1.176660
2499 1.178246
2500 1.178459
2501 1.177666
2502 1.177524
2503 1.178447
2504 1.180318
2505 1.180483
2506 1.181371
2507 1.181963
2508 1.182247
2509 1.181963
2510 1.181158
2511 1.183064
2512 1.182271
2513 1.182236
2514 1.181786
2515 1.180981
2516 1.180850
2517 1.182105
2518 1.181407
2519 1.182839
2520 1.181880
2521 1.182875
2522 1.183976
2523 1.182437
2524 1.182733
2525 1.180732
2526 1.179915
2527 1.179146
2528 1.180697
2529 1.182034
2530 1.182626
2531 1.182839
2532 1.183171
2533 1.182946
2534 1.182271
2535 1.181880
2536 1.181750
2537 1.183680
2538 1.183703
2539 1.183644
2540 1.182662
2541 1.183159
2542 1.184141
2543 1.183289
2544 1.183455
2545 1.183171
2546 1.182413
2547 1.180922
2548 1.181845
2549 1.182780
2550 1.182792
2551 1.183467
2552 1.183644
2553 1.183881
2554 1.183822
2555 1.182449
2556 1.182460
2557 1.183265
2558 1.182745
2559 1.182898
2560 1.183112
2561 1.183005
2562 1.182898
2563 1.183609
2564 1.184686
2565 1.184473
2566 1.184686
2567 1.184603
2568 1.183490
2569 1.183964
2570 1.182887
2571 1.181371
2572 1.181016
2573 1.181206
2574 1.180507
2575 1.180211
2576 1.180105
2577 1.179868
2578 1.180341
2579 1.181182
2580 1.181845
2581 1.181798
2582 1.181987
2583 1.182816
2584 1.181869
2585 1.182176
2586 1.181360
2587 1.182224
2588 1.181584
2589 1.181549
2590 1.182295
2591 1.183159
2592 1.184153
2593 1.183964
2594 1.185290
2595 1.187030
2596 1.187432
2597 1.187302
2598 1.188107
2599 1.187089
2600 1.187065
2601 1.187030
2602 1.185953
2603 1.184958
2604 1.185444
2605 1.185361
2606 1.185870
2607 1.186213
2608 1.186604
2609 1.186568
2610 1.186971
2611 1.186687
2612 1.186876
2613 1.185574
2614 1.185787
2615 1.186047
2616 1.185704
2617 1.186201
2618 1.186722
2619 1.186047
2620 1.186166
2621 1.186343
2622 1.186912
2623 1.187634
2624 1.188344
2625 1.190368
2626 1.190380
2627 1.188711
2628 1.188356
2629 1.186568
2630 1.184923
2631 1.184082
2632 1.184390
2633 1.184473
2634 1.183597
2635 1.183206
2636 1.183112
2637 1.182271
2638 1.181999
2639 1.183041
2640 1.182496
2641 1.183798
2642 1.184343
2643 1.184864
2644 1.186876
2645 1.187030
2646 1.187160
2647 1.187811
2648 1.188770
2649 1.187799
2650 1.188237
2651 1.188818
2652 1.189421
2653 1.189291
2654 1.188936
2655 1.188415
2656 1.189279
2657 1.189267
2658 1.188782
2659 1.188368
2660 1.188320
2661 1.187634
2662 1.187788
2663 1.188143
2664 1.189220
2665 1.187515
2666 1.187859
2667 1.188368
2668 1.188889
2669 1.189256
2670 1.188095
2671 1.187681
2672 1.188451
2673 1.189670
2674 1.190191
2675 1.189291
2676 1.188320
2677 1.188581
2678 1.189042
2679 1.188616
2680 1.187432
2681 1.186237
2682 1.186604
2683 1.186781
2684 1.186556
2685 1.187551
2686 1.187610
2687 1.189149
2688 1.188735
2689 1.188332
2690 1.188640
2691 1.188616
2692 1.189989
2693 1.190475
2694 1.190771
2695 1.190072
2696 1.190404
2697 1.190783
2698 1.190049
2699 1.189066
2700 1.189031
2701 1.188060
2702 1.189279
2703 1.190001
2704 1.188604
2705 1.188297
2706 1.187172
2707 1.187669
2708 1.186698
2709 1.186639
2710 1.185361
2711 1.185029
2712 1.184816
2713 1.184284
2714 1.184615
2715 1.185811
2716 1.185337
2717 1.185207
2718 1.186627
2719 1.187314
2720 1.187397
2721 1.186391
2722 1.184082
2723 1.184035
2724 1.183881
2725 1.183277
2726 1.183680
2727 1.182330
2728 1.184011
2729 1.184970
2730 1.186178
2731 1.185669
2732 1.185231
2733 1.184544
2734 1.183609
2735 1.184023
2736 1.182366
2737 1.182330
2738 1.181561
2739 1.181146
2740 1.180578
2741 1.180448
2742 1.181146
2743 1.180495
2744 1.180839
2745 1.181513
2746 1.182046
2747 1.183325
2748 1.183668
2749 1.183609
2750 1.182816
2751 1.182259
2752 1.181348
2753 1.180353
2754 1.181348
2755 1.182129
2756 1.181312
2757 1.181608
2758 1.181146
2759 1.180389
2760 1.180081
2761 1.179501
2762 1.179323
2763 1.180211
2764 1.181715
2765 1.182579
2766 1.182236
2767 1.183230
2768 1.183088
2769 1.184520
2770 1.184970
2771 1.186746
2772 1.187338
2773 1.187065
2774 1.187314
2775 1.186971
2776 1.186485
2777 1.187018
2778 1.186971
2779 1.187622
2780 1.186994
2781 1.186414
2782 1.185325
2783 1.184059
2784 1.186142
2785 1.184982
2786 1.184295
2787 1.184284
2788 1.184733
2789 1.184319
2790 1.185077
2791 1.186391
2792 1.186663
2793 1.185953
2794 1.186533
2795 1.186450
2796 1.185870
2797 1.186627
2798 1.186864
2799 1.186722
2800 1.186698
2801 1.187279
2802 1.185929
2803 1.186485
2804 1.187859
2805 1.187788
2806 1.187101
2807 1.185846
2808 1.185586
2809 1.186616
2810 1.188297
2811 1.187941
2812 1.187054
2813 1.185455
2814 1.184023
2815 1.184556
2816 1.183751
2817 1.183763
2818 1.185171
2819 1.186059
2820 1.186556
2821 1.187669
2822 1.186864
2823 1.185905
2824 1.187196
2825 1.186308
2826 1.185728
2827 1.184674
2828 1.185976
2829 1.186651
2830 1.185455
2831 1.184935
2832 1.184579
2833 1.183289
2834 1.182543
2835 1.182958
2836 1.183905
2837 1.184745
2838 1.185219
2839 1.185905
2840 1.186142
2841 1.185491
2842 1.186201
2843 1.186414
2844 1.184508
2845 1.184982
2846 1.186189
2847 1.185680
2848 1.186793
2849 1.187646
2850 1.186781
2851 1.187539
2852 1.186900
2853 1.187397
2854 1.188439
2855 1.189125
2856 1.190120
2857 1.189445
2858 1.190191
2859 1.189279
2860 1.188995
2861 1.188498
2862 1.188652
2863 1.189350
2864 1.190392
2865 1.190001
2866 1.190226
2867 1.188900
2868 1.190143
2869 1.189149
2870 1.189729
2871 1.189930
2872 1.190960
2873 1.192227
2874 1.192677
2875 1.191292
2876 1.190297
2877 1.189907
2878 1.189504
2879 1.188332
2880 1.189409
2881 1.188237
2882 1.187669
2883 1.186805
2884 1.186841
2885 1.187172
2886 1.186722
2887 1.187432
2888 1.188545
2889 1.187385
2890 1.187563
2891 1.185527
2892 1.185763
2893 1.184497
2894 1.184426
2895 1.183585
2896 1.183988
2897 1.182792
2898 1.181833
2899 1.181336
2900 1.181928
2901 1.182638
2902 1.182437
2903 1.183514
2904 1.183194
2905 1.184236
2906 1.183550
2907 1.182472
2908 1.182993
2909 1.183194
2910 1.183976
2911 1.183798
2912 1.183490
2913 1.182898
2914 1.183100
2915 1.182271
2916 1.181561
2917 1.182200
2918 1.180933
2919 1.180602
2920 1.180412
2921 1.180483
2922 1.181087
2923 1.182046
2924 1.182603
2925 1.181371
2926 1.182271
2927 1.182638
2928 1.182567
2929 1.182259
2930 1.183112
2931 1.184141
2932 1.183964
2933 1.183751
2934 1.184082
2935 1.182863
2936 1.181655
2937 1.180720
2938 1.182259
2939 1.181513
2940 1.181869
2941 1.182484
2942 1.181502
2943 1.180614
2944 1.180850
2945 1.181383
2946 1.181774
2947 1.182437
2948 1.182437
2949 1.182981
2950 1.183585
2951 1.183928
2952 1.184639
2953 1.185444
2954 1.186734
2955 1.186841
2956 1.187409
2957 1.188143
2958 1.186935
2959 1.187622
2960 1.187515
2961 1.186391
2962 1.185870
2963 1.185669
2964 1.184722
2965 1.183703
2966 1.182579
2967 1.182898
2968 1.182543
2969 1.182768
2970 1.182366
2971 1.183692
2972 1.184307
2973 1.184982
2974 1.184662
2975 1.183147
2976 1.182093
2977 1.182662
2978 1.183206
2979 1.183052
2980 1.182236
2981 1.184402
2982 1.183928
2983 1.183585
2984 1.184473
2985 1.185894
2986 1.186355
2987 1.185894
2988 1.185278
2989 1.184722
2990 1.183656
2991 1.183052
2992 1.182804
2993 1.182141
2994 1.182638
2995 1.183052
2996 1.182922
2997 1.182555
2998 1.181525
2999 1.182792
3000 1.183206
3001 1.183550
3002 1.183183
3003 1.183467
3004 1.182851
3005 1.184757
3006 1.185775
3007 1.185171
3008 1.184958
3009 1.184639
3010 1.184461
3011 1.183857
3012 1.183834
3013 1.184011
3014 1.183242
3015 1.183952
3016 1.182543
3017 1.182236
3018 1.181821
3019 1.182804
3020 1.182224
3021 1.182697
3022 1.182638
3023 1.182697
3024 1.182993
3025 1.183857
3026 1.182922
3027 1.181821
3028 1.182224
3029 1.182283
3030 1.182839
3031 1.183147
3032 1.183218
3033 1.184023
3034 1.184414
3035 1.184011
3036 1.184355
3037 1.183289
3038 1.183100
3039 1.183171
3040 1.182591
3041 1.183159
3042 1.183976
3043 1.184094
3044 1.183123
3045 1.183230
3046 1.182969
3047 1.182697
3048 1.183159
3049 1.181715
3050 1.180933
3051 1.180081
3052 1.180259
3053 1.180412
3054 1.179915
3055 1.180069
3056 1.179868
3057 1.179347
3058 1.181454
3059 1.181324
3060 1.182247
3061 1.183668
3062 1.182437
3063 1.182165
3064 1.183147
3065 1.182591
3066 1.180401
3067 1.181360
3068 1.180779
3069 1.180910
3070 1.181573
3071 1.181679
3072 1.180874
3073 1.182733
3074 1.181928
3075 1.181537
3076 1.182058
3077 1.184023
3078 1.183703
3079 1.183159
3080 1.183739
3081 1.184343
3082 1.184319
3083 1.184177
3084 1.184769
3085 1.186414
3086 1.185645
3087 1.186403
3088 1.186320
3089 1.185278
3090 1.185574
3091 1.185219
3092 1.184508
3093 1.183621
3094 1.183194
3095 1.182224
3096 1.182295
3097 1.181703
3098 1.183005
3099 1.184331
3100 1.184710
3101 1.184840
3102 1.184828
3103 1.186237
3104 1.186876
3105 1.189457
3106 1.190818
3107 1.191919
3108 1.191469
3109 1.192440
3110 1.192570
3111 1.193221
3112 1.193328
3113 1.191552
3114 1.190794
3115 1.188818
3116 1.189338
3117 1.188924
3118 1.188687
3119 1.189031
3120 1.188604
3121 1.186912
3122 1.187421
3123 1.187267
3124 1.186935
3125 1.188036
3126 1.187385
3127 1.186249
3128 1.184284
3129 1.183869
3130 1.183325
3131 1.184319
3132 1.182934
3133 1.181833
3134 1.180507
3135 1.180756
3136 1.182508
3137 1.181490
3138 1.180128
3139 1.180993
3140 1.181537
3141 1.181715
3142 1.182389
3143 1.182981
3144 1.183088
3145 1.183443
3146 1.183774
3147 1.182082
3148 1.180602
3149 1.179927
3150 1.180199
3151 1.180460
3152 1.180353
3153 1.180519
3154 1.180282
3155 1.180744
3156 1.181691
3157 1.182176
3158 1.182484
3159 1.183301
3160 1.183632
3161 1.183526
3162 1.183112
3163 1.183846
3164 1.185195
3165 1.185846
3166 1.186770
3167 1.186545
3168 1.186994
3169 1.186781
3170 1.186047
3171 1.185976
3172 1.186462
3173 1.186391
3174 1.185609
3175 1.186462
3176 1.186509
3177 1.185917
3178 1.184141
3179 1.184082
3180 1.183668
3181 1.183739
3182 1.183893
3183 1.183715
3184 1.183893
3185 1.184319
3186 1.183455
3187 1.183419
3188 1.182898
3189 1.183514
3190 1.183988
3191 1.183230
3192 1.182413
3193 1.182721
3194 1.183277
3195 1.183325
3196 1.181537
3197 1.181502
3198 1.183384
3199 1.182816
3200 1.183242
3201 1.183822
3202 1.183206
3203 1.183029
3204 1.182496
3205 1.182188
3206 1.181288
3207 1.182153
3208 1.182508
3209 1.182401
3210 1.182827
3211 1.183632
3212 1.184307
3213 1.183857
3214 1.183680
3215 1.182650
3216 1.181016
3217 1.180898
3218 1.180910
3219 1.180886
3220 1.182105
3221 1.180649
3222 1.180768
3223 1.181312
3224 1.180720
3225 1.181253
3226 1.181916
3227 1.182626
3228 1.182330
3229 1.181821
3230 1.180791
3231 1.182165
3232 1.182117
3233 1.182449
3234 1.182449
3235 1.182224
3236 1.180436
3237 1.182141
3238 1.182697
3239 1.183123
3240 1.183336
3241 1.183041
3242 1.183467
3243 1.183727
3244 1.184260
3245 1.184224
3246 1.185562
3247 1.185527
3248 1.186012
3249 1.186213
3250 1.185444
3251 1.186272
3252 1.186414
3253 1.186379
3254 1.187717
3255 1.188001
3256 1.187965
3257 1.187764
3258 1.187622
3259 1.186876
3260 1.186627
3261 1.185609
3262 1.184248
3263 1.183715
3264 1.184414
3265 1.185740
3266 1.186142
3267 1.186841
3268 1.187231
3269 1.188995
3270 1.189765
3271 1.189528
3272 1.189611
3273 1.189480
3274 1.189765
3275 1.190404
3276 1.190617
3277 1.189256
3278 1.186947
3279 1.186627
3280 1.186166
3281 1.186379
3282 1.186343
3283 1.185787
3284 1.185953
3285 1.187231
3286 1.187551
3287 1.186592
3288 1.184532
3289 1.184532
3290 1.184864
3291 1.185609
3292 1.186864
3293 1.186391
3294 1.184686
3295 1.181975
3296 1.183632
3297 1.184390
3298 1.182804
3299 1.181916
3300 1.183467
3301 1.183798
3302 1.183479
3303 1.185089
3304 1.184710
3305 1.184094
3306 1.183988
3307 1.184165
3308 1.185361
3309 1.184236
3310 1.185006
3311 1.184828
3312 1.184781
3313 1.186876
3314 1.187137
3315 1.185751
3316 1.185799
3317 1.184390
3318 1.183052
3319 1.183940
3320 1.183254
3321 1.182993
3322 1.183632
3323 1.182105
3324 1.180365
3325 1.181502
3326 1.181324
3327 1.181857
3328 1.182520
3329 1.183597
3330 1.185053
3331 1.185278
3332 1.186462
3333 1.185420
3334 1.185171
3335 1.184153
3336 1.185266
3337 1.184284
3338 1.184224
3339 1.183076
3340 1.184414
3341 1.183810
3342 1.181904
3343 1.181644
3344 1.181738
3345 1.182318
3346 1.181371
3347 1.181064
3348 1.180756
3349 1.180637
3350 1.181123
3351 1.181336
3352 1.182259
3353 1.182425
3354 1.183064
3355 1.183194
3356 1.183467
3357 1.185017
3358 1.185763
3359 1.186355
3360 1.187077
3361 1.186616
3362 1.186781
3363 1.185858
3364 1.186059
3365 1.187184
3366 1.186734
3367 1.187930
3368 1.186237
3369 1.185053
3370 1.184828
3371 1.184355
3372 1.184355
3373 1.183147
3374 1.181892
3375 1.181715
3376 1.181620
3377 1.181750
3378 1.182555
3379 1.183467
3380 1.182721
3381 1.182555
3382 1.183289
3383 1.182567
3384 1.182922
3385 1.183384
3386 1.183029
3387 1.183100
3388 1.182626
3389 1.182188
3390 1.183171
3391 1.184864
3392 1.183834
3393 1.184639
3394 1.183846
3395 1.183786
3396 1.184355
3397 1.183999
3398 1.184272
3399 1.184520
3400 1.185089
3401 1.184994
3402 1.185692
3403 1.186864
3404 1.186900
3405 1.186272
3406 1.186237
3407 1.185811
3408 1.185089
3409 1.184864
3410 1.186379
3411 1.186071
3412 1.186758
3413 1.187101
3414 1.187231
3415 1.186864
3416 1.186935
3417 1.187030
3418 1.187681
3419 1.187113
3420 1.186320
3421 1.186201
3422 1.186083
3423 1.185432
3424 1.184473
3425 1.184011
3426 1.184236
3427 1.184662
3428 1.183988
3429 1.183751
3430 1.183550
3431 1.185065
3432 1.183621
3433 1.184355
3434 1.184674
3435 1.185609
3436 1.186509
3437 1.185692
3438 1.184532
3439 1.184970
3440 1.184710
3441 1.183751
3442 1.182425
3443 1.183526
3444 1.183964
3445 1.185313
3446 1.185491
3447 1.185432
3448 1.185669
3449 1.184923
3450 1.185160
3451 1.185242
3452 1.183538
3453 1.182437
3454 1.182851
3455 1.181644
3456 1.181241
3457 1.181052
3458 1.179963
3459 1.180661
3460 1.179892
3461 1.179347
3462 1.180093
3463 1.179738
3464 1.181241
3465 1.182922
3466 1.183206
3467 1.183147
3468 1.184106
3469 1.185491
3470 1.185550
3471 1.185444
3472 1.185846
3473 1.184864
3474 1.185041
3475 1.184272
3476 1.182141
3477 1.181300
3478 1.180945
3479 1.181679
3480 1.181300
3481 1.181371
3482 1.181064
3483 1.181087
3484 1.180472
3485 1.180247
3486 1.181217
3487 1.182295
3488 1.182224
3489 1.182117
3490 1.182614
3491 1.182851
3492 1.183076
3493 1.182733
3494 1.183265
3495 1.184070
3496 1.184686
3497 1.182875
3498 1.183550
3499 1.182650
3500 1.180448
3501 1.182307
3502 1.182520
3503 1.181644
3504 1.181940
3505 1.181608
3506 1.180874
3507 1.180957
3508 1.180839
3509 1.180507
3510 1.180673
3511 1.179986
3512 1.180117
3513 1.180472
3514 1.181383
3515 1.182224
3516 1.181288
3517 1.180649
3518 1.180164
3519 1.179773
3520 1.180803
3521 1.180247
3522 1.181679
3523 1.181395
3524 1.180401
3525 1.180282
3526 1.180010
3527 1.179880
3528 1.180626
3529 1.181182
3530 1.181206
3531 1.180779
3532 1.180827
3533 1.181632
3534 1.182354
3535 1.183739
3536 1.183467
3537 1.184035
3538 1.183526
3539 1.183336
3540 1.183656
3541 1.184130
3542 1.184331
3543 1.183526
3544 1.182745
3545 1.182437
3546 1.184130
3547 1.184319
3548 1.183052
3549 1.183005
3550 1.184295
3551 1.186012
3552 1.185171
3553 1.183988
3554 1.182958
3555 1.184686
3556 1.183561
3557 1.182875
3558 1.184035
3559 1.184118
3560 1.183467
3561 1.182887
3562 1.184070
3563 1.183893
3564 1.183881
3565 1.184118
3566 1.183774
3567 1.182212
3568 1.182567
3569 1.181182
3570 1.180839
3571 1.180247
3572 1.180045
3573 1.180235
3574 1.178838
3575 1.178045
3576 1.179418
3577 1.178956
3578 1.177264
3579 1.177015
3580 1.178921
3581 1.180093
3582 1.179560
3583 1.179181
3584 1.179714
3585 1.180188
3586 1.181774
3587 1.182188
3588 1.182650
3589 1.181194
3590 1.181229
3591 1.180993
3592 1.180673
3593 1.181679
3594 1.182022
3595 1.182780
3596 1.183076
3597 1.183846
3598 1.186675
3599 1.185349
3600 1.184520
3601 1.184899
3602 1.185408
3603 1.185408
3604 1.185799
3605 1.184284
3606 1.184804
3607 1.185467
3608 1.186426
3609 1.187432
3610 1.187870
3611 1.188202
3612 1.187172
3613 1.187184
3614 1.188652
3615 1.188403
3616 1.189918
3617 1.189623
3618 1.189398
3619 1.187859
3620 1.187776
3621 1.188249
3622 1.188995
3623 1.187953
3624 1.188545
3625 1.188013
3626 1.188486
3627 1.188155
3628 1.188072
3629 1.187539
3630 1.185799
3631 1.184426
3632 1.183846
3633 1.182898
3634 1.181951
3635 1.182022
3636 1.182271
3637 1.182022
3638 1.181454
3639 1.180649
3640 1.182579
3641 1.183644
3642 1.184662
3643 1.185124
3644 1.186083
3645 1.186083
3646 1.186142
3647 1.186130
3648 1.186426
3649 1.186592
3650 1.185290
3651 1.184497
3652 1.184177
3653 1.183029
3654 1.182958
3655 1.182626
3656 1.183502
3657 1.183526
3658 1.184355
3659 1.183798
3660 1.183254
3661 1.183857
3662 1.183621
3663 1.182437
3664 1.182058
3665 1.183194
3666 1.181490
3667 1.182910
3668 1.182674
3669 1.182839
3670 1.182366
3671 1.182378
3672 1.183289
3673 1.183289
3674 1.181502
3675 1.180578
3676 1.181360
3677 1.181833
3678 1.181655
3679 1.180744
3680 1.181892
3681 1.181336
3682 1.181951
3683 1.183076
3684 1.182674
3685 1.181738
3686 1.180649
3687 1.180957
3688 1.181158
3689 1.182449
3690 1.182709
3691 1.181466
3692 1.179998
3693 1.179643
3694 1.178921
3695 1.178116
3696 1.178222
3697 1.178874
3698 1.179679
3699 1.180034
3700 1.179323
3701 1.178992
3702 1.179347
3703 1.179974
3704 1.181052
3705 1.180803
3706 1.181490
3707 1.180578
3708 1.181099
3709 1.181004
3710 1.180306
3711 1.181016
3712 1.181513
3713 1.181561
3714 1.181466
3715 1.182082
3716 1.181833
3717 1.182804
3718 1.183183
3719 1.183502
3720 1.184603
3721 1.184899
3722 1.184579
3723 1.185361
3724 1.184899
3725 1.184556
3726 1.185751
3727 1.184284
3728 1.183017
3729 1.182176
3730 1.181277
3731 1.178838
3732 1.177453
3733 1.177370
3734 1.178956
3735 1.178649
3736 1.177145
3737 1.176068
3738 1.177642
3739 1.179063
3740 1.180708
3741 1.180495
3742 1.179903
3743 1.179738
3744 1.179489
3745 1.179264
3746 1.181596
3747 1.181431
3748 1.180460
3749 1.180093
3750 1.180803
3751 1.182520
3752 1.182946
3753 1.182378
3754 1.182721
3755 1.183550
3756 1.183526
3757 1.183041
3758 1.183372
3759 1.183100
3760 1.183715
3761 1.183798
3762 1.183964
3763 1.183621
3764 1.183869
3765 1.184130
3766 1.184923
3767 1.184272
3768 1.184556
3769 1.184710
3770 1.184094
3771 1.184745
3772 1.185444
3773 1.186474
3774 1.187409
3775 1.186024
3776 1.186426
3777 1.186426
3778 1.185515
3779 1.185479
3780 1.186189
3781 1.184970
3782 1.184082
3783 1.183479
3784 1.183017
3785 1.183680
3786 1.182389
3787 1.183076
3788 1.184343
3789 1.184615
3790 1.185290
3791 1.184864
3792 1.184556
3793 1.185065
3794 1.184603
3795 1.184449
3796 1.183538
3797 1.183088
3798 1.184508
3799 1.185692
3800 1.186178
3801 1.185763
3802 1.185290
3803 1.185728
3804 1.185148
3805 1.185633
3806 1.186130
3807 1.186485
3808 1.186355
3809 1.186770
3810 1.186841
3811 1.185396
3812 1.185361
3813 1.184769
3814 1.183017
3815 1.181596
3816 1.182330
3817 1.181892
3818 1.182247
3819 1.182555
3820 1.183254
3821 1.184224
3822 1.184059
3823 1.184532
3824 1.185266
3825 1.186343
3826 1.185799
3827 1.185870
3828 1.184141
3829 1.183763
3830 1.184106
3831 1.183881
3832 1.182969
3833 1.183230
3834 1.183017
3835 1.183183
3836 1.183029
3837 1.182484
3838 1.181987
3839 1.181857
3840 1.181833
3841 1.181087
3842 1.180933
3843 1.180993
3844 1.182200
3845 1.182354
3846 1.183431
3847 1.183431
3848 1.184106
3849 1.182922
3850 1.182946
3851 1.181928
3852 1.182046
3853 1.182508
3854 1.181703
3855 1.182046
3856 1.182449
3857 1.182614
3858 1.183254
3859 1.182887
3860 1.184532
3861 1.185396
3862 1.186225
3863 1.186367
3864 1.185728
3865 1.185882
3866 1.185219
3867 1.185029
3868 1.185515
3869 1.186888
3870 1.187137
3871 1.188936
3872 1.187799
3873 1.188084
3874 1.187717
3875 1.188107
3876 1.188451
3877 1.187421
3878 1.187634
3879 1.188818
3880 1.188415
3881 1.187219
3882 1.187018
3883 1.186533
3884 1.187302
3885 1.187551
3886 1.186793
3887 1.186414
3888 1.185041
3889 1.186521
3890 1.186734
3891 1.186663
3892 1.185811
3893 1.186166
3894 1.186438
3895 1.186509
3896 1.187065
3897 1.186320
3898 1.185953
3899 1.186166
3900 1.187432
3901 1.187101
3902 1.187669
3903 1.188652
3904 1.189563
3905 1.190143
3906 1.190368
3907 1.191493
3908 1.191232
3909 1.190747
3910 1.191375
3911 1.192286
3912 1.192203
3913 1.191990
3914 1.191730
3915 1.192286
3916 1.192689
3917 1.192156
3918 1.190889
3919 1.190546
3920 1.189042
3921 1.189516
3922 1.189516
3923 1.189658
3924 1.190345
3925 1.189244
3926 1.189279
3927 1.189433
3928 1.188557
3929 1.188013
3930 1.187172
3931 1.187776
3932 1.187326
3933 1.188190
3934 1.187575
3935 1.186592
3936 1.185692
3937 1.184887
3938 1.184473
3939 1.183999
3940 1.184331
3941 1.183846
3942 1.183798
3943 1.185787
3944 1.186284
3945 1.186758
3946 1.185089
3947 1.183692
3948 1.183372
3949 1.182520
3950 1.181892
3951 1.181016
3952 1.180933
3953 1.181064
3954 1.182354
3955 1.182531
3956 1.181561
3957 1.180199
3958 1.182247
3959 1.181833
3960 1.183999
3961 1.184153
3962 1.185112
3963 1.185775
3964 1.183550
3965 1.183017
3966 1.183774
3967 1.184094
3968 1.185017
3969 1.185195
3970 1.185219
3971 1.185325
3972 1.185361
3973 1.184201
3974 1.185231
3975 1.186036
3976 1.187918
3977 1.188545
3978 1.188013
3979 1.188510
3980 1.187563
3981 1.187752
3982 1.186592
3983 1.187527
3984 1.186036
3985 1.187137
3986 1.186675
3987 1.186000
3988 1.185929
3989 1.186059
3990 1.186580
3991 1.187622
3992 1.187870
3993 1.188368
3994 1.188829
3995 1.189445
3996 1.189256
3997 1.190274
3998 1.190439
3999 1.190025
4000 1.189611
4001 1.190167
4002 1.190013
4003 1.190605
4004 1.189907
4005 1.190901
4006 1.190806
4007 1.189599
4008 1.189765
4009 1.188155
4010 1.187740
4011 1.188474
4012 1.189267
4013 1.189220
4014 1.188415
4015 1.187361
4016 1.186698
4017 1.187551
4018 1.187634
4019 1.188545
4020 1.189161
4021 1.189256
4022 1.189220
4023 1.189184
4024 1.189847
4025 1.190191
4026 1.189717
4027 1.188261
4028 1.187456
4029 1.186734
4030 1.185680
4031 1.184414
4032 1.185100
4033 1.185941
4034 1.185822
4035 1.186178
4036 1.185373
4037 1.184733
4038 1.184911
4039 1.186722
4040 1.186639
4041 1.187598
4042 1.187823
4043 1.187172
4044 1.187634
4045 1.187373
4046 1.186308
4047 1.185160
4048 1.185361
4049 1.184722
4050 1.185716
4051 1.185455
4052 1.186284
4053 1.187409
4054 1.187160
4055 1.186781
4056 1.185822
4057 1.184698
4058 1.185065
4059 1.183739
4060 1.183147
4061 1.184023
4062 1.182756
4063 1.181916
4064 1.183455
4065 1.184224
4066 1.185361
4067 1.184579
4068 1.184260
4069 1.185325
4070 1.183360
4071 1.182745
4072 1.182212
4073 1.180117
4074 1.180697
4075 1.182721
4076 1.182626
4077 1.183076
4078 1.183408
4079 1.184828
4080 1.185609
4081 1.185479
4082 1.185586
4083 1.186485
4084 1.186698
4085 1.185053
4086 1.185657
4087 1.184556
4088 1.183561
4089 1.183786
4090 1.184556
4091 1.183242
4092 1.181821
4093 1.183183
4094 1.183194
4095 1.182780
4096 1.181064
4097 1.180791
4098 1.180223
4099 1.179075
4100 1.178885
4101 1.180176
4102 1.181454
4103 1.181478
4104 1.180555
4105 1.179951
4106 1.179323
4107 1.178388
4108 1.179264
4109 1.178802
4110 1.178696
4111 1.178270
4112 1.178305
4113 1.179004
4114 1.178507
4115 1.177039
4116 1.178447
4117 1.179690
4118 1.179454
4119 1.178530
4120 1.179394
4121 1.180188
4122 1.181786
4123 1.181667
4124 1.181537
4125 1.182780
4126 1.183254
4127 1.183396
4128 1.183005
4129 1.183443
4130 1.184745
4131 1.184189
4132 1.184378
4133 1.185053
4134 1.186000
4135 1.184070
4136 1.184130
4137 1.183218
4138 1.184508
4139 1.183869
4140 1.183988
4141 1.182922
4142 1.183206
4143 1.182129
4144 1.183408
4145 1.183372
4146 1.183976
4147 1.183313
4148 1.183881
4149 1.184094
4150 1.184793
4151 1.183348
4152 1.182756
4153 1.182827
4154 1.184875
4155 1.185574
4156 1.184828
4157 1.182721
4158 1.180993
4159 1.181786
4160 1.180341
4161 1.181786
4162 1.180685
4163 1.181703
4164 1.180483
4165 1.181857
4166 1.181999
4167 1.180081
4168 1.178601
4169 1.179809
4170 1.180365
4171 1.180424
4172 1.180448
4173 1.181644
4174 1.180898
4175 1.181584
4176 1.181135
4177 1.179454
4178 1.179690
4179 1.180022
4180 1.179489
4181 1.181016
4182 1.180614
4183 1.180981
4184 1.180981
4185 1.182034
4186 1.181608
4187 1.181774
4188 1.181217
4189 1.181419
4190 1.181691
4191 1.182816
4192 1.182555
4193 1.181431
4194 1.180128
4195 1.179974
4196 1.180495
4197 1.179951
4198 1.178578
4199 1.178625
4200 1.178045
4201 1.177441
4202 1.178222
4203 1.177986
4204 1.178092
4205 1.177335
4206 1.176316
4207 1.176080
4208 1.175642
4209 1.177264
4210 1.178625
4211 1.179146
4212 1.180211
4213 1.178945
4214 1.179430
4215 1.178980
4216 1.178779
4217 1.180199
4218 1.179383
4219 1.179489
4220 1.178945
4221 1.179134
4222 1.177938
4223 1.177690
4224 1.178731
4225 1.179986
4226 1.180259
4227 1.180768
4228 1.181738
4229 1.181584
4230 1.180839
4231 1.180649
4232 1.180341
4233 1.181431
4234 1.182709
4235 1.183869
4236 1.185029
4237 1.186829
4238 1.187492
4239 1.187018
4240 1.186864
4241 1.186888
4242 1.186781
4243 1.187338
4244 1.188332
4245 1.189433
4246 1.188865
4247 1.189741
4248 1.189208
4249 1.190439
4250 1.191114
4251 1.190463
4252 1.190629
4253 1.190226
4254 1.191398
4255 1.191706
4256 1.191043
4257 1.190439
4258 1.189137
4259 1.189942
4260 1.189658
4261 1.188936
4262 1.188024
4263 1.188652
4264 1.187870
4265 1.188072
4266 1.187006
4267 1.187598
4268 1.186521
4269 1.186462
4270 1.186627
4271 1.186746
4272 1.185029
4273 1.186118
4274 1.184674
4275 1.184177
4276 1.185479
4277 1.184686
4278 1.184520
4279 1.183727
4280 1.184272
4281 1.184153
4282 1.184390
4283 1.184840
4284 1.183810
4285 1.183703
4286 1.182910
4287 1.181655
4288 1.181300
4289 1.181478
4290 1.182425
4291 1.182816
4292 1.182981
4293 1.182674
4294 1.183727
4295 1.184769
4296 1.185373
4297 1.185692
4298 1.185680
4299 1.186166
4300 1.186616
4301 1.188237
4302 1.188202
4303 1.188474
4304 1.188522
4305 1.188581
4306 1.189184
4307 1.188581
4308 1.186994
4309 1.186071
4310 1.185787
4311 1.186533
4312 1.186438
4313 1.185645
4314 1.186391
4315 1.185929
4316 1.186556
4317 1.186829
4318 1.187421
4319 1.187480
4320 1.188794
4321 1.187657
4322 1.187788
4323 1.187184
4324 1.185905
4325 1.185325
4326 1.185976
4327 1.187231
4328 1.186781
4329 1.187042
4330 1.186521
4331 1.186249
4332 1.187113
4333 1.187030
4334 1.187243
4335 1.187456
4336 1.187065
4337 1.187172
4338 1.187326
4339 1.188640
4340 1.190203
4341 1.190191
4342 1.190427
4343 1.188746
4344 1.188971
4345 1.187361
4346 1.187930
4347 1.187610
4348 1.187243
4349 1.187681
4350 1.186083
4351 1.185562
4352 1.186071
4353 1.185491
4354 1.185621
4355 1.186568
4356 1.187930
4357 1.187492
4358 1.187361
4359 1.187125
4360 1.186142
4361 1.186189
4362 1.184177
4363 1.183538
4364 1.183585
4365 1.183147
4366 1.183372
4367 1.182910
4368 1.183668
4369 1.183348
4370 1.183372
4371 1.184686
4372 1.184426
4373 1.184946
4374 1.184958
4375 1.185384
4376 1.186616
4377 1.187054
4378 1.186509
4379 1.185349
4380 1.186462
4381 1.186852
4382 1.186296
4383 1.185562
4384 1.187018
4385 1.185100
4386 1.184674
4387 1.184153
4388 1.184970
4389 1.185124
4390 1.184165
4391 1.184236
4392 1.184402
4393 1.185515
4394 1.184556
4395 1.183585
4396 1.183585
4397 1.183289
4398 1.183680
4399 1.183621
4400 1.183242
4401 1.182591
4402 1.182756
4403 1.182792
4404 1.180803
4405 1.179584
4406 1.179963
4407 1.180460
4408 1.179513
4409 1.180152
4410 1.181537
4411 1.181478
4412 1.181951
4413 1.181798
4414 1.181300
4415 1.180981
4416 1.180685
4417 1.179927
4418 1.180969
4419 1.181383
4420 1.182591
4421 1.183289
4422 1.184236
4423 1.183325
4424 1.183372
4425 1.184248
4426 1.184284
4427 1.185231
4428 1.185148
4429 1.184319
4430 1.184485
4431 1.184106
4432 1.184212
4433 1.184094
4434 1.184165
4435 1.182543
4436 1.183360
4437 1.184568
4438 1.184674
4439 1.183999
4440 1.183786
4441 1.184248
4442 1.184674
4443 1.184520
4444 1.184437
4445 1.182887
4446 1.182247
4447 1.182579
4448 1.183348
4449 1.183396
4450 1.182011
4451 1.180827
4452 1.181111
4453 1.181312
4454 1.181549
4455 1.183242
4456 1.184106
4457 1.184958
4458 1.185242
4459 1.185728
4460 1.187456
4461 1.188261
4462 1.188048
4463 1.188545
4464 1.188202
4465 1.187941
4466 1.187148
4467 1.185728
4468 1.185136
4469 1.185751
4470 1.186071
4471 1.186864
4472 1.186095
4473 1.185231
4474 1.186024
4475 1.187468
4476 1.186758
4477 1.185361
4478 1.185349
4479 1.186474
4480 1.186403
4481 1.187539
4482 1.188415
4483 1.188782
4484 1.188971
4485 1.188486
4486 1.186604
4487 1.186852
4488 1.187717
4489 1.187835
4490 1.187054
4491 1.186379
4492 1.185112
4493 1.184733
4494 1.183988
4495 1.184402
4496 1.182603
4497 1.181999
4498 1.181573
4499 1.182650
4500 1.184035
4501 1.183976


Active cycles: 2000
k_mean: 1.184351
k_stddev(cycle): 0.002926
k_stderr(mean): 0.000065
Reactivity(rho): 0.155656, Per Cent error compared to reference: -0.038589
Total Time: 159.300276seconds. Average: 0.035392 seconds per cycle.
