1 1.183810
2 0.189410
3 0.189410
4 0.201248
5 0.201248
6 0.201248
7 0.213086
8 0.213086
9 0.213086
10 0.213086
11 0.213086
12 0.248600
13 0.378819
14 0.485362
15 0.532714
16 0.556391
17 0.603743
18 0.674772
19 0.722124
20 0.793153
21 0.828667
22 0.840505
23 0.911534
24 0.923372
25 0.923372
26 0.935210
27 0.982562
28 0.272276
29 0.272276
30 0.272276
31 0.272276
32 0.272276
33 0.272276
34 0.272276
35 0.272276
36 0.284114
37 0.331467
38 0.331467
39 0.366981
40 0.390657
41 0.390657
42 0.449848
43 0.485362
44 0.556391
45 0.662934
46 0.662934
47 0.722124
48 0.733962
49 0.804991
50 0.816829
51 0.816829
52 0.840505
53 0.899696
54 0.911534
55 0.958886
56 0.615581
57 0.615581
58 0.615581
59 0.627419
60 0.627419
61 0.627419
62 0.627419
63 0.674772
64 0.710286
65 0.745800
66 0.769477
67 0.804991
68 0.852343
69 0.852343
70 0.852343
71 0.864181
72 0.887858
73 0.899696
74 0.958886
75 0.426172
76 0.426172
77 0.426172
78 0.426172
79 0.426172
80 0.426172
81 0.426172
82 0.426172
83 0.473524
84 0.473524
85 0.473524
86 0.497200
87 0.556391
88 0.603743
89 0.627419
90 0.651096
91 0.662934
92 0.710286
93 0.745800
94 0.804991
95 0.840505
96 0.887858
97 0.911534
98 0.935210
99 0.958886
100 0.520876
101 0.520876
102 0.520876
103 0.520876
104 0.520876
105 0.520876
106 0.520876
107 0.568229
108 0.568229
109 0.580067
110 0.580067
111 0.627419


Active cycles: 10
k_mean: 0.552839
k_stddev(cycle): 0.037456
k_stderr(mean): 0.011845
Reactivity(rho): -0.808844, Per Cent error compared to reference: 96.411386
Total Time: 1.915221seconds. Average: 0.017254 seconds per cycle.
