1 0.590070
2 1.080309
3 1.113883
4 1.130444
5 1.140026
6 1.151373
7 1.156887
8 1.163222
9 1.165656
10 1.169033
11 1.172781
12 1.174682
13 1.177100
14 1.178180
15 1.177377
16 1.177200
17 1.179512
18 1.178154
19 1.180078
20 1.181304
21 1.181860
22 1.179680
23 1.181610
24 1.181415
25 1.182058
26 1.181262
27 1.179390
28 1.180488
29 1.181994
30 1.181096
31 1.182260
32 1.182695
33 1.181574
34 1.183191
35 1.181046
36 1.182842
37 1.181891
38 1.182255
39 1.183575
40 1.182620
41 1.181330
42 1.181590
43 1.183932
44 1.181182
45 1.180834
46 1.182263
47 1.182310
48 1.181968
49 1.183835
50 1.182717
51 1.184033
52 1.184698
53 1.182197
54 1.185019
55 1.183415
56 1.183066
57 1.183747
58 1.184022
59 1.182094
60 1.182457
61 1.183105
62 1.182628
63 1.184041
64 1.181239
65 1.182532
66 1.181350
67 1.184212
68 1.183563
69 1.183110
70 1.184780
71 1.183172
72 1.181275
73 1.183516
74 1.182962
75 1.182904
76 1.183990
77 1.182545
78 1.183738
79 1.182664
80 1.183168
81 1.182904
82 1.182064
83 1.182890
84 1.185049
85 1.182985
86 1.184381
87 1.181303
88 1.182277
89 1.182872
90 1.181751
91 1.182755
92 1.182962
93 1.183663
94 1.182581
95 1.183873
96 1.183178
97 1.183306
98 1.182841
99 1.182353
100 1.182521
101 1.182890
102 1.183284
103 1.183135
104 1.183167
105 1.184385
106 1.183713
107 1.183162
108 1.183744
109 1.184626
110 1.183327
111 1.184053
112 1.182508
113 1.181850
114 1.183920
115 1.183748
116 1.183356
117 1.184266
118 1.181986
119 1.183428
120 1.183973
121 1.184644
122 1.183381
123 1.183651
124 1.185793
125 1.184503
126 1.184538
127 1.183830
128 1.182893
129 1.182502
130 1.184009
131 1.183707
132 1.184211
133 1.184044
134 1.183669
135 1.183907
136 1.184965
137 1.184315
138 1.183488
139 1.183371
140 1.183538
141 1.183416
142 1.183891
143 1.183009
144 1.180685
145 1.182881
146 1.182281
147 1.182587
148 1.181537
149 1.181694
150 1.183294
151 1.183466
152 1.183760
153 1.183929
154 1.183815
155 1.183024
156 1.182691
157 1.182924
158 1.184170
159 1.183254
160 1.182232
161 1.182129
162 1.183386
163 1.182500
164 1.182772
165 1.184621
166 1.183747
167 1.183925
168 1.185264
169 1.185040
170 1.183224
171 1.184223
172 1.184324
173 1.183472
174 1.183062
175 1.182901
176 1.183215
177 1.183676
178 1.183559
179 1.183557
180 1.183102
181 1.184124
182 1.183598
183 1.184476
184 1.183416
185 1.183132
186 1.183595
187 1.183406
188 1.182688
189 1.182509
190 1.183332
191 1.182948
192 1.184239
193 1.185003
194 1.182459
195 1.184160
196 1.184004
197 1.182888
198 1.184337
199 1.183816
200 1.184959
201 1.183420
202 1.184615
203 1.182615
204 1.183098
205 1.183004
206 1.184379
207 1.183934
208 1.184099
209 1.184544
210 1.183344
211 1.182779
212 1.184813
213 1.183576
214 1.183383
215 1.183370
216 1.183022
217 1.183033
218 1.182533
219 1.186449
220 1.182497
221 1.183399
222 1.184921
223 1.183972
224 1.183862
225 1.185224
226 1.183468
227 1.184506
228 1.185900
229 1.183608
230 1.182425
231 1.182682
232 1.183472
233 1.185256
234 1.183116
235 1.182300
236 1.182463
237 1.183797
238 1.184378
239 1.184436
240 1.183846
241 1.182871
242 1.183835
243 1.183479
244 1.182749
245 1.184195
246 1.183453
247 1.183361
248 1.184080
249 1.184869
250 1.183597
251 1.185009
252 1.185219
253 1.184367
254 1.184658
255 1.184505
256 1.184849
257 1.182513
258 1.184613
259 1.182659
260 1.183181
261 1.184699
262 1.182603
263 1.182457
264 1.182288
265 1.183433
266 1.184064
267 1.183046
268 1.185161
269 1.183778
270 1.184993
271 1.184077
272 1.183481
273 1.183501
274 1.184491
275 1.183838
276 1.184594
277 1.181831
278 1.182549
279 1.184001
280 1.184889
281 1.184125
282 1.183076
283 1.182377
284 1.184301
285 1.183472
286 1.183363
287 1.183684
288 1.183801
289 1.184189
290 1.183596
291 1.184527
292 1.184076
293 1.183480
294 1.183439
295 1.183383
296 1.182984
297 1.183050
298 1.182879
299 1.182545
300 1.183385
301 1.183098
302 1.182837
303 1.183379
304 1.184224
305 1.182220
306 1.183103
307 1.184268
308 1.182453
309 1.183755
310 1.184056
311 1.182635
312 1.182441
313 1.181957
314 1.182971
315 1.185088
316 1.183256
317 1.183469
318 1.183730
319 1.183594
320 1.182673
321 1.183908
322 1.183625
323 1.184259
324 1.182531
325 1.182799
326 1.183851
327 1.183523
328 1.182331
329 1.183500
330 1.184216
331 1.183157
332 1.183735
333 1.183445
334 1.184132
335 1.183715
336 1.183755
337 1.184750
338 1.184390
339 1.183599
340 1.184703
341 1.183267
342 1.182457
343 1.185187
344 1.184554
345 1.182104
346 1.183785
347 1.183455
348 1.184029
349 1.185360
350 1.183485
351 1.183538
352 1.184018
353 1.184836
354 1.183674
355 1.185236
356 1.183627
357 1.185048
358 1.184057
359 1.185394
360 1.183193
361 1.183437
362 1.182835
363 1.184034
364 1.182943
365 1.182736
366 1.181881
367 1.182790
368 1.183314
369 1.182644
370 1.184369
371 1.183371
372 1.183123
373 1.183191
374 1.185380
375 1.184431
376 1.184326
377 1.184832
378 1.186488
379 1.182711
380 1.184706
381 1.183064
382 1.182976
383 1.183674
384 1.182383
385 1.181667
386 1.184620
387 1.183479
388 1.185356
389 1.182255
390 1.183646
391 1.183250
392 1.182809
393 1.181973
394 1.185741
395 1.182897
396 1.182267
397 1.184335
398 1.182834
399 1.183510
400 1.183094
401 1.182825
402 1.184523
403 1.184857
404 1.186313
405 1.183039
406 1.183267
407 1.183597
408 1.183232
409 1.183367
410 1.185004
411 1.183498
412 1.184449
413 1.182673
414 1.185430
415 1.182792
416 1.183162
417 1.184271
418 1.183404
419 1.182162
420 1.182078
421 1.183944
422 1.183123
423 1.184109
424 1.183650
425 1.184336
426 1.184307
427 1.185519
428 1.184199
429 1.185082
430 1.183843
431 1.184192
432 1.184660
433 1.184429
434 1.183938
435 1.184017
436 1.183386
437 1.182567
438 1.184467
439 1.184209
440 1.183667
441 1.183863
442 1.185477
443 1.185385
444 1.183461
445 1.184591
446 1.183498
447 1.185116
448 1.183557
449 1.183726
450 1.183876
451 1.184235
452 1.183748
453 1.184443
454 1.182409
455 1.183949
456 1.182686
457 1.186520
458 1.183862
459 1.184183
460 1.183511
461 1.182422
462 1.183467
463 1.183175
464 1.183247
465 1.185003
466 1.185519
467 1.183763
468 1.184489
469 1.184145
470 1.184150
471 1.182539
472 1.183006
473 1.183641
474 1.185686
475 1.183681
476 1.183709
477 1.183554
478 1.183398
479 1.182441
480 1.183854
481 1.184534
482 1.183877
483 1.182525
484 1.182549
485 1.183183
486 1.182958
487 1.183630
488 1.184801
489 1.184820
490 1.184764
491 1.182829
492 1.184358
493 1.185474
494 1.183136
495 1.183616
496 1.183311
497 1.184766
498 1.183980
499 1.184052
500 1.183558
501 1.184984


Active cycles: 200
k_mean: 1.183750
k_stddev(cycle): 0.000943
k_stderr(mean): 0.000067
Difference with the reference K: -0.000060, Per cent error: -0.005075
Reactivity(rho): 0.155227, pcm difference: -4.287256
Total Time: 394.757079seconds. Average: 0.787938 seconds per cycle.
