1 0.989512
2 0.984398
3 0.982840
4 0.983194
5 0.983806
6 0.983552
7 0.983180
8 0.982176
9 0.981278
10 0.979782
11 0.978794
12 0.977946
13 0.976460
14 0.975148
15 0.974828
16 0.973716
17 0.972656
18 0.972032
19 0.972202
20 0.972200
21 0.972528
22 0.972262
23 0.973034
24 0.973230
25 0.974034
26 0.975140
27 0.976288
28 0.977524
29 0.978390
30 0.979338
31 0.980778
32 0.982430
33 0.984106
34 0.985582
35 0.987096
36 0.988356
37 0.989866
38 0.990694
39 0.992194
40 0.993572
41 0.995084
42 0.996096
43 0.997226
44 0.999190
45 1.000776
46 1.002640
47 1.004284
48 1.006004
49 1.007322
50 1.009680
51 1.011338
52 1.013058
53 1.014722
54 1.017114
55 1.018954
56 1.020762
57 1.022886
58 1.024800
59 1.026472
60 1.028170
61 1.029818
62 1.031780
63 1.033462
64 1.034318
65 1.036630
66 1.037166
67 1.038758
68 1.040410
69 1.042430
70 1.044314
71 1.046052
72 1.048048
73 1.050308
74 1.051866
75 1.053626
76 1.055814
77 1.056884
78 1.058692
79 1.061046
80 1.062888
81 1.064500
82 1.066104
83 1.068232
84 1.070304
85 1.071794
86 1.073208
87 1.074824
88 1.076900
89 1.077682
90 1.079796
91 1.080678
92 1.082360
93 1.083484
94 1.085318
95 1.086304
96 1.087522
97 1.088708
98 1.090180
99 1.090808
100 1.092122
101 1.093446
102 1.094628
103 1.095370
104 1.095826
105 1.097604
106 1.098814
107 1.100020
108 1.101372
109 1.102410
110 1.104406
111 1.105700
112 1.106476
113 1.107934
114 1.108658
115 1.109754
116 1.111012
117 1.112042
118 1.113192
119 1.114648
120 1.115812
121 1.116172
122 1.116928
123 1.117402
124 1.118344
125 1.119538
126 1.120006
127 1.120694
128 1.121688
129 1.122926
130 1.123166
131 1.124716
132 1.125302
133 1.125838
134 1.126142
135 1.126628
136 1.127512
137 1.128002
138 1.128642
139 1.129528
140 1.130790
141 1.131596
142 1.132268
143 1.133284
144 1.133802
145 1.134496
146 1.135032
147 1.135862
148 1.136734
149 1.137734
150 1.137972
151 1.138390
152 1.138880
153 1.139836
154 1.140156
155 1.140368
156 1.140914
157 1.141236
158 1.142574
159 1.143260
160 1.143538
161 1.143906
162 1.144552
163 1.145016
164 1.145284
165 1.145578
166 1.145718
167 1.146556
168 1.147062
169 1.148292
170 1.148828
171 1.148492
172 1.148456
173 1.148842
174 1.149302
175 1.149930
176 1.150822
177 1.151324
178 1.151480
179 1.151946
180 1.152384
181 1.152912
182 1.153004
183 1.152530
184 1.152576
185 1.152894
186 1.153014
187 1.153722
188 1.154992
189 1.155308
190 1.155320
191 1.155660
192 1.155832
193 1.156662
194 1.157126
195 1.157810
196 1.157968
197 1.158374
198 1.159186
199 1.159636
200 1.159036
201 1.159154
202 1.159858
203 1.160088
204 1.160554
205 1.160394
206 1.160420
207 1.160238
208 1.160778
209 1.161242
210 1.160596
211 1.160588
212 1.161690
213 1.161388
214 1.162272
215 1.162278
216 1.162464
217 1.162552
218 1.162230
219 1.161808
220 1.161750
221 1.162140
222 1.162662
223 1.162776
224 1.162732
225 1.163188
226 1.163272
227 1.163448
228 1.163430
229 1.163998
230 1.164696
231 1.163896
232 1.163750
233 1.163850
234 1.163926
235 1.164226
236 1.164064
237 1.164326
238 1.164656
239 1.166076
240 1.165984
241 1.166506
242 1.166434
243 1.166838
244 1.166994
245 1.167358
246 1.167304
247 1.167268
248 1.167692
249 1.168252
250 1.168864
251 1.169382
252 1.168926
253 1.168418
254 1.168382
255 1.168354
256 1.168674
257 1.167886
258 1.168048
259 1.168132
260 1.167798
261 1.167934
262 1.168588
263 1.168634
264 1.168650
265 1.168236
266 1.168742
267 1.169004
268 1.169108
269 1.169342
270 1.169112
271 1.169256
272 1.169366
273 1.168860
274 1.169052
275 1.168704
276 1.169070
277 1.168418
278 1.168136
279 1.168510
280 1.168532
281 1.168418
282 1.169100
283 1.168848
284 1.168610
285 1.168418
286 1.168612
287 1.169228
288 1.169238
289 1.170108
290 1.170292
291 1.170574
292 1.170518
293 1.171218
294 1.171644
295 1.171544
296 1.171458
297 1.171550
298 1.172210
299 1.171666
300 1.171770
301 1.172262
302 1.172306
303 1.172502
304 1.172674
305 1.171938
306 1.171866
307 1.172126
308 1.172288
309 1.171854
310 1.171688
311 1.171668
312 1.171660
313 1.171542
314 1.171652
315 1.171462
316 1.171606
317 1.171782
318 1.171828
319 1.171418
320 1.171586
321 1.171842
322 1.171700
323 1.171602
324 1.171994
325 1.172436
326 1.171886
327 1.171832
328 1.171450
329 1.171894
330 1.171842
331 1.171816
332 1.171450
333 1.172380
334 1.172906
335 1.173174
336 1.173782
337 1.173964
338 1.173800
339 1.173908
340 1.174352
341 1.174550
342 1.174822
343 1.175498
344 1.175686
345 1.176144
346 1.176438
347 1.175908
348 1.175598
349 1.175476
350 1.175506
351 1.174960
352 1.175350
353 1.176228
354 1.176232
355 1.176446
356 1.176656
357 1.176780
358 1.176470
359 1.176618
360 1.176576
361 1.176812
362 1.177792
363 1.178168
364 1.177656
365 1.177428
366 1.177046
367 1.176442
368 1.176872
369 1.177094
370 1.177150
371 1.177550
372 1.177574
373 1.177722
374 1.177380
375 1.177412
376 1.176888
377 1.176670
378 1.176798
379 1.177362
380 1.177056
381 1.177524
382 1.177822
383 1.177618
384 1.177440
385 1.177644
386 1.178688
387 1.178910
388 1.179586
389 1.179700
390 1.179476
391 1.179704
392 1.179786
393 1.179926
394 1.179998
395 1.179180
396 1.179376
397 1.179774
398 1.179636
399 1.179498
400 1.179534
401 1.179474
402 1.179116
403 1.178970
404 1.178822
405 1.178318
406 1.178330
407 1.178162
408 1.178088
409 1.177780
410 1.178796
411 1.178740
412 1.178958
413 1.178650
414 1.178352
415 1.178172
416 1.178320
417 1.177936
418 1.177594
419 1.177158
420 1.177154
421 1.177596
422 1.177352
423 1.177124
424 1.177458
425 1.177610
426 1.177868
427 1.177978
428 1.177774
429 1.177386
430 1.176904
431 1.176454
432 1.176818
433 1.177246
434 1.177552
435 1.178216
436 1.178500
437 1.178354
438 1.178442
439 1.178596
440 1.178190
441 1.178448
442 1.178832
443 1.178562
444 1.178062
445 1.178412
446 1.178552
447 1.177790
448 1.177226
449 1.176510
450 1.176872
451 1.176520
452 1.176190
453 1.176836
454 1.177116
455 1.177444
456 1.176882
457 1.176748
458 1.176648
459 1.176382
460 1.177294
461 1.177266
462 1.176976
463 1.176472
464 1.176402
465 1.176110
466 1.177048
467 1.177608
468 1.177206
469 1.178208
470 1.178156
471 1.178074
472 1.177898
473 1.177892
474 1.177758
475 1.178110
476 1.177220
477 1.177406
478 1.178118
479 1.177802
480 1.177696
481 1.178120
482 1.178942
483 1.178846
484 1.178294
485 1.178234
486 1.177834
487 1.177690
488 1.177560
489 1.177658
490 1.177832
491 1.177900
492 1.178608
493 1.178292
494 1.177850
495 1.178614
496 1.177956
497 1.178368
498 1.178006
499 1.178436
500 1.178694
501 1.178452
502 1.178674
503 1.178678
504 1.178664
505 1.178500
506 1.178918
507 1.178768
508 1.178662
509 1.178734
510 1.178258
511 1.178840
512 1.178940
513 1.178734
514 1.179150
515 1.178550
516 1.178720
517 1.178934
518 1.179554
519 1.179556
520 1.179528
521 1.179180
522 1.178912
523 1.178678
524 1.178438
525 1.178276
526 1.179294
527 1.179548
528 1.178762
529 1.178226
530 1.178394
531 1.178978
532 1.179284
533 1.178908
534 1.177828
535 1.178422
536 1.179018
537 1.178960
538 1.178722
539 1.178164
540 1.177434
541 1.178802
542 1.178824
543 1.178426
544 1.178172
545 1.178472
546 1.178218
547 1.178228
548 1.178652
549 1.179290
550 1.179320
551 1.179128
552 1.179740
553 1.180052
554 1.179920
555 1.179130
556 1.178792
557 1.178918
558 1.179134
559 1.179466
560 1.179264
561 1.179456
562 1.180022
563 1.180238
564 1.179810
565 1.179322
566 1.179740
567 1.180432
568 1.179948
569 1.179740
570 1.180230
571 1.179900
572 1.179742
573 1.179430
574 1.179902
575 1.179940
576 1.180296
577 1.179912
578 1.179954
579 1.180066
580 1.180376
581 1.180790
582 1.180484
583 1.180832
584 1.181466
585 1.181612
586 1.181970
587 1.181312
588 1.180782
589 1.181154
590 1.181238
591 1.181510
592 1.181804
593 1.181344
594 1.181138
595 1.181208
596 1.181338
597 1.181282
598 1.181040
599 1.181500
600 1.181734
601 1.181502
602 1.181106
603 1.180580
604 1.180916
605 1.180946
606 1.180328
607 1.180262
608 1.180520
609 1.179646
610 1.179318
611 1.179752
612 1.179860
613 1.180158
614 1.180426
615 1.181182
616 1.181032
617 1.181506
618 1.181232
619 1.181358
620 1.181442
621 1.181650
622 1.181628
623 1.181442
624 1.181842
625 1.181792
626 1.181688
627 1.181094
628 1.181764
629 1.181944
630 1.182372
631 1.182336
632 1.182262
633 1.182402
634 1.182786
635 1.182998
636 1.183262
637 1.182288
638 1.181660
639 1.181964
640 1.181390
641 1.182350
642 1.182428
643 1.183090
644 1.182764
645 1.182970
646 1.183150
647 1.183034
648 1.182920
649 1.183004
650 1.182588
651 1.183192
652 1.182762
653 1.182852
654 1.182724
655 1.182788
656 1.183078
657 1.182920
658 1.183216
659 1.182942
660 1.182842
661 1.183022
662 1.183508
663 1.184048
664 1.183808
665 1.184012
666 1.183432
667 1.183334
668 1.183664
669 1.183326
670 1.182806
671 1.182722
672 1.182590
673 1.183230
674 1.182702
675 1.182628
676 1.182938
677 1.182656
678 1.182718
679 1.182604
680 1.182484
681 1.182430
682 1.182488
683 1.182966
684 1.182468
685 1.182816
686 1.183648
687 1.183652
688 1.183704
689 1.183808
690 1.183386
691 1.183000
692 1.182884
693 1.182812
694 1.182796
695 1.182796
696 1.182636
697 1.183352
698 1.183726
699 1.183904
700 1.183480
701 1.183482
702 1.183076
703 1.183314
704 1.183160
705 1.183094
706 1.182328
707 1.182092
708 1.182384
709 1.182632
710 1.182022
711 1.181584
712 1.181214
713 1.181244
714 1.181518
715 1.181298
716 1.181480
717 1.181854
718 1.181462
719 1.181276
720 1.181144
721 1.181524
722 1.181526
723 1.181690
724 1.181498
725 1.181458
726 1.181274
727 1.180646
728 1.180410
729 1.180440
730 1.179482
731 1.178964
732 1.179384
733 1.180004
734 1.180020
735 1.180010
736 1.179580
737 1.179716
738 1.179676
739 1.179748
740 1.179756
741 1.178988
742 1.178530
743 1.178640
744 1.178594
745 1.178052
746 1.178152
747 1.178006
748 1.177526
749 1.178184
750 1.178374
751 1.178690
752 1.179060
753 1.179532
754 1.179558
755 1.179932
756 1.180074
757 1.179454
758 1.179628
759 1.179880
760 1.180374
761 1.180096
762 1.180806
763 1.180940
764 1.180256
765 1.180158
766 1.180236
767 1.180208
768 1.180508
769 1.180816
770 1.181206
771 1.181606
772 1.182086
773 1.182242
774 1.182350
775 1.182140
776 1.182416
777 1.182840
778 1.182320
779 1.182556
780 1.182302
781 1.182612
782 1.182606
783 1.182774
784 1.182098
785 1.182182
786 1.182108
787 1.182468
788 1.182794
789 1.183258
790 1.182964
791 1.183742
792 1.183470
793 1.183232
794 1.183074
795 1.183686
796 1.183880
797 1.183820
798 1.183496
799 1.183392
800 1.183436
801 1.182840
802 1.182614
803 1.182622
804 1.182780
805 1.182144
806 1.181586
807 1.181218
808 1.180936
809 1.181092
810 1.181084
811 1.180018
812 1.180536
813 1.180768
814 1.180830
815 1.181106
816 1.181188
817 1.181658
818 1.181674
819 1.181714
820 1.181214
821 1.181238
822 1.181214
823 1.181012
824 1.180932
825 1.180232
826 1.179666
827 1.179734
828 1.178738
829 1.178930
830 1.178926
831 1.179154
832 1.179310
833 1.179288
834 1.178730
835 1.179126
836 1.180068
837 1.179998
838 1.179924
839 1.179938
840 1.179950
841 1.179704
842 1.180436
843 1.181144
844 1.180860
845 1.181198
846 1.182012
847 1.181512
848 1.181710
849 1.181620
850 1.180818
851 1.180706
852 1.180084
853 1.180480
854 1.180086
855 1.179622
856 1.179612
857 1.179298
858 1.179562
859 1.179674
860 1.179880
861 1.180242
862 1.179474
863 1.179762
864 1.179732
865 1.180036
866 1.180520
867 1.180074
868 1.179810
869 1.180036
870 1.180406
871 1.180794
872 1.181042
873 1.181616
874 1.181526
875 1.181302
876 1.181204
877 1.180744
878 1.180702
879 1.180046
880 1.179960
881 1.180262
882 1.180820
883 1.180352
884 1.180160
885 1.180358
886 1.180720
887 1.180446
888 1.180500
889 1.181098
890 1.180822
891 1.180548
892 1.180470
893 1.180760
894 1.181704
895 1.181734
896 1.181404
897 1.181226
898 1.181740
899 1.182108
900 1.181642
901 1.181728
902 1.181476
903 1.181652
904 1.182180
905 1.181722
906 1.181522
907 1.182088
908 1.182404
909 1.182084
910 1.181984
911 1.181328
912 1.181394
913 1.181282
914 1.181394
915 1.181902
916 1.181740
917 1.181744
918 1.182340
919 1.182410
920 1.182684
921 1.182684
922 1.183178
923 1.183348
924 1.183552
925 1.183496
926 1.183430
927 1.182762
928 1.182640
929 1.182398
930 1.182382
931 1.181992
932 1.181896
933 1.182142
934 1.182336
935 1.182006
936 1.182004
937 1.182766
938 1.182300
939 1.182400
940 1.182662
941 1.182572
942 1.182460
943 1.182134
944 1.182292
945 1.182260
946 1.182210
947 1.182440
948 1.181854
949 1.181644
950 1.182014
951 1.181866
952 1.181898
953 1.181834
954 1.181908
955 1.181952
956 1.182034
957 1.181578
958 1.181710
959 1.181634
960 1.181936
961 1.182560
962 1.182338
963 1.181638
964 1.180640
965 1.181334
966 1.180600
967 1.180720
968 1.180478
969 1.180848
970 1.181154
971 1.180950
972 1.181348
973 1.181264
974 1.181818
975 1.181862
976 1.181572
977 1.182374
978 1.182218
979 1.181938
980 1.181848
981 1.181790
982 1.182120
983 1.181912
984 1.181890
985 1.181712
986 1.181134
987 1.181276
988 1.180978
989 1.180842
990 1.181358
991 1.181086
992 1.181450
993 1.181456
994 1.181366
995 1.181802
996 1.182314
997 1.182124
998 1.181374
999 1.181166
1000 1.181250
1001 1.181278
1002 1.181330
1003 1.180772
1004 1.180422
1005 1.180838
1006 1.180866
1007 1.180950
1008 1.180932
1009 1.181192
1010 1.181210
1011 1.181206
1012 1.181466
1013 1.181390
1014 1.181536
1015 1.181880
1016 1.181482
1017 1.181000
1018 1.181010
1019 1.181432
1020 1.181628
1021 1.181818
1022 1.182120
1023 1.181600
1024 1.181830
1025 1.181622
1026 1.180740
1027 1.181324
1028 1.181306
1029 1.181112
1030 1.181510
1031 1.180772
1032 1.180888
1033 1.180620
1034 1.180806
1035 1.180436
1036 1.180396
1037 1.180744
1038 1.180792
1039 1.179902
1040 1.179762
1041 1.179454
1042 1.179776
1043 1.179646
1044 1.180346
1045 1.180126
1046 1.180028
1047 1.180040
1048 1.180194
1049 1.180794
1050 1.181034
1051 1.181168
1052 1.181294
1053 1.181476
1054 1.181330
1055 1.181564
1056 1.182120
1057 1.182338
1058 1.182164
1059 1.181706
1060 1.181664
1061 1.181022
1062 1.181026
1063 1.180506
1064 1.179896
1065 1.179864
1066 1.180206
1067 1.180150
1068 1.180108
1069 1.180440
1070 1.179964
1071 1.180172
1072 1.179920
1073 1.180200
1074 1.180308
1075 1.180142
1076 1.179992
1077 1.180166
1078 1.180172
1079 1.180810
1080 1.181286
1081 1.180956
1082 1.181208
1083 1.182008
1084 1.181334
1085 1.181280
1086 1.181002
1087 1.180376
1088 1.180176
1089 1.180012
1090 1.179226
1091 1.179510
1092 1.179294
1093 1.179414
1094 1.179750
1095 1.179360
1096 1.179550
1097 1.179952
1098 1.180360
1099 1.180194
1100 1.179824
1101 1.179456
1102 1.179432
1103 1.179526
1104 1.179068
1105 1.178860
1106 1.178936
1107 1.179340
1108 1.179348
1109 1.179348
1110 1.179718
1111 1.179582
1112 1.179630
1113 1.179440
1114 1.179396
1115 1.179582
1116 1.179170
1117 1.179958
1118 1.179714
1119 1.180042
1120 1.179822
1121 1.179982
1122 1.180256
1123 1.179694
1124 1.179818
1125 1.180180
1126 1.180252
1127 1.180970
1128 1.180712
1129 1.181110
1130 1.181332
1131 1.181826
1132 1.181794
1133 1.181844
1134 1.181830
1135 1.181648
1136 1.181240
1137 1.181524
1138 1.182124
1139 1.182532
1140 1.182642
1141 1.182186
1142 1.182404
1143 1.182470
1144 1.182154
1145 1.182116
1146 1.182546
1147 1.182106
1148 1.181812
1149 1.182472
1150 1.181654
1151 1.182012
1152 1.182818
1153 1.182964
1154 1.182972
1155 1.182922
1156 1.182774
1157 1.182932
1158 1.182436
1159 1.182360
1160 1.182844
1161 1.182714
1162 1.182850
1163 1.182786
1164 1.182698
1165 1.182650
1166 1.182634
1167 1.182636
1168 1.182742
1169 1.182320
1170 1.182300
1171 1.182514
1172 1.182834
1173 1.183064
1174 1.183312
1175 1.182948
1176 1.182870
1177 1.182602
1178 1.183052
1179 1.183432
1180 1.183114
1181 1.183610
1182 1.183758
1183 1.183436
1184 1.183124
1185 1.183052
1186 1.182756
1187 1.183410
1188 1.183528
1189 1.183664
1190 1.183364
1191 1.183076
1192 1.182728
1193 1.182804
1194 1.182656
1195 1.182858
1196 1.182924
1197 1.183250
1198 1.182932
1199 1.183414
1200 1.183186
1201 1.183474
1202 1.183560
1203 1.183366
1204 1.183194
1205 1.182994
1206 1.182202
1207 1.181978
1208 1.182338
1209 1.182600
1210 1.182722
1211 1.183280
1212 1.183018
1213 1.182612
1214 1.182088
1215 1.182660
1216 1.183306
1217 1.183602
1218 1.183398
1219 1.183806
1220 1.183704
1221 1.183474
1222 1.183478
1223 1.183666
1224 1.183616
1225 1.184078
1226 1.183708
1227 1.184168
1228 1.184284
1229 1.184482
1230 1.184138
1231 1.184234
1232 1.184094
1233 1.184268
1234 1.184110
1235 1.183904
1236 1.184090
1237 1.184252
1238 1.184582
1239 1.184036
1240 1.183446
1241 1.183544
1242 1.183938
1243 1.183712
1244 1.183548
1245 1.183642
1246 1.183554
1247 1.183426
1248 1.182698
1249 1.182454
1250 1.182020
1251 1.181830
1252 1.181614
1253 1.181294
1254 1.181106
1255 1.181006
1256 1.181026
1257 1.180744
1258 1.180408
1259 1.180298
1260 1.181088
1261 1.180954
1262 1.180638
1263 1.180418
1264 1.180904
1265 1.181654
1266 1.181712
1267 1.182002
1268 1.180988
1269 1.180884
1270 1.180396
1271 1.180098
1272 1.181008
1273 1.180750
1274 1.180522
1275 1.181088
1276 1.180836
1277 1.180882
1278 1.180712
1279 1.180356
1280 1.180126
1281 1.179956
1282 1.179662
1283 1.179076
1284 1.179086
1285 1.178846
1286 1.179034
1287 1.179124
1288 1.179526
1289 1.179238
1290 1.179094
1291 1.179498
1292 1.179628
1293 1.180030
1294 1.179942
1295 1.180100
1296 1.180492
1297 1.180680
1298 1.181310
1299 1.181540
1300 1.181082
1301 1.180730
1302 1.181072
1303 1.180968
1304 1.180486
1305 1.180632
1306 1.179208
1307 1.179540
1308 1.179336
1309 1.179314
1310 1.179268
1311 1.179868
1312 1.180030
1313 1.180062
1314 1.180200
1315 1.180876
1316 1.181066
1317 1.181270
1318 1.181172
1319 1.181108
1320 1.181352
1321 1.180586
1322 1.181184
1323 1.181688
1324 1.182278
1325 1.182108
1326 1.182030
1327 1.182810
1328 1.182716
1329 1.182838
1330 1.182236
1331 1.183028
1332 1.182540
1333 1.182618
1334 1.182588
1335 1.181524
1336 1.181664
1337 1.182142
1338 1.182464
1339 1.182082
1340 1.181578
1341 1.181802
1342 1.181878
1343 1.181258
1344 1.181610
1345 1.181898
1346 1.181440
1347 1.181120
1348 1.180552
1349 1.180740
1350 1.180388
1351 1.180314
1352 1.179880
1353 1.179848
1354 1.179962
1355 1.180344
1356 1.180378
1357 1.180980
1358 1.180574
1359 1.181300
1360 1.180870
1361 1.181540
1362 1.182504
1363 1.182094
1364 1.181620
1365 1.181676
1366 1.182050
1367 1.182314
1368 1.182996
1369 1.182938
1370 1.182524
1371 1.182184
1372 1.182224
1373 1.182036
1374 1.181994
1375 1.182118
1376 1.182830
1377 1.182330
1378 1.182466
1379 1.182626
1380 1.182318
1381 1.182362
1382 1.182262
1383 1.181658
1384 1.182156
1385 1.182546
1386 1.182448
1387 1.181924
1388 1.181956
1389 1.181916
1390 1.181708
1391 1.181806
1392 1.181874
1393 1.182592
1394 1.182554
1395 1.182178
1396 1.182274
1397 1.182632
1398 1.182728
1399 1.182990
1400 1.182484
1401 1.182858
1402 1.182612
1403 1.182068
1404 1.182440
1405 1.182582
1406 1.182670
1407 1.182364
1408 1.182844
1409 1.182734
1410 1.182612
1411 1.182418
1412 1.182156
1413 1.182744
1414 1.182716
1415 1.182890
1416 1.183318
1417 1.182904
1418 1.182658
1419 1.182590
1420 1.182720
1421 1.182708
1422 1.183080
1423 1.183346
1424 1.182608
1425 1.182248
1426 1.182002
1427 1.182030
1428 1.181752
1429 1.182078
1430 1.182688
1431 1.182694
1432 1.182418
1433 1.182698
1434 1.183232
1435 1.182874
1436 1.183500
1437 1.183452
1438 1.183464
1439 1.183630
1440 1.183600
1441 1.183308
1442 1.183476
1443 1.183530
1444 1.183164
1445 1.182886
1446 1.182850
1447 1.182640
1448 1.182150
1449 1.181790
1450 1.181866
1451 1.181646
1452 1.182066
1453 1.182578
1454 1.182462
1455 1.182428
1456 1.182348
1457 1.182148
1458 1.182638
1459 1.182658
1460 1.182542
1461 1.182060
1462 1.181940
1463 1.182462
1464 1.183070
1465 1.182838
1466 1.183118
1467 1.183548
1468 1.183488
1469 1.183664
1470 1.183710
1471 1.183198
1472 1.183560
1473 1.183548
1474 1.183534
1475 1.183034
1476 1.183092
1477 1.183072
1478 1.183110
1479 1.183326
1480 1.182424
1481 1.182530
1482 1.182946
1483 1.183478
1484 1.182900
1485 1.183204
1486 1.183270
1487 1.183842
1488 1.184038
1489 1.183676
1490 1.184110
1491 1.184282
1492 1.183910
1493 1.184094
1494 1.184674
1495 1.184274
1496 1.184166
1497 1.183252
1498 1.183336
1499 1.182716
1500 1.182728
1501 1.183060
1502 1.183420
1503 1.183904
1504 1.184266
1505 1.184040
1506 1.184092
1507 1.183590
1508 1.183672
1509 1.183404
1510 1.183178
1511 1.181986
1512 1.182008
1513 1.182066
1514 1.181930
1515 1.181884
1516 1.181662
1517 1.181440
1518 1.181540
1519 1.182194
1520 1.183110
1521 1.182490
1522 1.182824
1523 1.183098
1524 1.183156
1525 1.183008
1526 1.183842
1527 1.184046
1528 1.184394
1529 1.184984
1530 1.184636
1531 1.184836
1532 1.185274
1533 1.184918
1534 1.184808
1535 1.184626
1536 1.184442
1537 1.184714
1538 1.183828
1539 1.183426
1540 1.183378
1541 1.183734
1542 1.183206
1543 1.182416
1544 1.182132
1545 1.182530
1546 1.183002
1547 1.182898
1548 1.183304
1549 1.183244
1550 1.183440
1551 1.183458
1552 1.184038
1553 1.184120
1554 1.184170
1555 1.184328
1556 1.184272
1557 1.184076
1558 1.184144
1559 1.183974
1560 1.183912
1561 1.183256
1562 1.183674
1563 1.183732
1564 1.183934
1565 1.183956
1566 1.183552
1567 1.183294
1568 1.182774
1569 1.183224
1570 1.183098
1571 1.182858
1572 1.183038
1573 1.183044
1574 1.182860
1575 1.182892
1576 1.183068
1577 1.182890
1578 1.183166
1579 1.183614
1580 1.183654
1581 1.183852
1582 1.184042
1583 1.184500
1584 1.184598
1585 1.184324
1586 1.184568
1587 1.184254
1588 1.183738
1589 1.182964
1590 1.182834
1591 1.182356
1592 1.182216
1593 1.181950
1594 1.181780
1595 1.181782
1596 1.181856
1597 1.181754
1598 1.181706
1599 1.181892
1600 1.182662
1601 1.182492
1602 1.182454
1603 1.182392
1604 1.181952
1605 1.182084
1606 1.181954
1607 1.181694
1608 1.181150
1609 1.180866
1610 1.180526
1611 1.181330
1612 1.182266
1613 1.182062
1614 1.181722
1615 1.181850
1616 1.181578
1617 1.181884
1618 1.181658
1619 1.182414
1620 1.182772
1621 1.182494
1622 1.182406
1623 1.182024
1624 1.181916
1625 1.181972
1626 1.181854
1627 1.182478
1628 1.183344
1629 1.183056
1630 1.182694
1631 1.182896
1632 1.182934
1633 1.183472
1634 1.182696
1635 1.182822
1636 1.182868
1637 1.183564
1638 1.183988
1639 1.183920
1640 1.184422
1641 1.183808
1642 1.183266
1643 1.184074
1644 1.184152
1645 1.184046
1646 1.183798
1647 1.183462
1648 1.182740
1649 1.181702
1650 1.181186
1651 1.181302
1652 1.181366
1653 1.180862
1654 1.181410
1655 1.181498
1656 1.181510
1657 1.181918
1658 1.181502
1659 1.181544
1660 1.181734
1661 1.181378
1662 1.181692
1663 1.181968
1664 1.181502
1665 1.181284
1666 1.181444
1667 1.181208
1668 1.181058
1669 1.180226
1670 1.180512
1671 1.180644
1672 1.181444
1673 1.181612
1674 1.182190
1675 1.182450
1676 1.182604
1677 1.182778
1678 1.182552
1679 1.183172
1680 1.183292
1681 1.183804
1682 1.183648
1683 1.183468
1684 1.183732
1685 1.183328
1686 1.182524
1687 1.181924
1688 1.181152
1689 1.181598
1690 1.181296
1691 1.181534
1692 1.181054
1693 1.181432
1694 1.181448
1695 1.181554
1696 1.181466
1697 1.181632
1698 1.181184
1699 1.181532
1700 1.182078
1701 1.181682
1702 1.182222
1703 1.182062
1704 1.181910
1705 1.182510
1706 1.182932
1707 1.182810
1708 1.182842
1709 1.183344
1710 1.183512
1711 1.183070
1712 1.183438
1713 1.183368
1714 1.183334
1715 1.182840
1716 1.183156
1717 1.183460
1718 1.182954
1719 1.182904
1720 1.182352
1721 1.182776
1722 1.182512
1723 1.182146
1724 1.181938
1725 1.182342
1726 1.182832
1727 1.182212
1728 1.181862
1729 1.181732
1730 1.181786
1731 1.182096
1732 1.182160
1733 1.182098
1734 1.182380
1735 1.182862
1736 1.183296
1737 1.183510
1738 1.183516
1739 1.183192
1740 1.182422
1741 1.182864
1742 1.182664
1743 1.182960
1744 1.183198
1745 1.183394
1746 1.183500
1747 1.183468
1748 1.183300
1749 1.183760
1750 1.184136
1751 1.184374
1752 1.184316
1753 1.183474
1754 1.183262
1755 1.182338
1756 1.182318
1757 1.182424
1758 1.182026
1759 1.182200
1760 1.181954
1761 1.182052
1762 1.182228
1763 1.182732
1764 1.182396
1765 1.181624
1766 1.181194
1767 1.182010
1768 1.182054
1769 1.181970
1770 1.182314
1771 1.181968
1772 1.181998
1773 1.181550
1774 1.181606
1775 1.181848
1776 1.181340
1777 1.180910
1778 1.180842
1779 1.180536
1780 1.180286
1781 1.179598
1782 1.179708
1783 1.180602
1784 1.180572
1785 1.180854
1786 1.181234
1787 1.182364
1788 1.181704
1789 1.182302
1790 1.182442
1791 1.182274
1792 1.182682
1793 1.183154
1794 1.183374
1795 1.183746
1796 1.183428
1797 1.183316
1798 1.183014
1799 1.182836
1800 1.183138
1801 1.183150
1802 1.183304
1803 1.183394
1804 1.183552
1805 1.183448
1806 1.183738
1807 1.183794
1808 1.184540
1809 1.183796
1810 1.183830
1811 1.183888
1812 1.183858
1813 1.184958
1814 1.184826
1815 1.184754
1816 1.184928
1817 1.184388
1818 1.184790
1819 1.184190
1820 1.183572
1821 1.182908
1822 1.183264
1823 1.183418
1824 1.183584
1825 1.183512
1826 1.182834
1827 1.182946
1828 1.183118
1829 1.183196
1830 1.183026
1831 1.182998
1832 1.183348
1833 1.183182
1834 1.183890
1835 1.183844
1836 1.183678
1837 1.184394
1838 1.184090
1839 1.183914
1840 1.184804
1841 1.184378
1842 1.184230
1843 1.183642
1844 1.183416
1845 1.183496
1846 1.183990
1847 1.184340
1848 1.184122
1849 1.183904
1850 1.183764
1851 1.183586
1852 1.183368
1853 1.183842
1854 1.183700
1855 1.184002
1856 1.184220
1857 1.184666
1858 1.184602
1859 1.184448
1860 1.184048
1861 1.183962
1862 1.182736
1863 1.182362
1864 1.182774
1865 1.182694
1866 1.182864
1867 1.183076
1868 1.182660
1869 1.182698
1870 1.182230
1871 1.182212
1872 1.182730
1873 1.183112
1874 1.182492
1875 1.182152
1876 1.182310
1877 1.181888
1878 1.181946
1879 1.181994
1880 1.181758
1881 1.181520
1882 1.181570
1883 1.182102
1884 1.181732
1885 1.181960
1886 1.181354
1887 1.181664
1888 1.181924
1889 1.181680
1890 1.182098
1891 1.181800
1892 1.181868
1893 1.182290
1894 1.182084
1895 1.181714
1896 1.182010
1897 1.182042
1898 1.182422
1899 1.182014
1900 1.181542
1901 1.181580
1902 1.181288
1903 1.181054
1904 1.180488
1905 1.180284
1906 1.180516
1907 1.180800
1908 1.181260
1909 1.181200
1910 1.180874
1911 1.180898
1912 1.182064
1913 1.182536
1914 1.182490
1915 1.182386
1916 1.182434
1917 1.182422
1918 1.182124
1919 1.182322
1920 1.181990
1921 1.182164
1922 1.182008
1923 1.182030
1924 1.182194
1925 1.181782
1926 1.181626
1927 1.181820
1928 1.182694
1929 1.182822
1930 1.183772
1931 1.184016
1932 1.184344
1933 1.183918
1934 1.183500
1935 1.183450
1936 1.183142
1937 1.183226
1938 1.183564
1939 1.184026
1940 1.183620
1941 1.183818
1942 1.183586
1943 1.183742
1944 1.183760
1945 1.183672
1946 1.183198
1947 1.182664
1948 1.182596
1949 1.182714
1950 1.182790
1951 1.182424
1952 1.182642
1953 1.182622
1954 1.182944
1955 1.182544
1956 1.182620
1957 1.182534
1958 1.182886
1959 1.182622
1960 1.182752
1961 1.182708
1962 1.182836
1963 1.183036
1964 1.183142
1965 1.183632
1966 1.182732
1967 1.182604
1968 1.182024
1969 1.181444
1970 1.181890
1971 1.181820
1972 1.182332
1973 1.182544
1974 1.183182
1975 1.182362
1976 1.182310
1977 1.181452
1978 1.181708
1979 1.181716
1980 1.181538
1981 1.181976
1982 1.181576
1983 1.181172
1984 1.181226
1985 1.181336
1986 1.181228
1987 1.180894
1988 1.180140
1989 1.180414
1990 1.180370
1991 1.180864
1992 1.180880
1993 1.181144
1994 1.180694
1995 1.180914
1996 1.181342
1997 1.181586
1998 1.181916
1999 1.182316
2000 1.182316
2001 1.182626
2002 1.182808
2003 1.183414
2004 1.182748
2005 1.182266
2006 1.181890
2007 1.182052
2008 1.182436
2009 1.182400
2010 1.182340
2011 1.181676
2012 1.181142
2013 1.181890
2014 1.182302
2015 1.181750
2016 1.180884
2017 1.181422
2018 1.181744
2019 1.182196
2020 1.182064
2021 1.182796
2022 1.182890
2023 1.182638
2024 1.182186
2025 1.182362
2026 1.182768
2027 1.183112
2028 1.183062
2029 1.182984
2030 1.183160
2031 1.183442
2032 1.183462
2033 1.183694
2034 1.183810
2035 1.184030
2036 1.184036
2037 1.183796
2038 1.184258
2039 1.183948
2040 1.183284
2041 1.182720
2042 1.182252
2043 1.182186
2044 1.182342
2045 1.182004
2046 1.182286
2047 1.181304
2048 1.181036
2049 1.181452
2050 1.181320
2051 1.181168
2052 1.180752
2053 1.180818
2054 1.181050
2055 1.180744
2056 1.181298
2057 1.180986
2058 1.181146
2059 1.180734
2060 1.180542
2061 1.180864
2062 1.180908
2063 1.181108
2064 1.181724
2065 1.181682
2066 1.181420
2067 1.181700
2068 1.182444
2069 1.182894
2070 1.182536
2071 1.182372
2072 1.181738
2073 1.181146
2074 1.180882
2075 1.180718
2076 1.181224
2077 1.181316
2078 1.182188
2079 1.182590
2080 1.182770
2081 1.182758
2082 1.182212
2083 1.181602
2084 1.181860
2085 1.181496
2086 1.181672
2087 1.181208
2088 1.181144
2089 1.180794
2090 1.180872
2091 1.180734
2092 1.181146
2093 1.180650
2094 1.180928
2095 1.181228
2096 1.181142
2097 1.180620
2098 1.180906
2099 1.180374
2100 1.180976
2101 1.181280
2102 1.180596
2103 1.180404
2104 1.180788
2105 1.181174
2106 1.181964
2107 1.181900
2108 1.181486
2109 1.181260
2110 1.181538
2111 1.181514
2112 1.181730
2113 1.182294
2114 1.182516
2115 1.182408
2116 1.182314
2117 1.181952
2118 1.182200
2119 1.182126
2120 1.181634
2121 1.181264
2122 1.181252
2123 1.181418
2124 1.181396
2125 1.181564
2126 1.181426
2127 1.181712
2128 1.181678
2129 1.181566
2130 1.182006
2131 1.181514
2132 1.181534
2133 1.181214
2134 1.181824
2135 1.181960
2136 1.181660
2137 1.181626
2138 1.181818
2139 1.181690
2140 1.181544
2141 1.181860
2142 1.181858
2143 1.181916
2144 1.182030
2145 1.181568
2146 1.181624
2147 1.181946
2148 1.181766
2149 1.181830
2150 1.182328
2151 1.182620
2152 1.182224
2153 1.182062
2154 1.182268
2155 1.182446
2156 1.182566
2157 1.182410
2158 1.182678
2159 1.182752
2160 1.183100
2161 1.182852
2162 1.183252
2163 1.183060
2164 1.182980
2165 1.182990
2166 1.183086
2167 1.183112
2168 1.183580
2169 1.183260
2170 1.183526
2171 1.182838
2172 1.183062
2173 1.182754
2174 1.182776
2175 1.182366
2176 1.182878
2177 1.183636
2178 1.183774
2179 1.184128
2180 1.184304
2181 1.183888
2182 1.183704
2183 1.183386
2184 1.183238
2185 1.183652
2186 1.183624
2187 1.183778
2188 1.183746
2189 1.183984
2190 1.184276
2191 1.184594
2192 1.184912
2193 1.184776
2194 1.184682
2195 1.184582
2196 1.184258
2197 1.184166
2198 1.184288
2199 1.184810
2200 1.184500
2201 1.184420
2202 1.184782
2203 1.185144
2204 1.186212
2205 1.185534
2206 1.185172
2207 1.184524
2208 1.183694
2209 1.183506
2210 1.183330
2211 1.183278
2212 1.182972
2213 1.183350
2214 1.183420
2215 1.183370
2216 1.183540
2217 1.183158
2218 1.183504
2219 1.183888
2220 1.184418
2221 1.184240
2222 1.184000
2223 1.184438
2224 1.183898
2225 1.183814
2226 1.183218
2227 1.183488
2228 1.182856
2229 1.183840
2230 1.184070
2231 1.183882
2232 1.184368
2233 1.184646
2234 1.184882
2235 1.184184
2236 1.184468
2237 1.184536
2238 1.185034
2239 1.184826
2240 1.184946
2241 1.185340
2242 1.184998
2243 1.185252
2244 1.184836
2245 1.184764
2246 1.184464
2247 1.184430
2248 1.184442
2249 1.184608
2250 1.184224
2251 1.183640
2252 1.184054
2253 1.184310
2254 1.184492
2255 1.184576
2256 1.184862
2257 1.184378
2258 1.184636
2259 1.185270
2260 1.185274
2261 1.185270
2262 1.185234
2263 1.184928
2264 1.184378
2265 1.184662
2266 1.184858
2267 1.184654
2268 1.185056
2269 1.185094
2270 1.184718
2271 1.184946
2272 1.185760
2273 1.186394
2274 1.186232
2275 1.186162
2276 1.185690
2277 1.185634
2278 1.185346
2279 1.184792
2280 1.185018
2281 1.184742
2282 1.184800
2283 1.185216
2284 1.185100
2285 1.185130
2286 1.184380
2287 1.184576
2288 1.184588
2289 1.184390
2290 1.184550
2291 1.183696
2292 1.183810
2293 1.183982
2294 1.183762
2295 1.183002
2296 1.183140
2297 1.183112
2298 1.182448
2299 1.182238
2300 1.182358
2301 1.182436
2302 1.182598
2303 1.183256
2304 1.182876
2305 1.182256
2306 1.182298
2307 1.181806
2308 1.181842
2309 1.181842
2310 1.182188
2311 1.182374
2312 1.182274
2313 1.181868
2314 1.181796
2315 1.182058
2316 1.182296
2317 1.182176
2318 1.182386
2319 1.182590
2320 1.183028
2321 1.183660
2322 1.183082
2323 1.183962
2324 1.183480
2325 1.183484
2326 1.183928
2327 1.183890
2328 1.184268
2329 1.184376
2330 1.183856
2331 1.183358
2332 1.183068
2333 1.183372
2334 1.183238
2335 1.183450
2336 1.183504
2337 1.183012
2338 1.183496
2339 1.183496
2340 1.183418
2341 1.183612
2342 1.183682
2343 1.184274
2344 1.184232
2345 1.184356
2346 1.184752
2347 1.183930
2348 1.183668
2349 1.183636
2350 1.184062
2351 1.184872
2352 1.185082
2353 1.184644
2354 1.184854
2355 1.184876
2356 1.184442
2357 1.184590
2358 1.184712
2359 1.184604
2360 1.184892
2361 1.185048
2362 1.184420
2363 1.184068
2364 1.184308
2365 1.183736
2366 1.184110
2367 1.184218
2368 1.184070
2369 1.184160
2370 1.184220
2371 1.184204
2372 1.184736
2373 1.185138
2374 1.184864
2375 1.184728
2376 1.183868
2377 1.184138
2378 1.184378
2379 1.184042
2380 1.184304
2381 1.184344
2382 1.184104
2383 1.184718
2384 1.185186
2385 1.185278
2386 1.185542
2387 1.185116
2388 1.184820
2389 1.184650
2390 1.184776
2391 1.185228
2392 1.185212
2393 1.184904
2394 1.185108
2395 1.184958
2396 1.184996
2397 1.185418
2398 1.185766
2399 1.185602
2400 1.186316
2401 1.186396
2402 1.186622
2403 1.186494
2404 1.186304
2405 1.186538
2406 1.186700
2407 1.186498
2408 1.185816
2409 1.186082
2410 1.186378
2411 1.185650
2412 1.185824
2413 1.185574
2414 1.185472
2415 1.185314
2416 1.185402
2417 1.184766
2418 1.184834
2419 1.184440
2420 1.184202
2421 1.183950
2422 1.183782
2423 1.184208
2424 1.183910
2425 1.183824
2426 1.183502
2427 1.183234
2428 1.183340
2429 1.183816
2430 1.183896
2431 1.184338
2432 1.184260
2433 1.184760
2434 1.184556
2435 1.184758
2436 1.184112
2437 1.184256
2438 1.184608
2439 1.183736
2440 1.184502
2441 1.184484
2442 1.184316
2443 1.184584
2444 1.184576
2445 1.183764
2446 1.183304
2447 1.182752
2448 1.182208
2449 1.182212
2450 1.182334
2451 1.182240
2452 1.182188
2453 1.182596
2454 1.183104
2455 1.183104
2456 1.183272
2457 1.183490
2458 1.183514
2459 1.183720
2460 1.183566
2461 1.183786
2462 1.183594
2463 1.183404
2464 1.183426
2465 1.183518
2466 1.183436
2467 1.182870
2468 1.182794
2469 1.182864
2470 1.182270
2471 1.182628
2472 1.183138
2473 1.183372
2474 1.183192
2475 1.183090
2476 1.183874
2477 1.183958
2478 1.183932
2479 1.184084
2480 1.184524
2481 1.184716
2482 1.184772
2483 1.184914
2484 1.184660
2485 1.184704
2486 1.184932
2487 1.183908
2488 1.184044
2489 1.183724
2490 1.182696
2491 1.182466
2492 1.182358
2493 1.182634
2494 1.181938
2495 1.182028
2496 1.182010
2497 1.182530
2498 1.182078
2499 1.181852
2500 1.181742
2501 1.182314
2502 1.182660
2503 1.182388
2504 1.182352
2505 1.181696
2506 1.181956
2507 1.181854
2508 1.181962
2509 1.181956
2510 1.181654
2511 1.181998
2512 1.182214
2513 1.181700
2514 1.181924
2515 1.181860
2516 1.181882
2517 1.181944
2518 1.182136
2519 1.182192
2520 1.182440
2521 1.182424
2522 1.182714
2523 1.182878
2524 1.182560
2525 1.182464
2526 1.182294
2527 1.182396
2528 1.182354
2529 1.182652
2530 1.182598
2531 1.182392
2532 1.182198
2533 1.182208
2534 1.182106
2535 1.182050
2536 1.181932
2537 1.182234
2538 1.182314
2539 1.182624
2540 1.182280
2541 1.182776
2542 1.182920
2543 1.182344
2544 1.181980
2545 1.181438
2546 1.181224
2547 1.181146
2548 1.181620
2549 1.181226
2550 1.181938
2551 1.181430
2552 1.181020
2553 1.181176
2554 1.181044
2555 1.180554
2556 1.180480
2557 1.180538
2558 1.181050
2559 1.181412
2560 1.181186
2561 1.181526
2562 1.181696
2563 1.182460
2564 1.182878
2565 1.183014
2566 1.182230
2567 1.182526
2568 1.182808
2569 1.182848
2570 1.183468
2571 1.183582
2572 1.183232
2573 1.183330
2574 1.182792
2575 1.182364
2576 1.182500
2577 1.182590
2578 1.182592
2579 1.182324
2580 1.182328
2581 1.183042
2582 1.183296
2583 1.183436
2584 1.183722
2585 1.183402
2586 1.183606
2587 1.183372
2588 1.183180
2589 1.183148
2590 1.182886
2591 1.183124
2592 1.183408
2593 1.183444
2594 1.183922
2595 1.183870
2596 1.183856
2597 1.183604
2598 1.183720
2599 1.183664
2600 1.183464
2601 1.183758
2602 1.182946
2603 1.183480
2604 1.183904
2605 1.184116
2606 1.184234
2607 1.183964
2608 1.184118
2609 1.184040
2610 1.183720
2611 1.184148
2612 1.184078
2613 1.183956
2614 1.183846
2615 1.184112
2616 1.184538
2617 1.184612
2618 1.184760
2619 1.183980
2620 1.184042
2621 1.183910
2622 1.183704
2623 1.183356
2624 1.183046
2625 1.182758
2626 1.182424
2627 1.182606
2628 1.182194
2629 1.182554
2630 1.182564
2631 1.182408
2632 1.182786
2633 1.182762
2634 1.182678
2635 1.182732
2636 1.182702
2637 1.183028
2638 1.182870
2639 1.182850
2640 1.183266
2641 1.183080
2642 1.183080
2643 1.183192
2644 1.183128
2645 1.183412
2646 1.183740
2647 1.183506
2648 1.183018
2649 1.183402
2650 1.183720
2651 1.183544
2652 1.183566
2653 1.184040
2654 1.184486
2655 1.184330
2656 1.184062
2657 1.184234
2658 1.184340
2659 1.184340
2660 1.183804
2661 1.183858
2662 1.183994
2663 1.183476
2664 1.183626
2665 1.184068
2666 1.183676
2667 1.183822
2668 1.183476
2669 1.183716
2670 1.184064
2671 1.183602
2672 1.183806
2673 1.183834
2674 1.183852
2675 1.183512
2676 1.183426
2677 1.183576
2678 1.183596
2679 1.183044
2680 1.183630
2681 1.184270
2682 1.184374
2683 1.183784
2684 1.183358
2685 1.183076
2686 1.182800
2687 1.182644
2688 1.182254
2689 1.182652
2690 1.182220
2691 1.182172
2692 1.181982
2693 1.181888
2694 1.181886
2695 1.182008
2696 1.182168
2697 1.182204
2698 1.182142
2699 1.182142
2700 1.182336
2701 1.181946
2702 1.181446
2703 1.181256
2704 1.181322
2705 1.182134
2706 1.182230
2707 1.182184
2708 1.181854
2709 1.182438
2710 1.182528
2711 1.182546
2712 1.182934
2713 1.182738
2714 1.182678
2715 1.182716
2716 1.182830
2717 1.183486
2718 1.184164
2719 1.184800
2720 1.184718
2721 1.185354
2722 1.185192
2723 1.185382
2724 1.185892
2725 1.185494
2726 1.185338
2727 1.185632
2728 1.184444
2729 1.184260
2730 1.184024
2731 1.183412
2732 1.183270
2733 1.183332
2734 1.183506
2735 1.183872
2736 1.183388
2737 1.182866
2738 1.183286
2739 1.183010
2740 1.183114
2741 1.183832
2742 1.183542
2743 1.184098
2744 1.184446
2745 1.184940
2746 1.184474
2747 1.184038
2748 1.183998
2749 1.184902
2750 1.184464
2751 1.184324
2752 1.184768
2753 1.184696
2754 1.184966
2755 1.185742
2756 1.185762
2757 1.185802
2758 1.185888
2759 1.185966
2760 1.185316
2761 1.185120
2762 1.185116
2763 1.184506
2764 1.184408
2765 1.185228
2766 1.185400
2767 1.185336
2768 1.185506
2769 1.184860
2770 1.185492
2771 1.186286
2772 1.186468
2773 1.186572
2774 1.185938
2775 1.185742
2776 1.185418
2777 1.184876
2778 1.185068
2779 1.184808
2780 1.184280
2781 1.184578
2782 1.184922
2783 1.185094
2784 1.185092
2785 1.185056
2786 1.184800
2787 1.185002
2788 1.184762
2789 1.184510
2790 1.184348
2791 1.184124
2792 1.183562
2793 1.183442
2794 1.182750
2795 1.182480
2796 1.181482
2797 1.181952
2798 1.181994
2799 1.182074
2800 1.182544
2801 1.182976
2802 1.182468
2803 1.182448
2804 1.182976
2805 1.183070
2806 1.183040
2807 1.183406
2808 1.183444
2809 1.182884
2810 1.183002
2811 1.182662
2812 1.182310
2813 1.181588
2814 1.181682
2815 1.181800
2816 1.181410
2817 1.181042
2818 1.181484
2819 1.181324
2820 1.181504
2821 1.181516
2822 1.181140
2823 1.180398
2824 1.181130
2825 1.180894
2826 1.180638
2827 1.180284
2828 1.180400
2829 1.181124
2830 1.181614
2831 1.181624
2832 1.181190
2833 1.181686
2834 1.182018
2835 1.181932
2836 1.181870
2837 1.181998
2838 1.182812
2839 1.182410
2840 1.182248
2841 1.182260
2842 1.182716
2843 1.182684
2844 1.182718
2845 1.182686
2846 1.182040
2847 1.181764
2848 1.182048
2849 1.182144
2850 1.181894
2851 1.181990
2852 1.182302
2853 1.182262
2854 1.181732
2855 1.181156
2856 1.181208
2857 1.180808
2858 1.180944
2859 1.181082
2860 1.181122
2861 1.181694
2862 1.181876
2863 1.181676
2864 1.181706
2865 1.181496
2866 1.181688
2867 1.181556
2868 1.181690
2869 1.182370
2870 1.182336
2871 1.182672
2872 1.182042
2873 1.181926
2874 1.182174
2875 1.182782
2876 1.182070
2877 1.181824
2878 1.182064
2879 1.182360
2880 1.182336
2881 1.181852
2882 1.181274
2883 1.181734
2884 1.182178
2885 1.182496
2886 1.182438
2887 1.182458
2888 1.182788
2889 1.183558
2890 1.182972
2891 1.183124
2892 1.182714
2893 1.182686
2894 1.183040
2895 1.183092
2896 1.183494
2897 1.183508
2898 1.183334
2899 1.183656
2900 1.182820
2901 1.182454
2902 1.182156
2903 1.182272
2904 1.182444
2905 1.182174
2906 1.182330
2907 1.182632
2908 1.182366
2909 1.181514
2910 1.181244
2911 1.181066
2912 1.180890
2913 1.180974
2914 1.181130
2915 1.181396
2916 1.180718
2917 1.180448
2918 1.180852
2919 1.180052
2920 1.179528
2921 1.179688
2922 1.180016
2923 1.180368
2924 1.180142
2925 1.180270
2926 1.179702
2927 1.180018
2928 1.179836
2929 1.179744
2930 1.180146
2931 1.179992
2932 1.180400
2933 1.180516
2934 1.180928
2935 1.181404
2936 1.181202
2937 1.182142
2938 1.182648
2939 1.182246
2940 1.182440
2941 1.182384
2942 1.182086
2943 1.181894
2944 1.181684
2945 1.181696
2946 1.181326
2947 1.181054
2948 1.181184
2949 1.181284
2950 1.180852
2951 1.181006
2952 1.181096
2953 1.181296
2954 1.181676
2955 1.181030
2956 1.181002
2957 1.181340
2958 1.181792
2959 1.181934
2960 1.182538
2961 1.181936
2962 1.181560
2963 1.180802
2964 1.181146
2965 1.181362
2966 1.182010
2967 1.182106
2968 1.183032
2969 1.183996
2970 1.183516
2971 1.183304
2972 1.183648
2973 1.183118
2974 1.182482
2975 1.182110
2976 1.182234
2977 1.182346
2978 1.181880
2979 1.181570
2980 1.181240
2981 1.180852
2982 1.180150
2983 1.180066
2984 1.180722
2985 1.181094
2986 1.181070
2987 1.181216
2988 1.180352
2989 1.179984
2990 1.180172
2991 1.179662
2992 1.179154
2993 1.179638
2994 1.179968
2995 1.180640
2996 1.180684
2997 1.180992
2998 1.181018
2999 1.180326
3000 1.180966
3001 1.181154
3002 1.180838
3003 1.180972
3004 1.181606
3005 1.182412
3006 1.181764
3007 1.181362
3008 1.182110
3009 1.181862
3010 1.181824
3011 1.181370
3012 1.181590
3013 1.181730
3014 1.181512
3015 1.181622
3016 1.182022
3017 1.182602
3018 1.182848
3019 1.183692
3020 1.184122
3021 1.183932
3022 1.183494
3023 1.183578
3024 1.183124
3025 1.182986
3026 1.183162
3027 1.182464
3028 1.182534
3029 1.182644
3030 1.182952
3031 1.182686
3032 1.182030
3033 1.181668
3034 1.181488
3035 1.182192
3036 1.181726
3037 1.181436
3038 1.182198
3039 1.182376
3040 1.182140
3041 1.182768
3042 1.182666
3043 1.182272
3044 1.182642
3045 1.183230
3046 1.183188
3047 1.183974
3048 1.183844
3049 1.184088
3050 1.184094
3051 1.183750
3052 1.183976
3053 1.183678
3054 1.183768
3055 1.183706
3056 1.183194
3057 1.182946
3058 1.183404
3059 1.183568
3060 1.183562
3061 1.184400
3062 1.185080
3063 1.184962
3064 1.184920
3065 1.185330
3066 1.185294
3067 1.185168
3068 1.185364
3069 1.185532
3070 1.186030
3071 1.185938
3072 1.186018
3073 1.185528
3074 1.185636
3075 1.185694
3076 1.185238
3077 1.184232
3078 1.184290
3079 1.183994
3080 1.184262
3081 1.184036
3082 1.184126
3083 1.184186
3084 1.183994
3085 1.183564
3086 1.183414
3087 1.183050
3088 1.183306
3089 1.182948
3090 1.183954
3091 1.184110
3092 1.184182
3093 1.184040
3094 1.184282
3095 1.184410
3096 1.183990
3097 1.183466
3098 1.183208
3099 1.182764
3100 1.182828
3101 1.183228
3102 1.183646
3103 1.183080
3104 1.183526
3105 1.183334
3106 1.182594
3107 1.182690
3108 1.182720
3109 1.183178
3110 1.182890
3111 1.183130
3112 1.183278
3113 1.183224
3114 1.183400
3115 1.182960
3116 1.182286
3117 1.182068
3118 1.181888
3119 1.181436
3120 1.181820
3121 1.181930
3122 1.181902
3123 1.182304
3124 1.182590
3125 1.182322
3126 1.182248
3127 1.182294
3128 1.182728
3129 1.182488
3130 1.182910
3131 1.182708
3132 1.183012
3133 1.183026
3134 1.183576
3135 1.184184
3136 1.184404
3137 1.183886
3138 1.183362
3139 1.183486
3140 1.183626
3141 1.183734
3142 1.184386
3143 1.184164
3144 1.183702
3145 1.183166
3146 1.183268
3147 1.182986
3148 1.183124
3149 1.182030
3150 1.181818
3151 1.181978
3152 1.182362
3153 1.182208
3154 1.182254
3155 1.182068
3156 1.182350
3157 1.182580
3158 1.182960
3159 1.182314
3160 1.182942
3161 1.182752
3162 1.182590
3163 1.182656
3164 1.182736
3165 1.183342
3166 1.183430
3167 1.183424
3168 1.183542
3169 1.183412
3170 1.183154
3171 1.183900
3172 1.183784
3173 1.183132
3174 1.183194
3175 1.182780
3176 1.182992
3177 1.183044
3178 1.182612
3179 1.182612
3180 1.182750
3181 1.182726
3182 1.182838
3183 1.183032
3184 1.182786
3185 1.182866
3186 1.183514
3187 1.183710
3188 1.183600
3189 1.183990
3190 1.183700
3191 1.184000
3192 1.183864
3193 1.183236
3194 1.183490
3195 1.183862
3196 1.184224
3197 1.183942
3198 1.184450
3199 1.184370
3200 1.184052
3201 1.183688
3202 1.183032
3203 1.183128
3204 1.182916
3205 1.182772
3206 1.183616
3207 1.183672
3208 1.183882
3209 1.184250
3210 1.184866
3211 1.184262
3212 1.184204
3213 1.183598
3214 1.183076
3215 1.183278
3216 1.183188
3217 1.183154
3218 1.182946
3219 1.182954
3220 1.182426
3221 1.182278
3222 1.182316
3223 1.183262
3224 1.183022
3225 1.183170
3226 1.183044
3227 1.183272
3228 1.183350
3229 1.183188
3230 1.184048
3231 1.183388
3232 1.184060
3233 1.183876
3234 1.183270
3235 1.183004
3236 1.183058
3237 1.182704
3238 1.181716
3239 1.181954
3240 1.181436
3241 1.181478
3242 1.181784
3243 1.181394
3244 1.181820
3245 1.181494
3246 1.181540
3247 1.182374
3248 1.182968
3249 1.182552
3250 1.182436
3251 1.182786
3252 1.183172
3253 1.183164
3254 1.182556
3255 1.183008
3256 1.182972
3257 1.182592
3258 1.182062
3259 1.181944
3260 1.181952
3261 1.182096
3262 1.181732
3263 1.182170
3264 1.182456
3265 1.182986
3266 1.183954
3267 1.183814
3268 1.183810
3269 1.184336
3270 1.184396
3271 1.184850
3272 1.184894
3273 1.185390
3274 1.184976
3275 1.184926
3276 1.184546
3277 1.184556
3278 1.185062
3279 1.185410
3280 1.185094
3281 1.185580
3282 1.185560
3283 1.185330
3284 1.184614
3285 1.184274
3286 1.183992
3287 1.182866
3288 1.183012
3289 1.182726
3290 1.183352
3291 1.183210
3292 1.183920
3293 1.183606
3294 1.183662
3295 1.183392
3296 1.183892
3297 1.183514
3298 1.183678
3299 1.183830
3300 1.183254
3301 1.182936
3302 1.183682
3303 1.183690
3304 1.183074
3305 1.183448
3306 1.183854
3307 1.183560
3308 1.183078
3309 1.183736
3310 1.183840
3311 1.183104
3312 1.183398
3313 1.183634
3314 1.183728
3315 1.183544
3316 1.183410
3317 1.183944
3318 1.183612
3319 1.184490
3320 1.184442
3321 1.184960
3322 1.185138
3323 1.185156
3324 1.184770
3325 1.184814
3326 1.184706
3327 1.184834
3328 1.184778
3329 1.185270
3330 1.184958
3331 1.184798
3332 1.184472
3333 1.184444
3334 1.184610
3335 1.183726
3336 1.183064
3337 1.183000
3338 1.183378
3339 1.183760
3340 1.183810
3341 1.183340
3342 1.183442
3343 1.182876
3344 1.183166
3345 1.183018
3346 1.182588
3347 1.182696
3348 1.182182
3349 1.182810
3350 1.182888
3351 1.183194
3352 1.183132
3353 1.183010
3354 1.183044
3355 1.183264
3356 1.183190
3357 1.182978
3358 1.184162
3359 1.184436
3360 1.184302
3361 1.184106
3362 1.183578
3363 1.183286
3364 1.182836
3365 1.182378
3366 1.182684
3367 1.182324
3368 1.181702
3369 1.181344
3370 1.181028
3371 1.181480
3372 1.181942
3373 1.182240
3374 1.182414
3375 1.182302
3376 1.182064
3377 1.181972
3378 1.182146
3379 1.182338
3380 1.182854
3381 1.182598
3382 1.183112
3383 1.182840
3384 1.183176
3385 1.183034
3386 1.182172
3387 1.182162
3388 1.182164
3389 1.182506
3390 1.182878
3391 1.182570
3392 1.181982
3393 1.181426
3394 1.181532
3395 1.181222
3396 1.181790
3397 1.181594
3398 1.181888
3399 1.181924
3400 1.181864
3401 1.181322
3402 1.180788
3403 1.179928
3404 1.180096
3405 1.180254
3406 1.180328
3407 1.180210
3408 1.180726
3409 1.180742
3410 1.181192
3411 1.181464
3412 1.181190
3413 1.181922
3414 1.182244
3415 1.182368
3416 1.182932
3417 1.182950
3418 1.183608
3419 1.182856
3420 1.182120
3421 1.182118
3422 1.182404
3423 1.182458
3424 1.182756
3425 1.182760
3426 1.182502
3427 1.182418
3428 1.181752
3429 1.181744
3430 1.182264
3431 1.182740
3432 1.182252
3433 1.181798
3434 1.181988
3435 1.181990
3436 1.181408
3437 1.181324
3438 1.181488
3439 1.181940
3440 1.182052
3441 1.182854
3442 1.183248
3443 1.184286
3444 1.184130
3445 1.183940
3446 1.183522
3447 1.183306
3448 1.183222
3449 1.183328
3450 1.183102
3451 1.183738
3452 1.184414
3453 1.184248
3454 1.184028
3455 1.183550
3456 1.183322
3457 1.182742
3458 1.183154
3459 1.183356
3460 1.183044
3461 1.183056
3462 1.183124
3463 1.183450
3464 1.183386
3465 1.183482
3466 1.183540
3467 1.183636
3468 1.183850
3469 1.183246
3470 1.182762
3471 1.182062
3472 1.182302
3473 1.182944
3474 1.182822
3475 1.183034
3476 1.183046
3477 1.183348
3478 1.183056
3479 1.183006
3480 1.183034
3481 1.183186
3482 1.183624
3483 1.183128
3484 1.183168
3485 1.183260
3486 1.183342
3487 1.182918
3488 1.183378
3489 1.183144
3490 1.183660
3491 1.183846
3492 1.184182
3493 1.184070
3494 1.183968
3495 1.183880
3496 1.183106
3497 1.182842
3498 1.182624
3499 1.182616
3500 1.182530
3501 1.182380
3502 1.182944
3503 1.182940
3504 1.183056
3505 1.183594
3506 1.183752
3507 1.183394
3508 1.183136
3509 1.183058
3510 1.182986
3511 1.183156
3512 1.182784
3513 1.182584
3514 1.182762
3515 1.183120
3516 1.182802
3517 1.182654
3518 1.182952
3519 1.182852
3520 1.182842
3521 1.183046
3522 1.183336
3523 1.182846
3524 1.182632
3525 1.182460
3526 1.182484
3527 1.182426
3528 1.182140
3529 1.182106
3530 1.182088
3531 1.181704
3532 1.182396
3533 1.182486
3534 1.182218
3535 1.181802
3536 1.181726
3537 1.181064
3538 1.181386
3539 1.180480
3540 1.180886
3541 1.180904
3542 1.180822
3543 1.181480
3544 1.182020
3545 1.181810
3546 1.181676
3547 1.181528
3548 1.181368
3549 1.180484
3550 1.180930
3551 1.181140
3552 1.181464
3553 1.180922
3554 1.180990
3555 1.180950
3556 1.182166
3557 1.182310
3558 1.182284
3559 1.181978
3560 1.182582
3561 1.182398
3562 1.182422
3563 1.182452
3564 1.182194
3565 1.182756
3566 1.182900
3567 1.183310
3568 1.183276
3569 1.182796
3570 1.183020
3571 1.182670
3572 1.182242
3573 1.182496
3574 1.182164
3575 1.182708
3576 1.183014
3577 1.183230
3578 1.183406
3579 1.183332
3580 1.183008
3581 1.183530
3582 1.183754
3583 1.183850
3584 1.183674
3585 1.183722
3586 1.184250
3587 1.183978
3588 1.184026
3589 1.184358
3590 1.184740
3591 1.184824
3592 1.184814
3593 1.185032
3594 1.185112
3595 1.185142
3596 1.185334
3597 1.184716
3598 1.185582
3599 1.185652
3600 1.185402
3601 1.185452
3602 1.185386
3603 1.185392
3604 1.185206
3605 1.185038
3606 1.185504
3607 1.185400
3608 1.185182
3609 1.184716
3610 1.185144
3611 1.185702
3612 1.185324
3613 1.185740
3614 1.185776
3615 1.185930
3616 1.185396
3617 1.185214
3618 1.185492
3619 1.185592
3620 1.185486
3621 1.185450
3622 1.184888
3623 1.184960
3624 1.185002
3625 1.184600
3626 1.185212
3627 1.185430
3628 1.184638
3629 1.184082
3630 1.184758
3631 1.184576
3632 1.184994
3633 1.184886
3634 1.184324
3635 1.184374
3636 1.183510
3637 1.183554
3638 1.183878
3639 1.184006
3640 1.183828
3641 1.183436
3642 1.183680
3643 1.183760
3644 1.183596
3645 1.184050
3646 1.183846
3647 1.183864
3648 1.184236
3649 1.184246
3650 1.183410
3651 1.183568
3652 1.183956
3653 1.184486
3654 1.184094
3655 1.184032
3656 1.183446
3657 1.183688
3658 1.183512
3659 1.183492
3660 1.183858
3661 1.184298
3662 1.184220
3663 1.184510
3664 1.184396
3665 1.184776
3666 1.184422
3667 1.184494
3668 1.185012
3669 1.185160
3670 1.184914
3671 1.184770
3672 1.184714
3673 1.184268
3674 1.184386
3675 1.184334
3676 1.184108
3677 1.184826
3678 1.185122
3679 1.184656
3680 1.184588
3681 1.184252
3682 1.183952
3683 1.184122
3684 1.183914
3685 1.184004
3686 1.184154
3687 1.184434
3688 1.184380
3689 1.184556
3690 1.184628
3691 1.184310
3692 1.184022
3693 1.183368
3694 1.183298
3695 1.183758
3696 1.183846
3697 1.183986
3698 1.183196
3699 1.183620
3700 1.183114
3701 1.183450


Active cycles: 2200
k_mean: 1.183012
k_stddev(cycle): 0.001287
k_stderr(mean): 0.000027
