1 1.183810
2 1.773193
3 2.370420
4 2.967145
5 3.559937
6 4.146394
7 4.723889
8 5.289442
9 5.840185
10 6.374533
11 6.891232
12 7.388286
13 7.864396
14 8.319368
15 8.753500
16 9.166238
17 9.558145
18 9.929645
19 10.281456
20 10.614642
21 10.929973
22 11.228506
23 11.510936
24 11.778468
25 12.032313
26 12.272799
27 12.500690
28 12.716890
29 12.921953
30 13.116942
31 13.302350
32 13.478836
33 13.647073
34 13.807777
35 13.961252
36 14.107699
37 14.247556
38 14.381561
39 14.510016
40 14.633509
41 14.751956
42 14.865698
43 14.975195
44 15.080632
45 15.182178
46 15.280128
47 15.374593
48 15.465889
49 15.554309
50 15.639944
51 15.723059
52 15.803731
53 15.882000
54 15.958097
55 16.032102
56 16.104006
57 16.174016
58 16.242151
59 16.308510
60 16.373209
61 16.436288
62 16.497829
63 16.557904
64 16.616511
65 16.673766
66 16.729757
67 16.784503
68 16.837994
69 16.890301
70 16.941444
71 16.991505
72 17.040561
73 17.088560
74 17.135590
75 17.181612
76 17.226705
77 17.270890
78 17.314193
79 17.356665
80 17.398334
81 17.439186
82 17.479227
83 17.518497
84 17.557084
85 17.594957
86 17.632127
87 17.668632
88 17.704484
89 17.739712
90 17.774311
91 17.808343
92 17.841770
93 17.874579
94 17.906840
95 17.938544
96 17.969689
97 18.000283
98 18.030350
99 18.059890
100 18.088918
101 18.117436
102 18.145485
103 18.173053
104 18.200154
105 18.226789
106 18.252967
107 18.278701
108 18.303997
109 18.328858
110 18.353296
111 18.377329
112 18.400981
113 18.424237
114 18.447101
115 18.469583
116 18.491692
117 18.513449
118 18.534871
119 18.555956
120 18.576707
121 18.597132
122 18.617232
123 18.637006
124 18.656476
125 18.675626
126 18.694456
127 18.712991
128 18.731225
129 18.749167
130 18.766812
131 18.784161
132 18.801226
133 18.818008
134 18.834515
135 18.850756
136 18.866741
137 18.882481
138 18.897956
139 18.913191
140 18.928186
141 18.942926
142 18.957426
143 18.971694
144 18.985740
145 18.999553
146 19.013134
147 19.026503
148 19.039665
149 19.052612
150 19.065355
151 19.077883
152 19.090206
153 19.102325
154 19.114253
155 19.126007
156 19.137582
157 19.148988
158 19.160212
159 19.171258
160 19.182130
161 19.192832
162 19.203377
163 19.213753
164 19.223965
165 19.234014
166 19.243903
167 19.253640
168 19.263224
169 19.272657
170 19.281940
171 19.291077
172 19.300070
173 19.308928
174 19.317650
175 19.326231
176 19.334675
177 19.342985
178 19.351165
179 19.359227
180 19.367164
181 19.374975
182 19.382668
183 19.390240
184 19.397697
185 19.405034
186 19.412255
187 19.419363
188 19.426358
189 19.433247
190 19.440025
191 19.446694
192 19.453257
193 19.459713
194 19.466066
195 19.472323
196 19.478491
197 19.484562
198 19.490548
199 19.496442
200 19.502242
201 19.507954
202 19.513574
203 19.519106
204 19.524575
205 19.529961
206 19.535261
207 19.540471
208 19.545599
209 19.550644
210 19.555611
211 19.560496
212 19.565304
213 19.570038
214 19.574701
215 19.579292
216 19.583812
217 19.588263
218 19.592645
219 19.596959
220 19.601206
221 19.605388
222 19.609505
223 19.613570
224 19.617570
225 19.621508
226 19.625387
227 19.629206
228 19.632966
229 19.636668
230 19.640311
231 19.643898
232 19.647430
233 19.650907
234 19.654331
235 19.657703
236 19.661023
237 19.664292
238 19.667513
239 19.670684
240 19.673802
241 19.676870
242 19.679892
243 19.682866
244 19.685794
245 19.688677
246 19.691515
247 19.694307
248 19.697053
249 19.699755
250 19.702413
251 19.705031
252 19.707608
253 19.710147
254 19.712648
255 19.715111
256 19.717537
257 19.719925
258 19.722277
259 19.724592
260 19.726872
261 19.729116
262 19.731327
263 19.733503
264 19.735647
265 19.737759
266 19.739838
267 19.741887
268 19.743905
269 19.745893
270 19.747852
271 19.749780
272 19.751678
273 19.753547
274 19.755388
275 19.757201
276 19.758987
277 19.760746
278 19.762478
279 19.764183
280 19.765862
281 19.767516
282 19.769145
283 19.770750
284 19.772331
285 19.773888
286 19.775421
287 19.776932
288 19.778419
289 19.779883
290 19.781324
291 19.782743
292 19.784140
293 19.785517
294 19.786873
295 19.788208
296 19.789523
297 19.790819
298 19.792095
299 19.793352
300 19.794590
301 19.795809
302 19.797010
303 19.798193
304 19.799358
305 19.800505
306 19.801634
307 19.802745
308 19.803840
309 19.804918
310 19.805980
311 19.807025
312 19.808054
313 19.809067
314 19.810065
315 19.811047
316 19.812015
317 19.812967
318 19.813906
319 19.814830
320 19.815741
321 19.816637
322 19.817520
323 19.818389
324 19.819246
325 19.820089
326 19.820920
327 19.821739
328 19.822544
329 19.823338
330 19.824119
331 19.824889
332 19.825647
333 19.826393
334 19.827128
335 19.827852
336 19.828564
337 19.829265
338 19.829956
339 19.830636
340 19.831318
341 19.831989
342 19.832650
343 19.833302
344 19.833944
345 19.834576
346 19.835199
347 19.835813
348 19.836417
349 19.837012
350 19.837599
351 19.838176
352 19.838746
353 19.839305
354 19.839857
355 19.840400
356 19.840935
357 19.841462
358 19.841981
359 19.842493
360 19.842997
361 19.843493
362 19.843982
363 19.844462
364 19.844936
365 19.845402
366 19.845862
367 19.846315
368 19.846760
369 19.847200
370 19.847632
371 19.848058
372 19.848477
373 19.848890
374 19.849293
375 19.849691
376 19.850080
377 19.850463
378 19.850840
379 19.851211
380 19.851576
381 19.851936
382 19.852290
383 19.852638
384 19.852981
385 19.853318
386 19.853651
387 19.853979
388 19.854301
389 19.854619
390 19.854932
391 19.855240
392 19.855543
393 19.855842
394 19.856137
395 19.856427
396 19.856713
397 19.856994
398 19.857271
399 19.857544
400 19.857813
401 19.858078
402 19.858338
403 19.858595
404 19.858848
405 19.859097
406 19.859343
407 19.859585
408 19.859823
409 19.860058
410 19.860289
411 19.860517
412 19.860741
413 19.860962
414 19.861180
415 19.861394
416 19.861605
417 19.861813
418 19.862018
419 19.862220
420 19.862418
421 19.862614
422 19.862807
423 19.862997
424 19.863184
425 19.863369
426 19.863551
427 19.863730
428 19.863906
429 19.864080
430 19.864251
431 19.864419
432 19.864586
433 19.864749
434 19.864910
435 19.865069
436 19.865225
437 19.865379
438 19.865531
439 19.865681
440 19.865828
441 19.865973
442 19.866116
443 19.866257
444 19.866396
445 19.866533
446 19.866668
447 19.866800
448 19.866931
449 19.867060
450 19.867187
451 19.867312
452 19.867435
453 19.867556
454 19.867675
455 19.867792
456 19.867908
457 19.868022
458 19.868134
459 19.868245
460 19.868353
461 19.868460
462 19.868566
463 19.868670
464 19.868772
465 19.868872
466 19.868972
467 19.869069
468 19.869166
469 19.869260
470 19.869354
471 19.869446
472 19.869536
473 19.869625
474 19.869713
475 19.869800
476 19.869885
477 19.869969
478 19.870051
479 19.870133
480 19.870213
481 19.870292
482 19.870369
483 19.870446
484 19.870521
485 19.870596
486 19.870669
487 19.870741
488 19.870812
489 19.870882
490 19.870951
491 19.871019
492 19.871086
493 19.871152
494 19.871217
495 19.871281
496 19.871344
497 19.871406
498 19.871467
499 19.871527
500 19.871587
501 19.871645
502 19.871703
503 19.871760
504 19.871815
505 19.871870
506 19.871925
507 19.871978
508 19.872031
509 19.872083
510 19.872134
511 19.872184
512 19.872234
513 19.872282
514 19.872331
515 19.872378
516 19.872425
517 19.872470
518 19.872516
519 19.872560
520 19.872604
521 19.872647
522 19.872690
523 19.872732
524 19.872773
525 19.872814
526 19.872854
527 19.872893
528 19.872932
529 19.872970
530 19.873008
531 19.873045
532 19.873082
533 19.873118
534 19.873153
535 19.873188
536 19.873223
537 19.873257
538 19.873290
539 19.873323
540 19.873356
541 19.873388
542 19.873419
543 19.873450
544 19.873481
545 19.873511
546 19.873540
547 19.873569
548 19.873598
549 19.873626
550 19.873654
551 19.873682
552 19.873709
553 19.873735
554 19.873762
555 19.873787
556 19.873813
557 19.873838
558 19.873863
559 19.873887
560 19.873911
561 19.873934
562 19.873958
563 19.873980
564 19.874003
565 19.874025
566 19.874047
567 19.874068
568 19.874090
569 19.874110
570 19.874131
571 19.874151
572 19.874171
573 19.874191
574 19.874210
575 19.874229
576 19.874248
577 19.874266
578 19.874285
579 19.874302
580 19.874320
581 19.874337
582 19.874355
583 19.874371
584 19.874388
585 19.874404
586 19.874420
587 19.874436
588 19.874452
589 19.874467
590 19.874483
591 19.874497
592 19.874512
593 19.874527
594 19.874541
595 19.874555
596 19.874569
597 19.874583
598 19.874596
599 19.874609
600 19.874622
601 19.874635
602 19.874648
603 19.874660
604 19.874673
605 19.874685
606 19.874697
607 19.874708
608 19.874720
609 19.874731
610 19.874743
611 19.874754
612 19.874765
613 19.874775
614 19.874786
615 19.874796
616 19.874807
617 19.874817
618 19.874827
619 19.874837
620 19.874846
621 19.874856
622 19.874865
623 19.874874
624 19.874884
625 19.874892
626 19.874901
627 19.874910
628 19.874919
629 19.874927
630 19.874935
631 19.874944
632 19.874952
633 19.874960
634 19.874967
635 19.874975
636 19.874983
637 19.874990
638 19.874998
639 19.875005
640 19.875012
