2 0.984640
3 0.983008
4 0.983362
5 0.983968
6 0.983710
7 0.983082
8 0.982398
9 0.981332
10 0.979520
11 0.978586
12 0.977054
13 0.976146
14 0.975058
15 0.974406
16 0.974164
17 0.973656
18 0.973084
19 0.972906
20 0.973316
22 0.973920
23 0.974106
24 0.974462
25 0.975356
26 0.975330
27 0.975752
28 0.977212
29 0.977888
30 0.978092
31 0.979640
32 0.981082
33 0.982540
34 0.984562
35 0.985806
36 0.986812
37 0.987652
38 0.988608
39 0.990026
40 0.991450
42 0.993870
43 0.995606
44 0.997732
45 0.999898
46 1.001682
47 1.003788
48 1.005326
49 1.006506
50 1.008172
51 1.010270
52 1.012598
53 1.014454
54 1.015636
55 1.017750
56 1.019062
57 1.020594
58 1.022924
59 1.024726
60 1.026250
62 1.029166
63 1.030750
64 1.032368
65 1.034510
66 1.036330
67 1.038212
68 1.039744
69 1.041666
70 1.043950
71 1.045898
72 1.048406
73 1.049896
74 1.052428
75 1.053970
76 1.055548
77 1.057070
78 1.058734
79 1.060188
80 1.061530
82 1.064138
83 1.065612
84 1.066710
85 1.068348
86 1.069410
87 1.070774
88 1.072194
89 1.073772
90 1.074356
91 1.075832
92 1.077666
93 1.079128
94 1.080376
95 1.082250
96 1.082922
97 1.084238
98 1.086142
99 1.087562
100 1.088700
102 1.091702
103 1.092688
104 1.093590
105 1.095194
106 1.096680
107 1.098342
108 1.100162
109 1.102168
110 1.103848
111 1.104454
112 1.104762
113 1.105790
114 1.106704
115 1.108100
116 1.108850
117 1.109996
118 1.111756
119 1.112404
120 1.113816
122 1.115944
123 1.116724
124 1.117376
125 1.118666
126 1.119934
127 1.121126
128 1.121586
129 1.123062
130 1.124400
131 1.125022
132 1.125970
133 1.127478
134 1.128158
135 1.128786
136 1.129366
137 1.129900
138 1.130958
139 1.131532
140 1.131606
142 1.132392
143 1.133534
144 1.134550
145 1.134886
146 1.135718
147 1.136788
148 1.137080
149 1.137424
150 1.137382
151 1.137858
152 1.138952
153 1.139738
154 1.140660
155 1.141100
156 1.141868
157 1.142694
158 1.143240
159 1.143884
160 1.144098
162 1.144988
163 1.145120
164 1.144940
165 1.145228
166 1.146238
167 1.146732
168 1.147174
169 1.147124
170 1.147946
171 1.148740
172 1.149662
173 1.150856
174 1.151090
175 1.151630
176 1.151660
177 1.151670
178 1.151800
179 1.152468
180 1.153082
182 1.153946
183 1.155022
184 1.155846
185 1.156792
186 1.157534
187 1.157718
188 1.157830
189 1.158026
190 1.157930
191 1.157190
192 1.157966
193 1.157960
194 1.158194
195 1.158630
196 1.158862
197 1.159104
198 1.159524
199 1.159286
200 1.159572
202 1.159372
203 1.159740
204 1.159796
205 1.159644
206 1.160348
207 1.160324
208 1.161212
209 1.161038
210 1.161408
211 1.162008
212 1.162922
213 1.163406
214 1.163356
215 1.163466
216 1.163710
217 1.163556
218 1.163666
219 1.163280
220 1.164076
222 1.164006
223 1.163478
224 1.163654
225 1.164196
226 1.164050
227 1.164134
228 1.164512
229 1.164512
230 1.165416
231 1.165038
232 1.165372
233 1.165356
234 1.165768
235 1.166018
236 1.166422
237 1.166966
238 1.167362
239 1.168052
240 1.167600
242 1.167002
243 1.167118
244 1.167468
245 1.167364
246 1.167608
247 1.166854
248 1.166816
249 1.166580
250 1.167064
251 1.167018
252 1.166184
253 1.166242
254 1.166888
255 1.167398
256 1.167736
257 1.168754
258 1.168992
259 1.169590
260 1.169516
262 1.169540
263 1.170324
264 1.170460
265 1.171254
266 1.171416
267 1.170898
268 1.170164
269 1.169854
270 1.169954
271 1.170314
272 1.170104
273 1.170676
274 1.170430
275 1.170486
276 1.170262
277 1.170118
278 1.170214
279 1.170584
280 1.170254
282 1.171058
283 1.171110
284 1.171606
285 1.171472
286 1.171300
287 1.170918
288 1.170928
289 1.170796
290 1.170716
291 1.170804
292 1.171764
293 1.172356
294 1.172488
295 1.172144
296 1.171270
297 1.171462
298 1.171060
299 1.170996
300 1.170872
302 1.170404
303 1.170272
304 1.170698
305 1.170438
306 1.170764
307 1.171210
308 1.171180
309 1.170890
310 1.170944
311 1.170560
312 1.170728
313 1.170900
314 1.170874
315 1.170462
316 1.170190
317 1.169696
318 1.169616
319 1.169754
320 1.169766
322 1.170462
323 1.170832
324 1.170648
325 1.171652
326 1.172140
327 1.172974
328 1.173100
329 1.173322
330 1.173114
331 1.172700
332 1.172988
333 1.173184
334 1.173006
335 1.173158
336 1.173338
337 1.173780
338 1.174504
339 1.174974
340 1.174554
342 1.175472
343 1.175512
344 1.175728
345 1.176150
346 1.176048
347 1.176180
348 1.176340
349 1.176714
350 1.176758
351 1.177122
352 1.177670
353 1.177766
354 1.178048
355 1.178456
356 1.177916
357 1.178278
358 1.178082
359 1.178118
360 1.177940
362 1.176944
363 1.177668
364 1.177942
365 1.177500
366 1.177056
367 1.176582
368 1.175748
369 1.175816
370 1.175704
371 1.175920
372 1.175396
373 1.175234
374 1.175152
375 1.175428
376 1.175626
377 1.175902
378 1.175664
379 1.175958
380 1.176330
382 1.177020
383 1.177098
384 1.177442
385 1.176862
386 1.177560
387 1.177406
388 1.177486
389 1.177486
390 1.177486
391 1.177486
392 1.177486
393 1.177486
394 1.177486
395 1.177486
396 1.177486
397 1.177486
