1 0.989608
2 0.984424
3 0.982574
4 0.982588
5 0.983106
6 0.982928
7 0.982212
8 0.981810
9 0.981116
10 0.979890
11 0.978942
12 0.977846
13 0.976978
14 0.975892
15 0.975680
16 0.975488
17 0.975024
18 0.974730
19 0.974966
20 0.975124
21 0.975402
22 0.976260
23 0.977208
24 0.977694
25 0.978408
26 0.979050
27 0.980154
28 0.980690
29 0.982362
30 0.982714
31 0.983466
32 0.983720
33 0.985528
34 0.987564
35 0.988612
36 0.989704
37 0.991282
38 0.992772
39 0.994406
40 0.995694
41 0.996590
42 0.998116
43 0.999430
44 1.001398
45 1.003404
46 1.005098
47 1.007360
48 1.009086
49 1.011482
50 1.013092
51 1.015662
52 1.017130
53 1.019068
54 1.021328
55 1.023604
56 1.025508
57 1.027562
58 1.029306
59 1.031478
60 1.033846
61 1.035890
62 1.037518
63 1.039116
64 1.041378
65 1.043302
66 1.044780
67 1.046722
68 1.048478
69 1.050078
70 1.051180
71 1.053020
72 1.054998
73 1.057080
74 1.058998
75 1.060916
76 1.062384
77 1.063934
78 1.066956
79 1.068970
80 1.070878
81 1.072136
82 1.073686
83 1.074922
84 1.077190
85 1.079184
86 1.080224
87 1.082184
88 1.084186
89 1.085722
90 1.087126
91 1.088828
92 1.090394
93 1.091900
94 1.093724
95 1.094286
96 1.095746
97 1.096002
98 1.097880
99 1.098472
100 1.099510
101 1.101070
102 1.102290
103 1.104004
104 1.104736
105 1.105836
106 1.107440
107 1.109272
108 1.110656
109 1.111854
110 1.113282
111 1.114506
112 1.116232
113 1.117620
114 1.118786
115 1.120142
116 1.121220
117 1.122298
118 1.122924
119 1.123676
120 1.125050
121 1.126392
122 1.127032
123 1.127912
124 1.128542
125 1.128946
126 1.129666
127 1.130608
128 1.132094
129 1.133524
130 1.134436
131 1.134328
132 1.135842
133 1.136700
134 1.137940
135 1.138544
136 1.139180
137 1.140902
138 1.142106
139 1.142502
140 1.143600
141 1.144118
142 1.145142
143 1.145552
144 1.146206
145 1.146750
146 1.147572
147 1.147676
148 1.148426
149 1.148376
150 1.148526
151 1.149156
152 1.150472
153 1.150446
154 1.151168
155 1.152236
156 1.153050
157 1.154104
158 1.154940
159 1.156066
160 1.156728
161 1.157988
162 1.158536
163 1.159622
164 1.160566
165 1.161230
166 1.161812
167 1.162546
168 1.162988
169 1.163852
170 1.164680
171 1.165332
172 1.165156
173 1.164918
174 1.164588
175 1.165134
176 1.165418
177 1.165730
178 1.166230
179 1.166532
180 1.166964
181 1.167282
182 1.167886
183 1.168076
184 1.168678
185 1.168748
186 1.168594
187 1.169166
188 1.169890
189 1.170158
190 1.170902
191 1.171072
192 1.172038
193 1.172010
194 1.171990
195 1.172244
196 1.171922
197 1.171554
198 1.171058
199 1.171296
200 1.171518
201 1.171896
202 1.171746
203 1.172168
204 1.172566
205 1.172680
206 1.173146
207 1.173696
208 1.173750
209 1.174810
210 1.175508
211 1.176112
212 1.176708
213 1.176436
214 1.177236
215 1.178068
216 1.178244
217 1.178292
218 1.178166
219 1.178238
220 1.178450
221 1.178934
222 1.179580
223 1.180040
224 1.180222
225 1.180496
226 1.180492
227 1.181188
228 1.181886
229 1.181928
230 1.181894
231 1.182070
232 1.182644
233 1.182608
234 1.182900
235 1.182690
236 1.182978
237 1.182886
238 1.183028
239 1.182564
240 1.183260
241 1.183592
242 1.184244
243 1.185354
244 1.185394
245 1.185496
246 1.185098
247 1.185156
248 1.185746
249 1.186216
250 1.186838
251 1.187166
252 1.187400
253 1.187300
254 1.187598
255 1.187756
256 1.187938
257 1.188582
258 1.188138
259 1.188272
260 1.188992
261 1.189622
262 1.189382
263 1.189576
264 1.189172
265 1.189366
266 1.189324
267 1.189156
268 1.189360
269 1.189398
270 1.188092
271 1.188052
272 1.187764
273 1.188282
274 1.188314
275 1.188474
276 1.189106
277 1.188894
278 1.189486
279 1.189530
280 1.189242
281 1.189418
282 1.190222
283 1.189828
284 1.190332
285 1.189948
286 1.189966
287 1.190434
288 1.190856
289 1.191614
290 1.191258
291 1.191650
292 1.191864
293 1.191748
294 1.191918
295 1.192122
296 1.191822
297 1.192072
298 1.192430
299 1.192068
300 1.192110
301 1.191998
302 1.192070
303 1.192038
304 1.192512
305 1.193426
306 1.193080
307 1.193114
308 1.193440
309 1.193722
310 1.193758
311 1.193772
312 1.194278
313 1.194362
314 1.194544
315 1.194046
316 1.194010
317 1.194030
318 1.194462
319 1.194716
320 1.194674
321 1.194498
322 1.194332
323 1.194524
324 1