17 17 153
1.26 1.26 0.54 
6

1 1 1 1 1 1 1 1 1 1 1 1 1 1 1 1 1 
1 2 2 2 2 2 2 2 2 2 2 2 2 2 2 2 1 
1 2 2 2 2 4 2 2 4 2 2 4 2 2 2 2 1 
1 2 2 4 2 3 3 3 3 3 3 3 2 4 2 2 1 
1 2 2 2 3 3 3 3 3 3 3 3 3 2 2 2 1 
1 2 4 3 3 4 3 3 4 3 3 4 3 3 4 2 1 
1 2 2 3 3 3 3 3 3 3 3 3 3 3 2 2 1 
1 2 2 3 3 3 3 3 3 3 3 3 3 3 2 2 1 
1 2 4 3 3 4 3 3 5 3 3 4 3 3 4 2 1 
1 2 2 3 3 3 3 3 3 3 3 3 3 3 2 2 1 
1 2 2 3 3 3 3 3 3 3 3 3 3 3 2 2 1 
1 2 4 3 3 4 3 3 4 3 3 4 3 3 4 2 1 
1 2 2 2 3 3 3 3 3 3 3 3 3 2 2 2 1 
1 2 2 4 2 3 3 3 3 3 3 3 2 4 2 2 1 
1 2 2 2 2 4 2 2 4 2 2 4 2 2 2 2 1 
1 2 2 2 2 2 2 2 2 2 2 2 2 2 2 2 1 
1 1 1 1 1 1 1 1 1 1 1 1 1 1 1 1 1 