1 0.590070
2 1.081343
3 1.111329
4 1.131096
5 1.141580
6 1.151374
7 1.158992
8 1.164032
9 1.166250
10 1.168396
11 1.173395
12 1.173137
13 1.174550
14 1.175911
15 1.177299
16 1.179113
17 1.178922
18 1.178794
19 1.178632
20 1.181985
21 1.182063
22 1.181380
23 1.181623
24 1.181419
25 1.181623
26 1.182041
27 1.180303
28 1.181180
29 1.180825
30 1.181818
31 1.181913
32 1.181885
33 1.181929
34 1.183292
35 1.183040
36 1.182784
37 1.182260
38 1.180744
39 1.181528
40 1.181712
41 1.182135
42 1.182912
43 1.181290
44 1.180990
45 1.184882
46 1.182992
47 1.182326
48 1.180963
49 1.183198
50 1.183063
51 1.180861
52 1.183658
53 1.183771
54 1.183058
55 1.183016
56 1.182117
57 1.181681
58 1.181769
59 1.181285
60 1.181837
61 1.182972
62 1.182138
63 1.183400
64 1.183361
65 1.182439
66 1.183208
67 1.183144
68 1.184024
69 1.183613
70 1.183146
71 1.182775
72 1.183838
73 1.184144
74 1.182470
75 1.181458
76 1.182526
77 1.182610
78 1.184352
79 1.183375
80 1.184820
81 1.183400
82 1.183206
83 1.182688
84 1.182902
85 1.184190
86 1.183615
87 1.182107
88 1.183578
89 1.182413
90 1.183660
91 1.183287
92 1.183110
93 1.183376
94 1.182974
95 1.182588
96 1.183316
97 1.181489
98 1.184707
99 1.183878
100 1.182376
101 1.182204
102 1.184514
103 1.185455
104 1.182971
105 1.184025
106 1.183887
107 1.183672
108 1.182704
109 1.183559
110 1.184043
111 1.183285
112 1.182088
113 1.183420
114 1.181881
115 1.183080
116 1.182838
117 1.183473
118 1.184448
119 1.184772
120 1.184671
121 1.184138
122 1.184163
123 1.182993
124 1.184401
125 1.183273
126 1.184419
127 1.182309
128 1.183111
129 1.184665
130 1.183413
131 1.182717
132 1.184168
133 1.182709
134 1.184624
135 1.182590
136 1.182415
137 1.183143
138 1.183345
139 1.183668
140 1.184429
141 1.185082
142 1.183355
143 1.183554
144 1.184415
145 1.184712
146 1.182279
147 1.183755
148 1.183656
149 1.183659
150 1.183315
151 1.183995
152 1.184393
153 1.184716
154 1.184457
155 1.184466
156 1.182600
157 1.183796
158 1.184947
159 1.182929
160 1.183224
161 1.184988
162 1.183678
163 1.183386
164 1.183705
165 1.181579
166 1.183919
167 1.182466
168 1.182722
169 1.184012
170 1.181983
171 1.184460
172 1.184362
173 1.184976
174 1.184602
175 1.183693
176 1.184466
177 1.183713
178 1.183817
179 1.182957
180 1.183163
181 1.183657
182 1.183750
183 1.183045
184 1.182523
185 1.183958
186 1.184310
187 1.183669
188 1.182610
189 1.181832
190 1.185592
191 1.184196
192 1.182981
193 1.183827
194 1.183644
195 1.184294
196 1.183168
197 1.182530
198 1.182864
199 1.183984
200 1.182375
201 1.183484
202 1.184055
203 1.182303
204 1.182758
205 1.183858
206 1.183807
207 1.182633
208 1.185239
209 1.184170
210 1.182475
211 1.183315
212 1.183162
213 1.183680
214 1.184272
215 1.184773
216 1.184683
217 1.183346
218 1.184076
219 1.183365
220 1.184182
221 1.183001
222 1.183694
223 1.184243
224 1.183334
225 1.182289
226 1.184137
227 1.182258
228 1.183246
229 1.184314
230 1.184255
231 1.184371
232 1.183505
233 1.182442
234 1.184116
235 1.183490
236 1.183265
237 1.184161
238 1.183540
239 1.182796
240 1.182792
241 1.182461
242 1.186640
243 1.183958
244 1.183503
245 1.183406
246 1.181507
247 1.183862
248 1.185706
249 1.183095
250 1.183999
251 1.182902
252 1.183496
253 1.183852
254 1.184153
255 1.184855
256 1.183393
257 1.182454
258 1.184766
259 1.184014
260 1.181934
261 1.182139
262 1.184278
263 1.184152
264 1.182845
265 1.182181
266 1.182562
267 1.183079
268 1.183378
269 1.184572
270 1.181663
271 1.184535
272 1.183161
273 1.182643
274 1.181898
275 1.184015
276 1.184783
277 1.183948
278 1.182541
279 1.182519
280 1.182210
281 1.183313
282 1.184584
283 1.182737
284 1.183223
285 1.183969
286 1.181799
287 1.182916
288 1.182097
289 1.184333
290 1.183730
291 1.183668
292 1.184216
293 1.184903
294 1.183635
295 1.182185
296 1.182838
297 1.183829
298 1.183406
299 1.183579
300 1.183930
301 1.183138
302 1.184220
303 1.184464
304 1.184534
305 1.184424
306 1.186239
307 1.183432
308 1.182596
309 1.184604
310 1.184606
311 1.183084
312 1.182895
313 1.183814
314 1.182751
315 1.183674
316 1.182691
317 1.183708
318 1.183681
319 1.183773
320 1.184329
321 1.184859
322 1.182682
323 1.182766
324 1.186027
325 1.184069
326 1.183660
327 1.184456
328 1.182933
329 1.182217
330 1.184056
331 1.183616
332 1.184915
333 1.184563
334 1.184228
335 1.184304
336 1.182809
337 1.184065
338 1.182319
339 1.184373
340 1.183405
341 1.185709
342 1.183857
343 1.183689
344 1.183109
345 1.183009
346 1.182801
347 1.182992
348 1.182670
349 1.183386
350 1.183629
351 1.184954
352 1.184785
353 1.185645
354 1.184986
355 1.185008
356 1.184707
357 1.185474
358 1.183159
359 1.182630
360 1.184127
361 1.183344
362 1.183997
363 1.183721
364 1.184015
365 1.183227
366 1.185250
367 1.184619
368 1.186202
369 1.185121
370 1.183499
371 1.183810
372 1.183931
373 1.183848
374 1.183346
375 1.182361
376 1.184541
377 1.184896
378 1.183251
379 1.183339
380 1.185543
381 1.183431
382 1.183987
383 1.183274
384 1.183125
385 1.182508
386 1.184074
387 1.183216
388 1.182739
389 1.183782
390 1.184717
391 1.185333
392 1.184120
393 1.182522
394 1.182295
395 1.182859
396 1.184089
397 1.184077
398 1.183357
399 1.182831
400 1.182774
401 1.184093
402 1.182784
403 1.183537
404 1.183509
405 1.185057
406 1.184940
407 1.183388
408 1.183389
409 1.183501
410 1.185922
411 1.182869
412 1.182618
413 1.183819
414 1.183539
415 1.184064
416 1.184670
417 1.183797
418 1.185009
419 1.183734
420 1.184585
421 1.186219
422 1.185292
423 1.183723
424 1.183324
425 1.185370
426 1.183328
427 1.184255
428 1.184886
429 1.184938
430 1.183288
431 1.184133
432 1.185013
433 1.183872
434 1.182946
435 1.185220
436 1.183924
437 1.184248
438 1.184682
439 1.184853
440 1.184058
441 1.183753
442 1.181926
443 1.183973
444 1.185057
445 1.184331
446 1.184064
447 1.183652
448 1.182909
449 1.184965
450 1.185062
451 1.184116
452 1.183347
453 1.185001
454 1.184087
455 1.183490
456 1.183454
457 1.185237
458 1.184426
459 1.183845
460 1.184914
461 1.183110
462 1.182433
463 1.181013
464 1.184369
465 1.184574
466 1.183528
467 1.182357
468 1.182678
469 1.183911
470 1.182720
471 1.183535
472 1.182198
473 1.183411
474 1.184162
475 1.183255
476 1.184130
477 1.183015
478 1.183722
479 1.182753
480 1.181702
481 1.183858
482 1.183093
483 1.183489
484 1.182896
485 1.182787
486 1.182798
487 1.182917
488 1.183621
489 1.183958
490 1.182434
491 1.182725
492 1.183814
493 1.184788
494 1.183588
495 1.184196
496 1.185439
497 1.183231
498 1.184538
499 1.183803
500 1.183630
501 1.182880


Active cycles: 200
k_mean: 1.183831
k_stddev(cycle): 0.000939
k_stderr(mean): 0.000066
Difference with the reference K: 0.000021, Per cent error: 0.001773
Reactivity(rho): 0.155285, pcm difference: 1.497772
Total Time: 397.765278seconds. Average: 0.793943 seconds per cycle.
