1 1.192681
2 1.199903
3 1.208845
4 1.217887
5 1.227455
6 1.235183
7 1.242191
8 1.248434
9 1.253326
10 1.257315
11 1.260533
12 1.262924
13 1.265367
14 1.267460
15 1.269598
16 1.271360
17 1.272664
18 1.273488
19 1.274478
20 1.275820
21 1.277073
22 1.277705
23 1.278427
24 1.279372
25 1.280601
26 1.281193
27 1.281375
28 1.282443
29 1.283293
30 1.284057
31 1.284552
32 1.284945
33 1.285362
34 1.285383
35 1.284865
36 1.284574
37 1.284195
38 1.285097
39 1.284794
40 1.284294
41 1.284443
42 1.283591
43 1.283387
44 1.283134
45 1.283037
46 1.283167
47 1.282504
48 1.282220
49 1.282412
50 1.281877
51 1.281088
52 1.280861
53 1.280499
54 1.279845
55 1.279237
56 1.278877
57 1.278707
58 1.278733
59 1.278794
60 1.278664
61 1.278037
62 1.277741
63 1.277146
64 1.276180
65 1.275998
66 1.275413
67 1.274843
68 1.274120
69 1.273945
70 1.272724
71 1.271672
72 1.271069
73 1.270368
74 1.270152
75 1.269835
76 1.269262
77 1.268881
78 1.268076
79 1.267969
80 1.267463
81 1.266520
82 1.265886
83 1.266144
84 1.266179
85 1.264799
86 1.263997
87 1.263869
88 1.263651
89 1.262398
90 1.261743
91 1.260791
92 1.260111
93 1.259659
94 1.258909
95 1.259223
96 1.259287
97 1.258411
98 1.257995
99 1.257175
100 1.256633
101 1.255016
102 1.255082
103 1.253944
104 1.253768
105 1.253011
106 1.252220
107 1.251230
108 1.250402
109 1.250096
110 1.249002
111 1.248486
112 1.247371
113 1.246706
114 1.246587
115 1.246273
116 1.245505
117 1.244996
118 1.244251
119 1.243483
120 1.243649
121 1.243569
122 1.242937
123 1.242799
124 1.241686
125 1.241272
126 1.240929
127 1.241454
128 1.240877
129 1.240273
130 1.239253
131 1.239298
132 1.238504
133 1.237385
134 1.237058
135 1.236873
136 1.236042
137 1.236149
138 1.235083
139 1.234896
140 1.234008
141 1.233390
142 1.233407
143 1.233054
144 1.233078
145 1.232278
146 1.231851
147 1.231757
148 1.231323
149 1.230462
150 1.230232
151 1.229377
152 1.228558
153 1.228061
154 1.227646
155 1.227208
156 1.227826
157 1.227493
158 1.227822
159 1.227680
160 1.227455
161 1.226808
162 1.226827
163 1.226941
164 1.226690
165 1.227161
166 1.226891
167 1.226283
168 1.226148
169 1.225615
170 1.224685
171 1.224822
172 1.224467
173 1.224685
174 1.223491
175 1.222812
176 1.222326
177 1.221770
178 1.221377
179 1.220158
180 1.219784
181 1.219436
182 1.219263
183 1.219417
184 1.219428
185 1.218436
186 1.218382
187 1.218299
188 1.218259
189 1.218318
190 1.218280
191 1.217913
192 1.217144
193 1.216900
194 1.216280
195 1.215976
196 1.215759
197 1.214724
198 1.214776
199 1.214601
200 1.213857
201 1.213315
202 1.212470
203 1.211608
204 1.211940
205 1.211774
206 1.211466
207 1.211329
208 1.210782
209 1.210600
210 1.210439
211 1.210566
212 1.210173
213 1.210017
214 1.209432
215 1.209077
216 1.209444
217 1.209108
218 1.208930
219 1.208398
220 1.207768
221 1.208388
222 1.208812
223 1.207638
224 1.207418
225 1.207320
226 1.206899
227 1.207008
228 1.206504
229 1.206944
230 1.206222
231 1.206122
232 1.205455
233 1.204744
234 1.204389
235 1.203606
236 1.203599
237 1.203698
238 1.203054
239 1.203407
240 1.203847
241 1.203845
242 1.203104
243 1.202564
244 1.202211
245 1.201875
246 1.202000
247 1.202630
248 1.203182
249 1.202609
250 1.202668
251 1.202472
252 1.202628
253 1.202273
254 1.202036
255 1.201437
256 1.201598
257 1.201162
258 1.201169
259 1.200485
260 1.200440
261 1.199616
262 1.199325
263 1.197907
264 1.197542
265 1.197869
266 1.197497
267 1.197942
268 1.198004
269 1.198122
270 1.198013
271 1.197578
272 1.198058
273 1.197727
274 1.196780
275 1.196264
276 1.196302
277 1.196032
278 1.196169
279 1.196294
280 1.196368
281 1.196254
282 1.196484
283 1.196318
284 1.196043
285 1.195501
286 1.195591
287 1.195345
288 1.195167
289 1.195532
290 1.195203
291 1.194969
292 1.195632
293 1.195501
294 1.195234
295 1.194737
296 1.194988
297 1.195108
298 1.195267
299 1.195014
300 1.194419
301 1.194055
302 1.194322
303 1.194126
304 1.193872
305 1.193726
306 1.193146
307 1.191867
308 1.191855
309 1.192035
310 1.191950
311 1.192042
312 1.192068
313 1.192153
314 1.192423
315 1.192549
316 1.192255
317 1.191940
318 1.192542
319 1.192958
320 1.193228
321 1.192975
322 1.192023
323 1.192196
324 1.191917
325 1.192073
326 1.191495
327 1.191429
328 1.191199
329 1.191029
330 1.191195
331 1.191621
332 1.192345
333 1.191431
334 1.191618
335 1.191195
336 1.191588
337 1.191313
338 1.190875
339 1.190726
340 1.190780
341 1.190686
342 1.191214
343 1.191069
344 1.190849
345 1.190790
346 1.190899
347 1.191199
348 1.191161
349 1.191102
350 1.191455
351 1.191569
352 1.192345
353 1.192802
354 1.193153
355 1.192859
356 1.193022
357 1.192556
358 1.191933
359 1.192388
360 1.191431
361 1.191498
362 1.191626
363 1.191891
364 1.191782
365 1.192144
366 1.191379
367 1.191379
368 1.190371
369 1.189750
370 1.189480
371 1.190023
372 1.189814
373 1.189930
374 1.189781
375 1.190326
376 1.190915
377 1.191259
378 1.190809
379 1.190437
380 1.190837
381 1.191450
382 1.191562
383 1.191443
384 1.191398
385 1.191152
386 1.191067
387 1.191779
388 1.191581
389 1.191206
390 1.191045
391 1.190411
392 1.189686
393 1.189703
394 1.189862
395 1.189772
396 1.189606
397 1.190146
398 1.190610
399 1.190683
400 1.190671
401 1.190250
402 1.189750
403 1.189135
404 1.189248
405 1.189767
406 1.189658
407 1.189682
408 1.190570
409 1.190404
410 1.190667
411 1.190508
412 1.190181
413 1.190577
414 1.190446
415 1.190678
416 1.191017
417 1.191171
418 1.191668
419 1.191955
420 1.192447
421 1.191607
422 1.191628
423 1.191739
424 1.191476
425 1.190899
426 1.190854
427 1.190728
428 1.190049
429 1.190356
430 1.190629
431 1.190607
432 1.190155
433 1.190181
434 1.190229
435 1.190427
436 1.190366
437 1.189753
438 1.189284
439 1.189701
440 1.189040
441 1.188685
442 1.188242
443 1.188195
444 1.187984
445 1.188808
446 1.188654
447 1.188775
448 1.188739
449 1.187908
450 1.187958
451 1.188327
452 1.188346
453 1.188065
454 1.187328
455 1.187459
456 1.187676
457 1.187681
458 1.188273
459 1.188053
460 1.188048
461 1.188301
462 1.188067
463 1.187312
464 1.186753
465 1.187056
466 1.186287
467 1.185983
468 1.186021
469 1.186542
470 1.186426
471 1.185998
472 1.185609
473 1.185711
474 1.185583
475 1.185176
476 1.185034
477 1.185183
478 1.185216
479 1.186135
480 1.186211
481 1.186256
482 1.186189
483 1.185938
484 1.185922
485 1.186296
486 1.186360
487 1.186045
488 1.186722
489 1.185856
490 1.185659
491 1.186251
492 1.186585
493 1.186983
494 1.186729
495 1.186850
496 1.186613
497 1.185614
498 1.185896
499 1.186189
500 1.186495
501 1.186843
502 1.186698
503 1.186466
504 1.185920
505 1.186168
506 1.186076
507 1.186270
508 1.186107
509 1.186303
510 1.186485
511 1.187196
512 1.186957
513 1.185993
514 1.185680
515 1.185929
516 1.185216
517 1.185401
518 1.186005
519 1.185929
520 1.186088
521 1.185860
522 1.186152
523 1.185484
524 1.185671
525 1.186028
526 1.186594
527 1.187148
528 1.187970
529 1.188505
530 1.188003
531 1.187963
532 1.187648
533 1.187814
534 1.187499
535 1.187191
536 1.186824
537 1.186502
538 1.186443
539 1.186933
540 1.186857
541 1.187350
542 1.186940
543 1.186881
544 1.187527
545 1.186923
546 1.186914
547 1.186668
548 1.187373
549 1.187181
550 1.188183
551 1.187821
552 1.187840
553 1.187882
554 1.187345
555 1.187503
556 1.187087
557 1.187042
558 1.187250
559 1.187316
560 1.187792
561 1.187733
562 1.187146
563 1.187184
564 1.186800
565 1.186980
566 1.186322
567 1.186665
568 1.186770
569 1.186883
570 1.187300
571 1.186838
572 1.187063
573 1.186739
574 1.186741
575 1.186796
576 1.186346
577 1.186109
578 1.185934
579 1.185820
580 1.185635
581 1.186287
582 1.186279
583 1.186923
584 1.186630
585 1.186848
586 1.187189
587 1.187892
588 1.188417
589 1.188514
590 1.188356
591 1.188280
592 1.188387
593 1.188323
594 1.187468
595 1.186871
596 1.187061
597 1.186857
598 1.186850
599 1.186848
600 1.186609
601 1.186542
602 1.186601
603 1.187392
604 1.186973
605 1.187177
606 1.186883
607 1.186403
608 1.186826
609 1.187177
610 1.187058
611 1.187058
612 1.186469
613 1.186393
614 1.186440
615 1.186912
616 1.186815
617 1.187106
618 1.186765
619 1.187314
620 1.187281
621 1.186900
622 1.187456
623 1.187212
624 1.186881
625 1.187234
626 1.186571
627 1.187155
628 1.187492
629 1.188029
630 1.187764
631 1.187144
632 1.187650
633 1.187250
634 1.186488
635 1.186220
636 1.185714
637 1.185991
638 1.185761
639 1.185167
640 1.185638
641 1.185067
642 1.184575
643 1.185508
644 1.185898
645 1.185846
646 1.185576
647 1.185723
648 1.185186
649 1.185600
650 1.185638
651 1.185692
652 1.186133
653 1.186294
654 1.186559
655 1.186694
656 1.186324
657 1.185983
658 1.186381
659 1.186021
660 1.186412
661 1.186355
662 1.186405
663 1.186168
664 1.185950
665 1.185228
666 1.184475
667 1.183682
668 1.183917
669 1.184445
670 1.184606
671 1.184570
672 1.185155
673 1.185517
674 1.185832
675 1.186142
676 1.187307
677 1.188342
678 1.188351
679 1.189099
680 1.188988
681 1.189263
682 1.188846
683 1.189040
684 1.188543
685 1.188744
686 1.189336
687 1.189786
688 1.189613
689 1.189466
690 1.188777
691 1.188396
692 1.188403
693 1.188330
694 1.187986
695 1.188074
696 1.187754
697 1.187548
698 1.187752
699 1.187944
700 1.187863
701 1.188226
702 1.188602
703 1.188619
704 1.188737
705 1.188387
706 1.187186
707 1.187290
708 1.186878
709 1.187387
710 1.187553
711 1.187181
712 1.187461
713 1.187101
714 1.187262
715 1.187409
716 1.187037
717 1.187359
718 1.187456
719 1.187226
720 1.187350
721 1.187037
722 1.186971
723 1.186407
724 1.186268
725 1.186587
726 1.186741
727 1.186367
728 1.186348
729 1.185901
730 1.186135
731 1.185600
732 1.185432
733 1.185437
734 1.185292
735 1.185529
736 1.185527
737 1.185223
738 1.184707
739 1.184066
740 1.184016
741 1.184132
742 1.184932
743 1.184885
744 1.185576
745 1.185995
746 1.186208
747 1.186057
748 1.185903
749 1.185543
750 1.184774
751 1.184864
752 1.185216
753 1.185621
754 1.185972
755 1.185197
756 1.185463
757 1.185938
758 1.185768
759 1.185621
760 1.185287
761 1.185382
762 1.186010
763 1.185950
764 1.186180
765 1.185579
766 1.185401
767 1.185245
768 1.184660
769 1.183869
770 1.183917
771 1.183921
772 1.184402
773 1.184385
774 1.184414
775 1.184561
776 1.185157
777 1.184731
778 1.184054
779 1.184456
780 1.184620
781 1.184416
782 1.184305
783 1.184111
784 1.184080
785 1.185171
786 1.185136
787 1.185328
788 1.185725
789 1.186007
790 1.185479
791 1.185065
792 1.185216
793 1.185124
794 1.184707
795 1.184205
796 1.184480
797 1.184376
798 1.184227
799 1.185039
800 1.184738
801 1.185197
802 1.185500
803 1.184980
804 1.185931
805 1.186161
806 1.185621
807 1.185583
808 1.185567
809 1.185950
810 1.185505
811 1.185299
812 1.185401
813 1.184994
814 1.184731
815 1.185003
816 1.184731
817 1.184594
818 1.184490
819 1.184632
820 1.184504
821 1.185013
822 1.185801
823 1.185562
824 1.185015
825 1.185271
826 1.185053
827 1.184343
828 1.184674
829 1.184944
830 1.184703
831 1.184875
832 1.184788
833 1.184518
834 1.184352
835 1.184440
836 1.184570
837 1.184383
838 1.184530
839 1.184757
840 1.184868
841 1.184134
842 1.184400
843 1.184433
844 1.184068
845 1.184291
846 1.184319
847 1.184312
848 1.184487
849 1.184376
850 1.184838
851 1.184710
852 1.184544
853 1.184416
854 1.183734
855 1.184099
856 1.184392
857 1.184546
858 1.184182
859 1.184565
860 1.184674
861 1.184807
862 1.184963
863 1.184755
864 1.184539
865 1.184572
866 1.185162
867 1.185332
868 1.185799
869 1.185917
870 1.185394
871 1.185915
872 1.185742
873 1.186294
874 1.186154
875 1.186040
876 1.185898
877 1.186064
878 1.186017
879 1.185202
880 1.185036
881 1.185278
882 1.185579
883 1.185799
884 1.186256
885 1.186556
886 1.186824
887 1.186412
888 1.187354
889 1.187496
890 1.187518
891 1.187776
892 1.187904
893 1.187527
894 1.187070
895 1.187276
896 1.187861
897 1.187714
898 1.188048
899 1.188084
900 1.187918
901 1.188323
902 1.188306
903 1.188593
904 1.188081
905 1.187399
906 1.186698
907 1.186893
908 1.186990
909 1.186734
910 1.186597
911 1.187191
912 1.187065
913 1.187073
914 1.187132
915 1.187605
916 1.187309
917 1.187141
918 1.186478
919 1.186455
920 1.186320
921 1.186720
922 1.185683
923 1.186353
924 1.185924
925 1.186223
926 1.186436
927 1.186114
928 1.185773
929 1.185484
930 1.185124
931 1.185356
932 1.184838
933 1.185145
934 1.185133
935 1.185107
936 1.185373
937 1.185335
938 1.185666
939 1.185631
940 1.185822
941 1.185898
942 1.186021
943 1.185493
944 1.185392
945 1.185427
946 1.186133
947 1.186459
948 1.185176
949 1.184984
950 1.184523
951 1.184594
952 1.184740
953 1.184411
954 1.184776
955 1.185105
956 1.185178
957 1.184743
958 1.184452
959 1.183448
960 1.182967
961 1.182465
962 1.182709
963 1.182875
964 1.183959
965 1.184080
966 1.184260
967 1.184511
968 1.184212
969 1.184411
970 1.184059
971 1.183827
972 1.183291
973 1.182920
974 1.183346
975 1.183599
976 1.183988
977 1.183907
978 1.183900
979 1.183381
980 1.184002
981 1.184712
982 1.185261
983 1.184999
984 1.185545
985 1.185657
986 1.186024
987 1.186429
988 1.186635
989 1.186843
990 1.186611
991 1.186836
992 1.187219
993 1.187378
994 1.186391
995 1.185889
996 1.185991
997 1.186107
998 1.185633
999 1.185680
1000 1.186171
1001 1.186545
1002 1.187061
1003 1.187189
1004 1.187432
1005 1.187333
1006 1.187596
1007 1.187477
1008 1.187342
1009 1.187598
1010 1.187167
1011 1.186836
1012 1.186805
1013 1.186585
1014 1.186194
1015 1.186864
1016 1.186696
1017 1.186438
1018 1.185953
1019 1.186118
1020 1.186471
1021 1.186952
1022 1.186767
1023 1.186632
1024 1.186270
1025 1.186064
1026 1.186218
1027 1.186268
1028 1.186672
1029 1.186308
1030 1.185448
1031 1.184807
1032 1.184568
1033 1.184646
1034 1.184944
1035 1.185261
1036 1.185392
1037 1.185131
1038 1.185017
1039 1.185548
1040 1.185669
1041 1.186424
1042 1.186845
1043 1.186850
1044 1.186675
1045 1.186729
1046 1.186448
1047 1.186400
1048 1.186417
1049 1.185993
1050 1.185938
1051 1.186012
1052 1.185832
1053 1.186019
1054 1.186026
1055 1.185474
1056 1.185020
1057 1.185126
1058 1.184130
1059 1.183692
1060 1.183370
1061 1.183178
1062 1.183348
1063 1.183291
1064 1.183479
1065 1.183322
1066 1.183943
1067 1.184063
1068 1.183895
1069 1.184092
1070 1.183708
1071 1.184267
1072 1.183976
1073 1.183976
1074 1.184800
1075 1.185313
1076 1.185306
1077 1.185001
1078 1.185136
1079 1.185683
1080 1.185105
1081 1.185231
1082 1.184942
1083 1.184492
1084 1.184194
1085 1.183827
1086 1.183583
1087 1.184414
1088 1.184591
1089 1.184785
1090 1.185077
1091 1.185126
1092 1.184868
1093 1.185032
1094 1.185273
1095 1.185103
1096 1.184840
1097 1.185302
1098 1.185832
1099 1.185373
1100 1.185058
1101 1.184286
1102 1.183921
1103 1.184104
1104 1.183412
1105 1.183017
1106 1.182891
1107 1.183213
1108 1.183611
1109 1.183294
1110 1.183460
1111 1.183606
1112 1.183254
1113 1.183017
1114 1.182766
1115 1.182925
1116 1.183488
1117 1.183834
1118 1.183945
1119 1.184660
1120 1.184286
1121 1.184499
1122 1.184212
1123 1.183765
1124 1.183748
1125 1.184108
1126 1.184132
1127 1.184033
1128 1.183348
1129 1.183408
1130 1.184376
1131 1.185477
1132 1.184700
1133 1.184141
1134 1.183455
1135 1.183381
1136 1.183784
1137 1.183538
1138 1.183561
1139 1.183666
1140 1.183372
1141 1.183540
1142 1.183642
1143 1.183585
1144 1.183850
1145 1.184591
1146 1.184743
1147 1.183862
1148 1.184355
1149 1.184717
1150 1.184703
1151 1.184051
1152 1.184705
1153 1.184376
1154 1.184139
1155 1.184575
1156 1.183980
1157 1.184089
1158 1.184854
1159 1.185304
1160 1.185141
1161 1.184087
1162 1.184347
1163 1.184781
1164 1.185157
1165 1.185207
1166 1.185420
1167 1.185223
1168 1.185228
1169 1.185349
1170 1.185479
1171 1.185749
1172 1.185844
1173 1.185628
1174 1.185586
1175 1.185538
1176 1.185375
1177 1.185652
1178 1.185470
1179 1.185773
1180 1.186147
1181 1.185976
1182 1.186021
1183 1.185796
1184 1.185666
1185 1.185957
1186 1.185695
1187 1.185616
1188 1.185257
1189 1.184833
1190 1.185368
1191 1.185029
1192 1.185425
1193 1.186343
1194 1.186137
1195 1.186661
1196 1.186687
1197 1.186175
1198 1.186239
1199 1.186855
1200 1.186064
1201 1.185832
1202 1.186739
1203 1.186796
1204 1.187070
1205 1.187537
1206 1.188197
1207 1.188647
1208 1.188460
1209 1.188621
1210 1.188602
1211 1.187683
1212 1.187752
1213 1.187461
1214 1.188102
1215 1.187721
1216 1.187276
1217 1.186623
1218 1.185927
1219 1.185453
1220 1.184809
1221 1.185058
1222 1.184646
1223 1.185167
1224 1.185976
1225 1.186310
1226 1.186483
1227 1.186336
1228 1.186587
1229 1.185799
1230 1.185434
1231 1.185261
1232 1.185325
1233 1.184769
1234 1.184928
1235 1.185356
1236 1.185202
1237 1.185122
1238 1.184778
1239 1.184897
1240 1.185162
1241 1.185915
1242 1.185811
1243 1.185616
1244 1.185692
1245 1.185799
1246 1.185228
1247 1.185280
1248 1.184561
1249 1.184355
1250 1.184793
1251 1.184371
1252 1.184866
1253 1.184769
1254 1.184920
1255 1.185238
1256 1.185569
1257 1.185927
1258 1.185981
1259 1.186568
1260 1.186353
1261 1.185860
1262 1.185841
1263 1.185983
1264 1.185936
1265 1.185879
1266 1.185368
1267 1.185403
1268 1.186386
1269 1.186554
1270 1.185292
1271 1.185039
1272 1.184466
1273 1.184847
1274 1.185437
1275 1.184899
1276 1.185133
1277 1.185321
1278 1.185373
1279 1.185619
1280 1.185096
1281 1.184418
1282 1.183774
1283 1.183862
1284 1.184551
1285 1.185160
1286 1.185413
1287 1.185096
1288 1.185723
1289 1.185119
1290 1.185141
1291 1.184395
1292 1.184589
1293 1.184127
1294 1.184847
1295 1.184598
1296 1.185141
1297 1.184684
1298 1.184430
1299 1.184930
1300 1.184999
1301 1.185029
1302 1.185131
1303 1.184636
1304 1.184473
1305 1.184700
1306 1.184402
1307 1.184028
1308 1.184186
1309 1.184319
1310 1.184816
1311 1.184781
1312 1.184426
1313 1.184589
1314 1.185235
1315 1.185432
1316 1.185789
1317 1.185995
1318 1.185889
1319 1.185773
1320 1.186234
1321 1.186064
1322 1.186348
1323 1.186611
1324 1.186900
1325 1.187236
1326 1.185974
1327 1.185927
1328 1.186606
1329 1.186284
1330 1.185891
1331 1.186010
1332 1.186152
1333 1.185605
1334 1.184821
1335 1.184816
1336 1.185474
1337 1.185375
1338 1.185197
1339 1.185309
1340 1.185583
1341 1.185302
1342 1.184596
1343 1.184733
1344 1.184800
1345 1.184719
1346 1.185543
1347 1.185626
1348 1.185465
1349 1.185349
1350 1.185313
1351 1.185205
1352 1.184610
1353 1.184314
1354 1.184463
1355 1.184099
1356 1.184042
1357 1.183431
1358 1.183097
1359 1.183239
1360 1.183550
1361 1.183483
1362 1.184276
1363 1.183876
1364 1.184070
1365 1.184371
1366 1.184355
1367 1.184087
1368 1.183232
1369 1.183483
1370 1.183540
1371 1.183777
1372 1.184186
1373 1.184390
1374 1.184158
1375 1.183798
1376 1.183538
1377 1.183166
1378 1.183746
1379 1.183086
1380 1.183505
1381 1.183557
1382 1.183467
1383 1.183890
1384 1.183621
1385 1.184078
1386 1.184430
1387 1.184508
1388 1.184518
1389 1.184381
1390 1.184241
1391 1.184579
1392 1.184061
1393 1.184044
1394 1.184073
1395 1.184321
1396 1.184172
1397 1.184286
1398 1.185264
1399 1.185740
1400 1.186208
1401 1.186571
1402 1.186897
1403 1.186691
1404 1.186400
1405 1.186253
1406 1.186582
1407 1.187099
1408 1.187099
1409 1.186855
1410 1.186848
1411 1.186694
1412 1.186791
1413 1.187186
1414 1.187944
1415 1.187712
1416 1.187823
1417 1.187575
1418 1.187522
1419 1.186968
1420 1.186973
1421 1.186829
1422 1.186317
1423 1.186270
1424 1.186014
1425 1.186578
1426 1.186298
1427 1.186038
1428 1.186372
1429 1.185993
1430 1.185751
1431 1.186085
1432 1.187068
1433 1.187298
1434 1.187608
1435 1.187274
1436 1.187719
1437 1.186732
1438 1.187061
1439 1.187219
1440 1.186819
1441 1.186438
1442 1.186395
1443 1.186417
1444 1.185822
1445 1.185830
1446 1.185212
1447 1.185730
1448 1.186107
1449 1.185983
1450 1.186223
1451 1.186227
1452 1.185910
1453 1.186069
1454 1.185505
1455 1.185744
1456 1.185576
1457 1.185735
1458 1.185676
1459 1.185342
1460 1.185254
1461 1.184965
1462 1.185493
1463 1.186149
1464 1.186445
1465 1.186386
1466 1.186253
1467 1.185974
1468 1.186578
1469 1.186180
1470 1.186897
1471 1.186999
1472 1.187593
1473 1.187707
1474 1.187724
1475 1.187662
1476 1.187612
1477 1.186878
1478 1.186244
1479 1.186819
1480 1.187248
1481 1.187563
1482 1.188441
1483 1.188394
1484 1.188351
1485 1.188155
1486 1.187939
1487 1.187925
1488 1.187603
1489 1.187442
1490 1.187390
1491 1.187392
1492 1.187023
1493 1.186855
1494 1.186388
1495 1.186118
1496 1.186696
1497 1.186597
1498 1.186533
1499 1.186848
1500 1.186464
1501 1.186819
1502 1.186966
1503 1.187205
1504 1.187719
1505 1.187373
1506 1.186841
1507 1.187030
1508 1.187312
1509 1.187293
1510 1.187757
1511 1.187863
1512 1.187416
1513 1.187193
1514 1.187773
1515 1.187442
1516 1.188067
1517 1.188493
1518 1.188578
1519 1.188533
1520 1.188874
1521 1.188910
1522 1.188694
1523 1.188474
1524 1.187762
1525 1.187459
1526 1.187181
1527 1.186957
1528 1.186935
1529 1.186452
1530 1.186407
1531 1.186743
1532 1.186796
1533 1.187210
1534 1.186921
1535 1.186642
1536 1.186182
1537 1.186149
1538 1.186031
1539 1.185910
1540 1.185782
1541 1.185384
1542 1.185950
1543 1.185460
1544 1.184598
1545 1.184973
1546 1.184632
1547 1.184646
1548 1.184577
1549 1.184120
1550 1.184215
1551 1.184418
1552 1.184492
1553 1.185010
1554 1.185875
1555 1.186736
1556 1.186888
1557 1.186455
1558 1.186483
1559 1.186625
1560 1.186204
1561 1.186448
1562 1.186265
1563 1.186334
1564 1.186431
1565 1.186935
1566 1.186954
1567 1.186779
1568 1.186317
1569 1.186620
1570 1.187300
1571 1.186848
1572 1.187342
1573 1.186788
1574 1.186341
1575 1.186748
1576 1.186341
1577 1.186481
1578 1.187380
1579 1.187125
1580 1.186511
1581 1.185676
1582 1.185858
1583 1.185602
1584 1.185839
1585 1.186045
1586 1.186088
1587 1.185699
1588 1.185446
1589 1.185264
1590 1.185583
1591 1.186171
1592 1.185889
1593 1.185519
1594 1.185103
1595 1.185408
1596 1.185983
1597 1.185872
1598 1.185676
1599 1.185214
1600 1.185834
1601 1.185223
1602 1.184655
1603 1.184523
1604 1.183860
1605 1.183365
1606 1.183528
1607 1.183957
1608 1.184769
1609 1.185434
1610 1.184466
1611 1.184153
1612 1.184115
1613 1.184371
1614 1.184861
1615 1.185512
1616 1.185749
1617 1.185508
1618 1.186088
1619 1.186542
1620 1.186154
1621 1.187087
1622 1.186530
1623 1.186542
1624 1.186211
1625 1.186322
1626 1.185825
1627 1.185205
1628 1.184383
1629 1.184402
1630 1.184579
1631 1.184234
1632 1.183822
1633 1.183753
1634 1.183583
1635 1.184018
1636 1.184025
1637 1.184525
1638 1.184141
1639 1.184182
1640 1.184681
1641 1.184816
1642 1.184849
1643 1.183819
1644 1.183663
1645 1.184191
1646 1.183952
1647 1.184253
1648 1.184175
1649 1.183893
1650 1.183261
1651 1.183426
1652 1.183405
1653 1.183928
1654 1.184624
1655 1.184534
1656 1.184246
1657 1.184191
1658 1.183992
1659 1.184229
1660 1.184736
1661 1.184989
1662 1.185240
1663 1.184954
1664 1.185117
1665 1.185046
1666 1.184762
1667 1.185157
1668 1.184866
1669 1.185285
1670 1.186353
1671 1.185754
1672 1.186069
1673 1.185429
1674 1.185766
1675 1.184717
1676 1.184395
1677 1.184049
1678 1.184196
1679 1.183772
1680 1.183613
1681 1.183696
1682 1.183507
1683 1.183019
1684 1.182906
1685 1.183685
1686 1.183152
1687 1.183228
1688 1.183180
1689 1.183261
1690 1.182157
1691 1.182451
1692 1.183846
1693 1.182965
1694 1.182302
1695 1.183005
1696 1.183303
1697 1.184369
1698 1.184610
1699 1.185131
1700 1.185193
1701 1.184511
1702 1.185027
1703 1.184906
1704 1.184326
1705 1.184056
1706 1.183933
1707 1.184383
1708 1.184639
1709 1.184892
1710 1.185221
1711 1.184788
1712 1.184722
1713 1.184307
1714 1.183921
1715 1.183950
1716 1.183725
1717 1.183985
1718 1.184054
1719 1.184416
1720 1.184170
1721 1.185129
1722 1.185247
1723 1.184965
1724 1.183997
1725 1.183462
1726 1.183706
1727 1.183613
1728 1.183744
1729 1.183618
1730 1.184156
1731 1.184099
1732 1.184980
1733 1.184508
1734 1.184333
1735 1.184490
1736 1.183784
1737 1.183225
1738 1.183339
1739 1.182853
1740 1.182664
1741 1.183095
1742 1.183029
1743 1.182787
1744 1.182657
1745 1.182555
1746 1.182378
1747 1.182588
1748 1.181982
1749 1.181973
1750 1.182195
1751 1.182091
1752 1.182387
1753 1.181753
1754 1.180940
1755 1.181459
1756 1.181506
1757 1.181554
1758 1.181288
1759 1.181951
1760 1.182487
1761 1.182179
1762 1.182586
1763 1.182719
1764 1.182304
1765 1.182695
1766 1.183121
1767 1.183116
1768 1.183225
1769 1.183019
1770 1.182820
1771 1.182825
1772 1.183202
1773 1.183341
1774 1.183306
1775 1.183547
1776 1.184151
1777 1.183992
1778 1.183957
1779 1.184703
1780 1.184930
1781 1.185167
1782 1.185543
1783 1.185912
1784 1.185358
1785 1.185626
1786 1.185209
1787 1.184880
1788 1.184523
1789 1.184224
1790 1.184302
1791 1.184016
1792 1.184130
1793 1.184461
1794 1.184854
1795 1.185389
1796 1.185697
1797 1.185543
1798 1.185058
1799 1.185695
1800 1.186149
1801 1.185652
1802 1.185683
1803 1.185413
1804 1.185529
1805 1.185259
1806 1.185171
1807 1.184722
1808 1.184347
1809 1.184740
1810 1.185036
1811 1.185197
1812 1.184421
1813 1.184778
1814 1.185072
1815 1.184426
1816 1.183791
1817 1.183917
1818 1.183516
1819 1.183038
1820 1.183760
1821 1.183898
1822 1.184312
1823 1.184300
1824 1.184688
1825 1.184859
1826 1.185112
1827 1.185451
1828 1.185235
1829 1.185399
1830 1.185313
1831 1.185190
1832 1.185375
1833 1.185221
1834 1.184849
1835 1.185001
1836 1.184944
1837 1.184589
1838 1.185219
1839 1.185825
1840 1.185626
1841 1.185742
1842 1.185785
1843 1.186324
1844 1.186173
1845 1.185351
1846 1.185624
1847 1.184989
1848 1.184563
1849 1.184999
1850 1.184807
1851 1.184539
1852 1.184778
1853 1.184331
1854 1.183950
1855 1.184672
1856 1.184418
1857 1.184267
1858 1.183829
1859 1.183980
1860 1.183741
1861 1.183512
1862 1.183223
1863 1.183751
1864 1.183786
1865 1.184461
1866 1.185268
1867 1.185616
1868 1.185728
1869 1.185382
1870 1.185434
1871 1.185500
1872 1.185081
1873 1.184549
1874 1.184991
1875 1.185318
1876 1.184793
1877 1.185238
1878 1.185735
1879 1.185910
1880 1.185581
1881 1.185290
1882 1.185396
1883 1.185051
1884 1.185079
1885 1.184513
1886 1.184125
1887 1.184056
1888 1.184239
1889 1.184373
1890 1.185105
1891 1.184785
1892 1.184329
1893 1.184733
1894 1.184177
1895 1.184530
1896 1.185152
1897 1.184996
1898 1.184861
1899 1.185110
1900 1.185463
1901 1.185422
1902 1.185008
1903 1.184897
1904 1.185692
1905 1.185148
1906 1.184738
1907 1.183888
1908 1.183370
1909 1.183320
1910 1.183926
1911 1.183971
1912 1.184558
1913 1.184295
1914 1.184795
1915 1.184388
1916 1.184319
1917 1.184376
1918 1.183971
1919 1.184539
1920 1.184856
1921 1.185110
1922 1.185581
1923 1.185465
1924 1.184961
1925 1.185015
1926 1.184920
1927 1.184873
1928 1.184075
1929 1.183834
1930 1.183592
1931 1.184260
1932 1.184492
1933 1.184520
1934 1.184239
1935 1.184835
1936 1.185401
1937 1.185500
1938 1.185297
1939 1.184639
1940 1.184624
1941 1.184281
1942 1.184527
1943 1.184355
1944 1.184527
1945 1.184373
1946 1.184452
1947 1.185415
1948 1.185323
1949 1.184871
1950 1.185342
1951 1.185439
1952 1.185214
1953 1.186156
1954 1.186147
1955 1.186393
1956 1.185583
1957 1.185169
1958 1.184340
1959 1.184544
1960 1.184542
1961 1.184347
1962 1.183909
1963 1.183692
1964 1.183419
1965 1.184636
1966 1.184651
1967 1.185044
1968 1.184430
1969 1.184767
1970 1.184487
1971 1.184111
1972 1.184880
1973 1.185150
1974 1.185053
1975 1.184624
1976 1.184295
1977 1.184582
1978 1.185098
1979 1.184970
1980 1.184579
1981 1.183725
1982 1.183644
1983 1.184011
1984 1.183656
1985 1.183663
1986 1.183140
1987 1.182884
1988 1.182915
1989 1.183026
1990 1.183211
1991 1.183033
1992 1.183360
1993 1.183801
1994 1.184293
1995 1.183590
1996 1.183767
1997 1.184042
1998 1.183988
1999 1.184073
2000 1.184336
2001 1.184804
2002 1.185117
2003 1.184989
2004 1.184961
2005 1.184842
2006 1.184113
2007 1.183685
2008 1.183748
2009 1.183959
2010 1.184388
2011 1.184641
2012 1.185112
2013 1.184996
2014 1.184871
2015 1.184731
2016 1.184812
2017 1.184764
2018 1.184975
2019 1.184246
2020 1.184402
2021 1.184418
2022 1.184177
2023 1.183983
2024 1.183649
2025 1.183791
2026 1.184236
2027 1.183682
2028 1.183692
2029 1.184080
2030 1.184407
2031 1.184485
2032 1.184324
2033 1.184499
2034 1.184239
2035 1.185219
2036 1.185143
2037 1.185737
2038 1.185171
2039 1.185131
2040 1.185084
2041 1.183838
2042 1.184217
2043 1.184826
2044 1.185202
2045 1.184835
2046 1.184658
2047 1.185323
2048 1.185129
2049 1.185100
2050 1.184852
2051 1.184333
2052 1.184243
2053 1.184563
2054 1.184537
2055 1.184525
2056 1.184070
2057 1.184411
2058 1.184726
2059 1.184767
2060 1.185105
2061 1.185212
2062 1.185808
2063 1.185785
2064 1.185955
2065 1.185486
2066 1.185013
2067 1.184830
2068 1.184551
2069 1.184551
2070 1.184227
2071 1.184286
2072 1.184589
2073 1.185219
2074 1.185643
2075 1.184812
2076 1.184849
2077 1.184378
2078 1.184014
2079 1.183732
2080 1.183661
2081 1.184082
2082 1.184698
2083 1.185361
2084 1.185602
2085 1.184842
2086 1.184411
2087 1.184556
2088 1.184319
2089 1.184710
2090 1.185136
2091 1.184695
2092 1.184186
2093 1.184130
2094 1.184499
2095 1.184686
2096 1.184767
2097 1.184452
2098 1.184632
2099 1.184549
2100 1.184913
2101 1.185453
2102 1.185403
2103 1.185830
2104 1.185103
2105 1.185356
2106 1.185330
2107 1.185126
2108 1.185041
2109 1.185131
2110 1.184866
2111 1.184800
2112 1.185077
2113 1.185766
2114 1.185444
2115 1.185749
2116 1.185096
2117 1.185785
2118 1.185761
2119 1.185321
2120 1.185503
2121 1.185493
2122 1.185441
2123 1.185167
2124 1.184828
2125 1.184804
2126 1.184984
2127 1.184556
2128 1.183874
2129 1.183895
2130 1.183805
2131 1.184149
2132 1.183644
2133 1.183398
2134 1.183564
2135 1.183725
2136 1.183452
2137 1.183187
2138 1.182906
2139 1.183954
2140 1.184665
2141 1.184639
2142 1.185039
2143 1.184106
2144 1.183071
2145 1.183744
2146 1.184092
2147 1.184319
2148 1.184016
2149 1.183864
2150 1.184120
2151 1.183905
2152 1.184151
2153 1.183985
2154 1.183689
2155 1.183732
2156 1.184445
2157 1.184305
2158 1.184215
2159 1.184089
2160 1.184480
2161 1.184153
2162 1.184437
2163 1.183912
2164 1.184624
2165 1.184563
2166 1.184532
2167 1.183964
2168 1.184466
2169 1.184452
2170 1.184861
2171 1.185100
2172 1.186187
2173 1.185960
2174 1.185858
2175 1.186064
2176 1.185927
2177 1.185669
2178 1.185643
2179 1.185614
2180 1.185832
2181 1.186369
2182 1.187593
2183 1.187300
2184 1.187371
2185 1.186848
2186 1.187309
2187 1.186888
2188 1.186431
2189 1.186031
2190 1.185486
2191 1.185366
2192 1.185780
2193 1.185669
2194 1.185460
2195 1.185437
2196 1.185588
2197 1.185725
2198 1.185538
2199 1.185512
2200 1.184847
2201 1.184606
2202 1.184400
2203 1.184241
2204 1.184449
2205 1.184473
2206 1.184539
2207 1.184492
2208 1.184243
2209 1.183888
2210 1.183746
2211 1.183457
2212 1.182915
2213 1.182981
2214 1.182259
2215 1.182269
2216 1.182773
2217 1.184035
2218 1.184317
2219 1.184459
2220 1.184738
2221 1.185574
2222 1.185586
2223 1.185216
2224 1.185264
2225 1.184812
2226 1.185124
2227 1.185609
2228 1.185429
2229 1.185728
2230 1.186675
2231 1.186677
2232 1.186987
2233 1.186412
2234 1.186348
2235 1.186263
2236 1.186097
2237 1.186310
2238 1.186675
2239 1.187103
2240 1.187397
2241 1.187319
2242 1.187369
2243 1.187475
2244 1.187257
2245 1.187326
2246 1.187435
2247 1.187783
2248 1.187849
2249 1.188290
2250 1.187657
2251 1.187712
2252 1.188091
2253 1.188226
2254 1.188211
2255 1.187653
2256 1.187591
2257 1.187624
2258 1.187392
2259 1.187667
2260 1.187248
2261 1.186611
2262 1.186459
2263 1.186646
2264 1.186807
2265 1.187023
2266 1.187205
2267 1.186857
2268 1.185851
2269 1.185583
2270 1.185164
2271 1.184646
2272 1.184497
2273 1.184861
2274 1.184871
2275 1.185321
2276 1.185714
2277 1.185472
2278 1.186308
2279 1.185692
2280 1.185690
2281 1.185389
2282 1.185257
2283 1.185818
2284 1.185723
2285 1.186414
2286 1.186661
2287 1.186263
2288 1.185998
2289 1.185420
2290 1.185223
2291 1.185294
2292 1.185062
2293 1.185323
2294 1.185605
2295 1.185382
2296 1.185276
2297 1.185811
2298 1.185711
2299 1.185148
2300 1.185221
2301 1.184845
2302 1.185155
2303 1.185953
2304 1.185659
2305 1.185948
2306 1.185051
2307 1.184942
2308 1.184030
2309 1.184788
2310 1.184468
2311 1.184392
2312 1.184698
2313 1.185015
2314 1.184520
2315 1.185290
2316 1.185737
2317 1.185806
2318 1.185051
2319 1.185060
2320 1.185226
2321 1.185242
2322 1.184487
2323 1.184954
2324 1.184726
2325 1.184658
2326 1.184636
2327 1.184257
2328 1.184868
2329 1.185129
2330 1.184916
2331 1.185278
2332 1.184892
2333 1.185676
2334 1.185685
2335 1.184989
2336 1.184923
2337 1.184897
2338 1.184407
2339 1.184371
2340 1.184373
2341 1.184662
2342 1.184378
2343 1.184106
2344 1.183597
2345 1.183609
2346 1.183424
2347 1.183183
2348 1.183483
2349 1.183398
2350 1.183737
2351 1.183864
2352 1.184826
2353 1.184546
2354 1.184672
2355 1.185133
2356 1.185773
2357 1.186317
2358 1.187049
2359 1.187764
2360 1.187477
2361 1.186343
2362 1.186182
2363 1.185337
2364 1.185437
2365 1.184892
2366 1.184913
2367 1.184731
2368 1.184430
2369 1.184208
2370 1.184733
2371 1.184674
2372 1.184508
2373 1.185093
2374 1.185463
2375 1.185413
2376 1.185822
2377 1.185560
2378 1.185112
2379 1.184409
2380 1.184068
2381 1.183952
2382 1.183841
2383 1.183947
2384 1.183675
2385 1.183431
2386 1.183793
2387 1.184186
2388 1.184345
2389 1.183914
2390 1.183751
2391 1.183088
2392 1.182584
2393 1.182737
2394 1.183625
2395 1.183708
2396 1.183128
2397 1.182801
2398 1.182328
2399 1.182569
2400 1.182309
2401 1.182344
2402 1.181788
2403 1.181568
2404 1.182013
2405 1.182022
2406 1.181916
2407 1.182330
2408 1.182820
2409 1.182953
2410 1.183202
2411 1.184101
2412 1.184329
2413 1.184203
2414 1.183881
2415 1.184717
2416 1.184511
2417 1.185143
2418 1.185264
2419 1.184565
2420 1.184684
2421 1.184577
2422 1.184563
2423 1.184764
2424 1.185176
2425 1.185725
2426 1.185929
2427 1.185607
2428 1.185257
2429 1.185072
2430 1.184707
2431 1.184700
2432 1.184892
2433 1.184856
2434 1.184705
2435 1.184246
2436 1.184385
2437 1.184205
2438 1.184695
2439 1.185072
2440 1.184797
2441 1.184752
2442 1.184956
2443 1.184639
2444 1.184655
2445 1.183957
2446 1.183076
2447 1.182960
2448 1.183644
2449 1.183879
2450 1.182939
2451 1.182728
2452 1.183005
2453 1.182787
2454 1.183010
2455 1.183263
2456 1.183796
2457 1.183962
2458 1.183730
2459 1.183204
2460 1.183275
2461 1.183791
2462 1.183917
2463 1.183550
2464 1.183277
2465 1.183772
2466 1.183138
2467 1.182991
2468 1.183187
2469 1.183464
2470 1.183171
2471 1.182849
2472 1.182082
2473 1.182370
2474 1.182446
2475 1.181679
2476 1.181499
2477 1.180742
2478 1.181146
2479 1.180950
2480 1.181464
2481 1.182141
2482 1.182311
2483 1.182553
2484 1.182728
2485 1.182146
2486 1.181158
2487 1.181431
2488 1.181014
2489 1.180832
2490 1.181194
2491 1.181350
2492 1.181525
2493 1.181016
2494 1.180886
2495 1.181378
2496 1.182621
2497 1.182780
2498 1.183758
2499 1.183831
2500 1.182894
2501 1.182986
2502 1.182792
2503 1.182816
2504 1.183175
2505 1.183161
2506 1.183336
2507 1.183758
2508 1.183706
2509 1.184082
2510 1.184880
2511 1.184795
2512 1.184901
2513 1.185361
2514 1.184632
2515 1.184724
2516 1.185515
2517 1.185886
2518 1.185671
2519 1.185538
2520 1.185110
2521 1.185306
2522 1.185415
2523 1.185735
2524 1.186055
2525 1.185560
2526 1.185155
2527 1.185214
2528 1.184648
2529 1.184445
2530 1.184463
2531 1.184740
2532 1.184170
2533 1.184295
2534 1.184139
2535 1.184373
2536 1.184134
2537 1.184302
2538 1.184250
2539 1.183696
2540 1.183872
2541 1.183772
2542 1.183495
2543 1.183675
2544 1.183647
2545 1.184189
2546 1.183550
2547 1.183817
2548 1.183881
2549 1.184532
2550 1.184487
2551 1.184942
2552 1.184996
2553 1.184703
2554 1.184814
2555 1.185025
2556 1.185548
2557 1.185299
2558 1.185105
2559 1.185543
2560 1.184999
2561 1.185271
2562 1.185167
2563 1.185666
2564 1.186171
2565 1.186204
2566 1.185841
2567 1.186246
2568 1.186173
2569 1.186007
2570 1.186166
2571 1.185965
2572 1.185858
2573 1.186083
2574 1.186140
2575 1.186168
2576 1.186031
2577 1.185946
2578 1.186140
2579 1.185960
2580 1.186455
2581 1.186421
2582 1.186341
2583 1.186116
2584 1.185250
2585 1.185003
2586 1.184544
2587 1.185176
2588 1.184873
2589 1.184454
2590 1.184490
2591 1.184842
2592 1.184383
2593 1.184189
2594 1.183902
2595 1.184217
2596 1.183964
2597 1.183685
2598 1.183611
2599 1.184655
2600 1.184532
2601 1.184544
2602 1.184115
2603 1.183978
2604 1.183715
2605 1.183296
2606 1.183107
2607 1.182598
2608 1.182775
2609 1.182835
2610 1.181921
2611 1.182039
2612 1.182711
2613 1.183315
2614 1.183739
2615 1.183969
2616 1.183964
2617 1.184139
2618 1.184042
2619 1.183921
2620 1.183730
2621 1.183595
2622 1.183398
2623 1.183412
2624 1.182704
2625 1.183481
2626 1.183019
2627 1.182041
2628 1.182361
2629 1.182397
2630 1.182323
2631 1.182093
2632 1.181902
2633 1.182191
2634 1.182413
2635 1.182910
2636 1.182193
2637 1.181497
2638 1.180789
2639 1.181123
2640 1.181395
2641 1.181440
2642 1.181161
2643 1.181033
2644 1.181565
2645 1.181632
2646 1.182745
2647 1.182503
2648 1.181788
2649 1.182181
2650 1.181852
2651 1.181677
2652 1.181523
2653 1.181478
2654 1.181930
2655 1.182269
2656 1.182420
2657 1.181513
2658 1.182108
2659 1.182631
2660 1.183881
2661 1.184426
2662 1.184381
2663 1.183869
2664 1.183962
2665 1.183978
2666 1.184215
2667 1.184542
2668 1.184115
2669 1.184094
2670 1.184532
2671 1.183668
2672 1.183571
2673 1.183786
2674 1.183694
2675 1.183206
2676 1.183734
2677 1.182858
2678 1.182508
2679 1.182316
2680 1.182697
2681 1.182330
2682 1.182385
2683 1.181802
2684 1.181857
2685 1.181674
2686 1.182022
2687 1.182110
2688 1.181637
2689 1.182209
2690 1.183289
2691 1.183860
2692 1.183966
2693 1.183611
2694 1.183675
2695 1.182929
2696 1.182567
2697 1.182510
2698 1.181762
2699 1.181423
2700 1.181310
2701 1.181277
2702 1.181487
2703 1.181800
2704 1.181992
2705 1.181658
2706 1.181447
2707 1.181762
2708 1.181781
2709 1.181876
2710 1.182366
2711 1.182233
2712 1.181779
2713 1.182134
2714 1.181409
2715 1.181554
2716 1.182098
2717 1.182153
2718 1.181639
2719 1.182603
2720 1.183175
2721 1.183325
2722 1.183571
2723 1.183462
2724 1.183801
2725 1.183640
2726 1.184336
2727 1.184066
2728 1.184073
2729 1.183164
2730 1.182804
2731 1.182127
2732 1.181118
2733 1.180860
2734 1.180822
2735 1.181007
2736 1.181090
2737 1.180971
2738 1.181549
2739 1.182091
2740 1.182072
2741 1.181928
2742 1.182174
2743 1.181994
2744 1.182626
2745 1.182389
2746 1.182913
2747 1.182896
2748 1.182624
2749 1.182726
2750 1.182449
2751 1.183294
2752 1.182972
2753 1.182205
2754 1.181639
2755 1.180995
2756 1.181944
2757 1.182636
2758 1.182986
2759 1.182974
2760 1.182046
2761 1.181999
2762 1.182378
2763 1.182759
2764 1.182906
2765 1.183275
2766 1.183685
2767 1.183883
2768 1.183727
2769 1.183758
2770 1.183587
2771 1.183964
2772 1.184141
2773 1.183261
2774 1.183493
2775 1.183557
2776 1.183497
2777 1.183630
2778 1.183919
2779 1.183753
2780 1.184416
2781 1.183490
2782 1.183078
2783 1.183547
2784 1.183213
2785 1.182917
2786 1.183597
2787 1.183112
2788 1.183142
2789 1.183218
2790 1.182773
2791 1.182674
2792 1.182299
2793 1.182238
2794 1.182333
2795 1.182621
2796 1.183258
2797 1.182936
2798 1.182666
2799 1.182816
2800 1.182678
2801 1.182742
2802 1.182891
2803 1.181824
2804 1.182427
2805 1.182534
2806 1.182385
2807 1.182593
2808 1.182617
2809 1.183209
2810 1.182853
2811 1.182837
2812 1.183291
2813 1.183187
2814 1.183367
2815 1.183351
2816 1.183765
2817 1.184525
2818 1.184752
2819 1.184513
2820 1.184068
2821 1.184300
2822 1.184149
2823 1.183455
2824 1.183436
2825 1.184203
2826 1.183803
2827 1.184262
2828 1.183400
2829 1.183119
2830 1.183043
2831 1.183443
2832 1.183898
2833 1.183552
2834 1.183829
2835 1.183860
2836 1.183505
2837 1.183017
2838 1.183251
2839 1.183041
2840 1.183183
2841 1.184118
2842 1.184409
2843 1.184118
2844 1.183751
2845 1.183374
2846 1.183744
2847 1.183789
2848 1.183249
2849 1.183157
2850 1.183516
2851 1.182794
2852 1.182456
2853 1.182811
2854 1.183538
2855 1.183694
2856 1.183580
2857 1.183216
2858 1.183078
2859 1.182527
2860 1.182600
2861 1.182442
2862 1.183315
2863 1.183595
2864 1.184009
2865 1.183912
2866 1.183725
2867 1.183689
2868 1.184321
2869 1.184146
2870 1.184565
2871 1.184620
2872 1.184809
2873 1.185074
2874 1.184608
2875 1.184364
2876 1.184883
2877 1.184499
2878 1.184920
2879 1.185202
2880 1.184977
2881 1.184504
2882 1.184767
2883 1.183810
2884 1.184051
2885 1.184201
2886 1.184184
2887 1.184130
2888 1.184695
2889 1.184776
2890 1.184478
2891 1.184257
2892 1.183838
2893 1.183519
2894 1.183232
2895 1.183422
2896 1.183007
2897 1.182920
2898 1.183247
2899 1.182889
2900 1.182958
2901 1.183751
2902 1.183921
2903 1.184234
2904 1.183680
2905 1.183497
2906 1.183282
2907 1.183801
2908 1.184018
2909 1.183928
2910 1.183746
2911 1.184137
2912 1.184456
2913 1.184942
2914 1.185181
2915 1.185387
2916 1.185493
2917 1.185929
2918 1.185927
2919 1.185983
2920 1.186047
2921 1.185586
2922 1.185894
2923 1.185962
2924 1.185384
2925 1.184437
2926 1.184826
2927 1.184901
2928 1.184151
2929 1.184556
2930 1.184395
2931 1.184222
2932 1.184099
2933 1.184378
2934 1.184667
2935 1.184793
2936 1.185254
2937 1.185167
2938 1.185105
2939 1.185065
2940 1.185231
2941 1.185299
2942 1.185167
2943 1.184243
2944 1.183869
2945 1.184044
2946 1.183441
2947 1.183273
2948 1.182884
2949 1.182205
2950 1.182418
2951 1.182394
2952 1.182243
2953 1.182711
2954 1.183014
2955 1.182830
2956 1.182955
2957 1.182880
2958 1.182771
2959 1.182960
2960 1.182543
2961 1.181956
2962 1.181975
2963 1.181880
2964 1.181788
2965 1.182041
2966 1.181464
2967 1.182155
2968 1.182108
2969 1.181639
2970 1.180867
2971 1.180659
2972 1.180377
2973 1.179993
2974 1.179624
2975 1.180360
2976 1.180173
2977 1.179868
2978 1.179735
2979 1.180531
2980 1.180739
2981 1.181127
2982 1.180495
2983 1.180616
2984 1.180836
2985 1.180240
2986 1.180467
2987 1.180609
2988 1.180770
2989 1.181180
2990 1.180756
2991 1.181395
2992 1.182245
2993 1.182756
2994 1.183268
2995 1.183741
2996 1.183228
2997 1.183138
2998 1.183599
2999 1.183606
3000 1.184025
3001 1.184395
3002 1.184864
3003 1.184759
3004 1.185223
3005 1.185484
3006 1.185032
3007 1.185233
3008 1.185467
3009 1.184797
3010 1.185062
3011 1.184736
3012 1.185055
3013 1.185555
3014 1.185434
3015 1.185792
3016 1.185853
3017 1.186455
3018 1.185806
3019 1.185557
3020 1.185856
3021 1.186815
3022 1.186751
3023 1.186689
3024 1.187191
3025 1.186710
3026 1.186627
3027 1.186282
3028 1.185503
3029 1.185351
3030 1.185363
3031 1.185188
3032 1.185193
3033 1.185418
3034 1.185271
3035 1.185174
3036 1.184127
3037 1.183294
3038 1.183403
3039 1.184369
3040 1.184040
3041 1.183886
3042 1.183881
3043 1.184236
3044 1.183862
3045 1.183931
3046 1.183495
3047 1.183185
3048 1.183159
3049 1.182785
3050 1.183161
3051 1.183424
3052 1.182925
3053 1.182517
3054 1.182752
3055 1.182534
3056 1.182534
3057 1.183097
3058 1.183206
3059 1.182112
3060 1.183057
3061 1.183592
3062 1.183561
3063 1.182756
3064 1.182752
3065 1.183130
3066 1.183287
3067 1.183161
3068 1.183507
3069 1.183254
3070 1.183336
3071 1.183516
3072 1.182962
3073 1.183505
3074 1.183682
3075 1.182756
3076 1.183000
3077 1.183218
3078 1.182787
3079 1.182726
3080 1.183026
3081 1.182839
3082 1.183017
3083 1.183277
3084 1.183666
3085 1.183746
3086 1.184426
3087 1.183675
3088 1.183384
3089 1.182669
3090 1.182785
3091 1.182176
3092 1.181880
3093 1.181916
3094 1.182432
3095 1.182839
3096 1.183223
3097 1.182917
3098 1.182624
3099 1.183112
3100 1.182979
3101 1.183310
3102 1.183275
3103 1.183396
3104 1.183827
3105 1.183450
3106 1.182875
3107 1.182574
3108 1.182629
3109 1.181790
3110 1.181693
3111 1.181599
3112 1.182084
3113 1.182468
3114 1.182849
3115 1.182939
3116 1.182984
3117 1.182986
3118 1.182472
3119 1.182404
3120 1.182434
3121 1.182046
3122 1.181805
3123 1.181861
3124 1.182172
3125 1.182027
3126 1.181977
3127 1.182607
3128 1.183216
3129 1.183528
3130 1.182856
3131 1.183024
3132 1.183097
3133 1.183538
3134 1.183886
3135 1.183938
3136 1.183789
3137 1.183623
3138 1.183135
3139 1.182943
3140 1.182489
3141 1.183185
3142 1.183760
3143 1.183718
3144 1.183914
3145 1.183715
3146 1.183798
3147 1.183441
3148 1.182354
3149 1.183005
3150 1.182856
3151 1.183206
3152 1.183130
3153 1.183071
3154 1.183090
3155 1.183244
3156 1.183247
3157 1.182851
3158 1.182612
3159 1.182096
3160 1.181824
3161 1.181812
3162 1.182560
3163 1.182522
3164 1.182638
3165 1.182449
3166 1.182022
3167 1.181679
3168 1.181397
3169 1.181795
3170 1.182112
3171 1.182065
3172 1.181627
3173 1.181416
3174 1.181819
3175 1.181857
3176 1.181807
3177 1.181985
3178 1.182415
3179 1.182688
3180 1.182290
3181 1.182297
3182 1.182700
3183 1.182157
3184 1.182591
3185 1.182894
3186 1.182709
3187 1.182790
3188 1.182972
3189 1.182179
3190 1.181918
3191 1.182569
3192 1.182825
3193 1.183012
3194 1.182984
3195 1.182567
3196 1.181937
3197 1.182015
3198 1.181670
3199 1.182453
3200 1.182134
3201 1.182413
3202 1.181466
3203 1.181343
3204 1.181409
3205 1.181146
3206 1.181189
3207 1.181092
3208 1.181518
3209 1.181404
3210 1.180789
3211 1.180704
3212 1.180540
3213 1.181000
3214 1.180626
3215 1.180465
3216 1.181014
3217 1.181092
3218 1.181374
3219 1.182321
3220 1.182586
3221 1.182342
3222 1.182217
3223 1.182503
3224 1.184047
3225 1.184210
3226 1.183772
3227 1.182882
3228 1.183171
3229 1.182678
3230 1.183154
3231 1.183448
3232 1.183315
3233 1.182773
3234 1.182856
3235 1.182932
3236 1.182974
3237 1.183265
3238 1.183270
3239 1.183443
3240 1.184030
3241 1.183824
3242 1.184641
3243 1.184378
3244 1.184648
3245 1.184371
3246 1.183512
3247 1.183315
3248 1.184480
3249 1.184534
3250 1.184596
3251 1.184163
3252 1.184033
3253 1.184040
3254 1.184170
3255 1.184189
3256 1.184672
3257 1.183819
3258 1.183313
3259 1.183566
3260 1.183261
3261 1.183107
3262 1.182359
3263 1.182778
3264 1.182027
3265 1.182314
3266 1.181914
3267 1.181762
3268 1.182072
3269 1.182004
3270 1.181743
3271 1.181781
3272 1.181980
3273 1.182060
3274 1.182153
3275 1.182420
3276 1.182463
3277 1.182453
3278 1.182442
3279 1.182314
3280 1.181734
3281 1.181513
3282 1.181203
3283 1.181445
3284 1.181191
3285 1.181329
3286 1.180789
3287 1.180398
3288 1.180266
3289 1.180109
3290 1.179937
3291 1.179667
3292 1.179638
3293 1.180268
3294 1.180173
3295 1.180791
3296 1.180834
3297 1.181748
3298 1.181480
3299 1.182103
3300 1.182688
3301 1.182586
3302 1.182929
3303 1.182733
3304 1.182472
3305 1.181890
3306 1.182141
3307 1.182434
3308 1.181798
3309 1.181355
3310 1.181812
3311 1.181819
3312 1.182243
3313 1.181544
3314 1.181821
3315 1.181996
3316 1.182295
3317 1.182418
3318 1.183310
3319 1.183282
3320 1.182889
3321 1.182172
3322 1.182205
3323 1.182093
3324 1.182195
3325 1.181909
3326 1.182307
3327 1.182830
3328 1.182735
3329 1.182863
3330 1.182981
3331 1.182988
3332 1.182780
3333 1.183083
3334 1.183703
3335 1.184411
3336 1.184729
3337 1.185392
3338 1.185493
3339 1.185240
3340 1.184807
3341 1.184149
3342 1.185022
3343 1.185941
3344 1.185716
3345 1.185467
3346 1.185382
3347 1.185773
3348 1.185867
3349 1.185347
3350 1.184816
3351 1.184201
3352 1.184011
3353 1.184267
3354 1.184646
3355 1.183675
3356 1.183708
3357 1.184996
3358 1.184648
3359 1.184624
3360 1.185216
3361 1.185214
3362 1.184352
3363 1.184873
3364 1.185216
3365 1.184994
3366 1.184707
3367 1.184082
3368 1.184755
3369 1.184485
3370 1.184795
3371 1.184594
3372 1.184307
3373 1.184033
3374 1.184033
3375 1.183419
3376 1.182925
3377 1.183765
3378 1.183415
3379 1.183348
3380 1.183041
3381 1.183289
3382 1.183294
3383 1.183692
3384 1.183519
3385 1.183921
3386 1.183862
3387 1.184137
3388 1.183947
3389 1.183436
3390 1.184395
3391 1.183872
3392 1.184565
3393 1.184890
3394 1.185228
3395 1.185453
3396 1.185133
3397 1.185205
3398 1.185240
3399 1.184769
3400 1.184769
3401 1.183905
3402 1.183770
3403 1.183396
3404 1.183606
3405 1.183692
3406 1.183282
3407 1.182378
3408 1.182839
3409 1.183497
3410 1.183980
3411 1.184357
3412 1.185392
3413 1.185084
3414 1.185470
3415 1.185015
3416 1.185093
3417 1.184684
3418 1.184646
3419 1.184707
3420 1.184186
3421 1.184080
3422 1.184021
3423 1.183561
3424 1.183867
3425 1.183964
3426 1.184693
3427 1.184887
3428 1.185323
3429 1.185373
3430 1.185200
3431 1.185818
3432 1.186040
3433 1.186033
3434 1.185612
3435 1.185581
3436 1.185983
3437 1.186111
3438 1.186471
3439 1.186320
3440 1.186606
3441 1.186085
3442 1.186606
3443 1.186322
3444 1.185706
3445 1.185695
3446 1.185908
3447 1.186045
3448 1.185588
3449 1.185223
3450 1.185399
3451 1.185979
3452 1.185728
3453 1.184982
3454 1.184613
3455 1.184153
3456 1.184482
3457 1.184821
3458 1.184883
3459 1.185366
3460 1.185730
3461 1.185974
3462 1.186211
3463 1.186623
3464 1.186272
3465 1.186033
3466 1.185567
3467 1.185849
3468 1.185299
3469 1.185510
3470 1.185870
3471 1.185846
3472 1.185763
3473 1.185285
3474 1.185036
3475 1.184125
3476 1.183985
3477 1.184215
3478 1.183668
3479 1.183883
3480 1.183966
3481 1.184108
3482 1.184011
3483 1.183905
3484 1.184080
3485 1.183898
3486 1.183862
3487 1.183962
3488 1.183753
3489 1.184165
3490 1.184797
3491 1.184790
3492 1.185271
3493 1.185673
3494 1.186159
3495 1.186069
3496 1.186260
3497 1.185695
3498 1.185143
3499 1.185427
3500 1.185299
3501 1.184935
3502 1.184975
3503 1.184897
3504 1.184601
3505 1.184755
3506 1.184357
3507 1.184231
3508 1.184047
3509 1.183441
3510 1.184151
3511 1.183542
3512 1.184423
3513 1.184861
3514 1.184158
3515 1.184508
3516 1.184298
3517 1.184421
3518 1.184111
3519 1.184298
3520 1.183545
3521 1.183265
3522 1.183990
3523 1.183400
3524 1.183175
3525 1.183026
3526 1.183112
3527 1.182695
3528 1.183301
3529 1.183336
3530 1.182778
3531 1.182574
3532 1.183822
3533 1.184319
3534 1.183265
3535 1.182823
3536 1.182489
3537 1.182195
3538 1.182207
3539 1.181670
3540 1.181925
3541 1.183007
3542 1.182842
3543 1.183621
3544 1.183841
3545 1.184044
3546 1.183656
3547 1.184137
3548 1.183874
3549 1.184262
3550 1.184044
3551 1.183883
3552 1.184179
3553 1.183801
3554 1.183000
3555 1.183389
3556 1.183881
3557 1.184364
3558 1.184454
3559 1.184205
3560 1.184473
3561 1.184132
3562 1.183999
3563 1.184293
3564 1.183980
3565 1.183734
3566 1.184030
3567 1.183618
3568 1.183457
3569 1.183500
3570 1.183351
3571 1.182281
3572 1.182202
3573 1.183166
3574 1.183010
3575 1.182853
3576 1.182958
3577 1.182468
3578 1.182735
3579 1.182894
3580 1.182011
3581 1.181750
3582 1.181741
3583 1.181764
3584 1.182290
3585 1.182728
3586 1.183327
3587 1.184120
3588 1.184227
3589 1.184710
3590 1.184231
3591 1.184437
3592 1.184490
3593 1.184056
3594 1.183602
3595 1.184222
3596 1.183644
3597 1.183299
3598 1.183469
3599 1.182986
3600 1.182764
3601 1.182960
3602 1.182728
3603 1.182361
3604 1.182337
3605 1.182200
3606 1.182044
3607 1.181532
3608 1.181883
3609 1.181471
3610 1.180566
3611 1.179984
3612 1.180289
3613 1.180682
3614 1.181414
3615 1.180976
3616 1.181367
3617 1.181731
3618 1.182041
3619 1.182273
3620 1.182683
3621 1.182839
3622 1.183000
3623 1.182124
3624 1.182193
3625 1.182536
3626 1.182252
3627 1.182446
3628 1.183069
3629 1.183623
3630 1.183635
3631 1.184134
3632 1.184132
3633 1.184655
3634 1.184624
3635 1.184546
3636 1.185015
3637 1.185167
3638 1.184864
3639 1.184411
3640 1.184170
3641 1.183739
3642 1.184025
3643 1.184191
3644 1.183864
3645 1.184170
3646 1.184018
3647 1.184743
3648 1.185205
3649 1.185555
3650 1.185403
3651 1.185858
3652 1.185924
3653 1.186017
3654 1.185673
3655 1.185666
3656 1.185905
3657 1.185557
3658 1.185420
3659 1.185420
3660 1.185517
3661 1.185621
3662 1.185072
3663 1.185183
3664 1.184982
3665 1.185205
3666 1.185103
3667 1.185129
3668 1.184714
3669 1.185084
3670 1.185527
3671 1.185605
3672 1.185081
3673 1.185223
3674 1.185183
3675 1.185342
3676 1.185280
3677 1.185652
3678 1.185799
3679 1.185451
3680 1.185141
3681 1.185077
3682 1.185394
3683 1.185822
3684 1.185796
3685 1.185704
3686 1.186850
3687 1.186706
3688 1.187016
3689 1.186493
3690 1.186488
3691 1.186092
3692 1.186140
3693 1.185560
3694 1.185912
3695 1.186263
3696 1.186729
3697 1.187276
3698 1.186907
3699 1.187459
3700 1.187129
3701 1.187032
3702 1.187342
3703 1.186604
3704 1.186997
3705 1.187255
3706 1.187073
3707 1.186476
3708 1.185799
3709 1.185553
3710 1.185190
3711 1.185531
3712 1.185233
3713 1.185595
3714 1.185619
3715 1.184842
3716 1.184407
3717 1.183767
3718 1.183999
3719 1.184641
3720 1.184070
3721 1.183668
3722 1.183318
3723 1.183365
3724 1.184054
3725 1.183680
3726 1.183687
3727 1.184229
3728 1.184139
3729 1.183926
3730 1.183344
3731 1.183168
3732 1.183081
3733 1.182721
3734 1.182662
3735 1.183121
3736 1.183291
3737 1.183173
3738 1.183031
3739 1.183273
3740 1.183730
3741 1.183301
3742 1.182870
3743 1.182977
3744 1.183448
3745 1.183152
3746 1.183547
3747 1.183630
3748 1.184130
3749 1.184054
3750 1.183985
3751 1.184613
3752 1.184428
3753 1.184516
3754 1.185029
3755 1.184724
3756 1.185252
3757 1.185100
3758 1.184875
3759 1.184781
3760 1.184286
3761 1.184390
3762 1.184544
3763 1.183919
3764 1.184096
3765 1.184376
3766 1.183782
3767 1.184468
3768 1.184352
3769 1.185337
3770 1.185515
3771 1.184989
3772 1.184999
3773 1.184989
3774 1.185323
3775 1.185167
3776 1.184923
3777 1.185150
3778 1.185822
3779 1.185112
3780 1.184854
3781 1.184224
3782 1.184189
3783 1.183838
3784 1.184364
3785 1.184433
3786 1.184395
3787 1.183898
3788 1.183611
3789 1.183767
3790 1.183533
3791 1.182851
3792 1.181923
3793 1.182534
3794 1.182318
3795 1.182643
3796 1.182555
3797 1.182780
3798 1.183116
3799 1.183277
3800 1.183318
3801 1.182700
3802 1.182489
3803 1.181821
3804 1.182027
3805 1.182311
3806 1.182700
3807 1.183254
3808 1.183365
3809 1.183526
3810 1.183782
3811 1.183014
3812 1.183386
3813 1.183772
3814 1.183223
3815 1.183142
3816 1.183197
3817 1.183585
3818 1.182896
3819 1.182188
3820 1.182576
3821 1.182844
3822 1.182468
3823 1.181658
3824 1.181911
3825 1.181845
3826 1.181457
3827 1.182269
3828 1.181667
3829 1.181530
3830 1.181895
3831 1.181682
3832 1.181850
3833 1.181371
3834 1.181478
3835 1.181369
3836 1.181246
3837 1.181487
3838 1.181312
3839 1.181869
3840 1.182138
3841 1.182401
3842 1.182636
3843 1.183206
3844 1.182853
3845 1.182875
3846 1.182922
3847 1.182427
3848 1.182927
3849 1.183100
3850 1.183876
3851 1.183978
3852 1.183737
3853 1.183192
3854 1.183194
3855 1.183493
3856 1.184433
3857 1.183528
3858 1.182853
3859 1.183611
3860 1.184388
3861 1.184698
3862 1.184378
3863 1.184712
3864 1.185022
3865 1.184833
3866 1.185361
3867 1.185529
3868 1.185927
3869 1.185865
3870 1.184932
3871 1.184473
3872 1.184594
3873 1.184546
3874 1.184445
3875 1.184698
3876 1.183824
3877 1.184530
3878 1.183779
3879 1.182891
3880 1.183325
3881 1.182730
3882 1.182434
3883 1.182425
3884 1.181921
3885 1.182439
3886 1.182801
3887 1.183505
3888 1.183812
3889 1.184028
3890 1.183149
3891 1.183706
3892 1.184080
3893 1.184679
3894 1.183919
3895 1.184655
3896 1.184584
3897 1.184222
3898 1.184087
3899 1.183703
3900 1.183405
3901 1.183590
3902 1.183358
3903 1.183893
3904 1.184070
3905 1.183947
3906 1.184324
3907 1.184061
3908 1.184009
3909 1.184485
3910 1.185323
3911 1.184937
3912 1.184714
3913 1.184340
3914 1.184075
3915 1.184224
3916 1.184452
3917 1.183784
3918 1.183737
3919 1.183983
3920 1.183834
3921 1.183592
3922 1.183547
3923 1.184104
3924 1.184669
3925 1.184705
3926 1.184665
3927 1.184587
3928 1.184691
3929 1.184871
3930 1.185534
3931 1.185830
3932 1.184878
3933 1.184286
3934 1.184151
3935 1.183767
3936 1.183737
3937 1.183708
3938 1.183997
3939 1.184381
3940 1.183578
3941 1.183301
3942 1.183855
3943 1.183829
3944 1.184021
3945 1.184224
3946 1.184021
3947 1.184293
3948 1.184208
3949 1.184087
3950 1.183964
3951 1.183341
3952 1.183606
3953 1.183613
3954 1.184421
3955 1.185032
3956 1.185257
3957 1.185785
3958 1.185110
3959 1.185041
3960 1.184707
3961 1.184385
3962 1.183410
3963 1.183019
3964 1.182913
3965 1.183235
3966 1.184044
3967 1.183696
3968 1.184042
3969 1.184473
3970 1.184063
3971 1.183580
3972 1.183419
3973 1.183341
3974 1.183130
3975 1.184239
3976 1.183779
3977 1.183855
3978 1.183637
3979 1.183722
3980 1.183557
3981 1.183661
3982 1.183244
3983 1.182816
3984 1.182927
3985 1.182560
3986 1.182517
3987 1.182607
3988 1.182636
3989 1.181942
3990 1.181807
3991 1.181660
3992 1.180886
3993 1.180862
3994 1.180514
3995 1.180528
3996 1.180540
3997 1.180751
3998 1.181599
3999 1.181592
4000 1.181954
4001 1.182172
4002 1.182477
4003 1.182792
4004 1.182719
4005 1.183192
4006 1.183374
4007 1.183263
4008 1.183277
4009 1.182851
4010 1.182737
4011 1.183538
4012 1.183895
4013 1.184288
4014 1.184390
4015 1.184286
4016 1.183940
4017 1.183569
4018 1.184196
4019 1.184691
4020 1.184802
4021 1.184807
4022 1.184814
4023 1.184407
4024 1.184634
4025 1.184629
4026 1.184373
4027 1.184056
4028 1.183687
4029 1.184085
4030 1.183294
4031 1.182766
4032 1.181999
4033 1.181876
4034 1.181781
4035 1.181608
4036 1.181210
4037 1.181476
4038 1.181667
4039 1.181947
4040 1.181641
4041 1.181442
4042 1.181229
4043 1.181551
4044 1.181502
4045 1.181627
4046 1.181625
4047 1.181684
4048 1.181755
4049 1.181982
4050 1.181461
4051 1.181921
4052 1.181769
4053 1.182323
4054 1.182124
4055 1.182352
4056 1.182318
4057 1.182967
4058 1.182318
4059 1.181708
4060 1.180787
4061 1.179906
4062 1.179700
4063 1.179967
4064 1.180704
4065 1.181087
4066 1.180907
4067 1.179813
4068 1.180678
4069 1.180843
4070 1.181144
4071 1.180453
4072 1.181172
4073 1.181686
4074 1.182318
4075 1.181658
4076 1.181229
4077 1.181476
4078 1.181175
4079 1.182269
4080 1.182231
4081 1.182709
4082 1.182238
4083 1.182011
4084 1.181719
4085 1.182157
4086 1.181402
4087 1.180929
4088 1.181618
4089 1.181902
4090 1.181454
4091 1.181959
4092 1.181655
4093 1.181286
4094 1.181627
4095 1.181963
4096 1.182212
4097 1.182508
4098 1.183206
4099 1.183384
4100 1.183649
4101 1.183886
4102 1.183043
4103 1.182958
4104 1.183346
4105 1.183573
4106 1.183431
4107 1.183497
4108 1.183756
4109 1.183443
4110 1.183062
4111 1.183206
4112 1.183445
4113 1.183251
4114 1.183168
4115 1.182986
4116 1.182993
4117 1.182764
4118 1.182733
4119 1.182399
4120 1.182025
4121 1.182112
4122 1.182245
4123 1.182093
4124 1.182415
4125 1.182754
4126 1.182347
4127 1.182271
4128 1.182406
4129 1.182018
4130 1.181644
4131 1.181265
4132 1.181106
4133 1.180540
4134 1.180079
4135 1.180176
4136 1.180531
4137 1.179993
4138 1.179269
4139 1.179771
4140 1.179499
4141 1.179361
4142 1.179383
4143 1.179430
4144 1.179037
4145 1.178620
4146 1.179257
4147 1.178909
4148 1.178992
4149 1.179648
4150 1.179918
4151 1.179806
4152 1.179539
4153 1.180268
4154 1.180441
4155 1.180270
4156 1.180488
4157 1.180751
4158 1.180874
4159 1.181428
4160 1.181798
4161 1.181568
4162 1.181539
4163 1.181644
4164 1.182093
4165 1.181381
4166 1.181412
4167 1.180926
4168 1.180843
4169 1.180045
4170 1.179813
4171 1.180107
4172 1.180098
4173 1.180119
4174 1.180093
4175 1.179837
4176 1.180003
4177 1.179780
4178 1.179702
4179 1.179245
4180 1.179454
4181 1.179290
4182 1.179702
4183 1.179783
4184 1.180000
4185 1.179534
4186 1.180150
4187 1.180161
4188 1.180017
4189 1.179489
4190 1.179207
4191 1.179840
4192 1.180644
4193 1.181040
4194 1.180791
4195 1.180981
4196 1.181360
4197 1.181880
4198 1.181471
4199 1.181525
4200 1.181622
4201 1.181459
4202 1.181554
4203 1.181710
4204 1.181726
4205 1.182022
4206 1.182593
4207 1.182314
4208 1.182636
4209 1.182951
4210 1.182302
4211 1.181771
4212 1.181992
4213 1.181594
4214 1.181857
4215 1.181476
4216 1.181487
4217 1.181376
4218 1.181452
4219 1.181473
4220 1.181809
4221 1.182146
4222 1.182174
4223 1.181748
4224 1.181371
4225 1.181149
4226 1.180886
4227 1.180618
4228 1.181068
4229 1.181329
4230 1.181478
4231 1.181066
4232 1.181090
4233 1.181106
4234 1.182134
4235 1.181440
4236 1.181239
4237 1.181210
4238 1.180640
4239 1.181286
4240 1.181625
4241 1.181502
4242 1.181506
4243 1.181781
4244 1.181689
4245 1.181850
4246 1.182008
4247 1.181599
4248 1.181992
4249 1.182167
4250 1.182370
4251 1.181869
4252 1.181970
4253 1.181412
4254 1.181343
4255 1.181052
4256 1.180853
4257 1.180661
4258 1.180031
4259 1.180330
4260 1.180057
4261 1.180254
4262 1.180178
4263 1.179790
4264 1.180176
4265 1.180036
4266 1.179941
4267 1.179716
4268 1.179496
4269 1.179238
4270 1.179742
4271 1.179811
4272 1.179922
4273 1.179903
4274 1.180647
4275 1.181144
4276 1.180640
4277 1.180389
4278 1.180737
4279 1.180877
4280 1.181177
4281 1.181599
4282 1.181663
4283 1.181973
4284 1.182638
4285 1.182794
4286 1.182624
4287 1.182851
4288 1.182996
4289 1.182820
4290 1.183339
4291 1.183718
4292 1.183805
4293 1.183855
4294 1.183751
4295 1.184104
4296 1.184710
4297 1.184651
4298 1.184428
4299 1.184534
4300 1.184977
4301 1.184473
4302 1.184624
4303 1.184733
4304 1.185635
4305 1.185993
4306 1.185531
4307 1.185659
4308 1.185451
4309 1.185226
4310 1.185081
4311 1.185631
4312 1.185415
4313 1.185581
4314 1.184542
4315 1.184485
4316 1.184073
4317 1.184442
4318 1.184542
4319 1.183995
4320 1.184501
4321 1.184075
4322 1.183628
4323 1.183310
4324 1.183703
4325 1.183263
4326 1.183142
4327 1.183381
4328 1.182515
4329 1.183102
4330 1.183907
4331 1.183647
4332 1.183412
4333 1.183381
4334 1.182813
4335 1.182735
4336 1.182172
4337 1.182254
4338 1.181937
4339 1.181895
4340 1.182179
4341 1.182063
4342 1.182176
4343 1.182252
4344 1.182347
4345 1.182666
4346 1.182415
4347 1.182735
4348 1.182863
4349 1.183005
4350 1.183360
4351 1.183928
4352 1.183476
4353 1.183104
4354 1.182996
4355 1.182626
4356 1.182908
4357 1.182891
4358 1.182311
4359 1.181807
4360 1.181982
4361 1.181615
4362 1.181416
4363 1.181085
4364 1.180910
4365 1.181826
4366 1.181906
4367 1.182037
4368 1.182579
4369 1.182264
4370 1.182174
4371 1.182726
4372 1.182823
4373 1.182792
4374 1.182958
4375 1.182773
4376 1.181795
4377 1.181741
4378 1.182240
4379 1.181923
4380 1.181274
4381 1.181653
4382 1.181726
4383 1.181639
4384 1.181549
4385 1.181435
4386 1.181975
4387 1.182183
4388 1.182607
4389 1.182697
4390 1.183367
4391 1.182972
4392 1.182984
4393 1.183005
4394 1.183114
4395 1.183344
4396 1.183509
4397 1.183801
4398 1.183502
4399 1.183372
4400 1.183289
4401 1.182576
4402 1.183370
4403 1.183578
4404 1.183535
4405 1.183123
4406 1.183535
4407 1.183779
4408 1.183815
4409 1.183554
4410 1.183355
4411 1.183720
4412 1.183249
4413 1.182761
4414 1.182737
4415 1.182588
4416 1.182347
4417 1.183029
4418 1.183460
4419 1.183528
4420 1.183559
4421 1.183642
4422 1.183635
4423 1.183535
4424 1.183431
4425 1.183552
4426 1.183055
4427 1.182856
4428 1.183199
4429 1.182884
4430 1.183360
4431 1.183613
4432 1.183438
4433 1.183500
4434 1.184222
4435 1.183621
4436 1.184089
4437 1.183909
4438 1.183284
4439 1.183358
4440 1.183938
4441 1.183592
4442 1.183756
4443 1.183658
4444 1.183142
4445 1.183159
4446 1.183109
4447 1.183708
4448 1.183699
4449 1.182553
4450 1.182733
4451 1.182719
4452 1.182458
4453 1.182846
4454 1.183168
4455 1.184170
4456 1.182894
4457 1.182479
4458 1.182030
4459 1.181977
4460 1.181516
4461 1.181826
4462 1.182030
4463 1.182565
4464 1.183336
4465 1.183239
4466 1.183838
4467 1.183561
4468 1.183658
4469 1.183497
4470 1.184028
4471 1.184203
4472 1.184537
4473 1.184598
4474 1.184276
4475 1.183864
4476 1.183493
4477 1.182953
4478 1.183014
4479 1.182839
4480 1.183559
4481 1.184198
4482 1.183509
4483 1.184070
4484 1.184208
4485 1.183950
4486 1.184414
4487 1.184677
4488 1.184362
4489 1.184078
4490 1.184400
4491 1.184440
4492 1.184506
4493 1.184094
4494 1.183514
4495 1.182846
4496 1.182929
4497 1.183476
4498 1.182690
4499 1.182794
4500 1.182228
4501 1.181691


Active cycles: 2000
k_mean: 1.183271
k_stddev(cycle): 0.001526
k_stderr(mean): 0.000034
Reactivity(rho): 0.154885, Per Cent error compared to reference: 0.038501
