1 1.192681
2 1.199742
3 1.208805
4 1.218126
5 1.227220
6 1.234804
7 1.241978
8 1.248062
9 1.252961
10 1.256579
11 1.260535
12 1.263052
13 1.265441
14 1.267420
15 1.269182
16 1.270924
17 1.271298
18 1.273074
19 1.274364
20 1.275271
21 1.276237
22 1.276642
23 1.277852
24 1.279017
25 1.280056
26 1.281212
27 1.282092
28 1.282862
29 1.283499
30 1.284235
31 1.283946
32 1.284266
33 1.284919
34 1.284732
35 1.284761
36 1.284429
37 1.284822
38 1.284365
39 1.283548
40 1.283657
41 1.283501
42 1.283146
43 1.283612
44 1.283392
45 1.283560
46 1.283567
47 1.283286
48 1.283468
49 1.282180
50 1.282298
51 1.280523
52 1.280186
53 1.279036
54 1.277956
55 1.277885
56 1.277428
57 1.277158
58 1.275842
59 1.275155
60 1.274992
61 1.274897
62 1.274532
63 1.274549
64 1.275025
65 1.274192
66 1.273057
67 1.273635
68 1.273391
69 1.272667
70 1.272563
71 1.272070
72 1.271549
73 1.270676
74 1.269743
75 1.269977
76 1.270107
77 1.269468
78 1.268431
79 1.267868
80 1.267127
81 1.266127
82 1.266452
83 1.266170
84 1.265680
85 1.264413
86 1.264039
87 1.262997
88 1.262145
89 1.261004
90 1.260526
91 1.260445
92 1.260294
93 1.259581
94 1.259062
95 1.258759
96 1.259060
97 1.258944
98 1.258390
99 1.258092
100 1.257758
101 1.256508
102 1.256491
103 1.256238
104 1.256557
105 1.256486
106 1.256074
107 1.255291
108 1.255409
109 1.254443
110 1.253858
111 1.253283
112 1.252386
113 1.251443
114 1.251514
115 1.251237
116 1.250638
117 1.250037
118 1.250269
119 1.249852
120 1.249715
121 1.248756
122 1.248328
123 1.247113
124 1.246438
125 1.246140
126 1.245366
127 1.245013
128 1.244674
129 1.243597
130 1.243673
131 1.243945
132 1.244016
133 1.243694
134 1.242813
135 1.242392
136 1.242172
137 1.242065
138 1.241897
139 1.241937
140 1.240709
141 1.240197
142 1.239939
143 1.239778
144 1.239842
145 1.239113
146 1.238365
147 1.238187
148 1.238237
149 1.238152
150 1.237283
151 1.236911
152 1.237029
153 1.236710
154 1.236409
155 1.235748
156 1.234943
157 1.233755
158 1.233341
159 1.232280
160 1.231877
161 1.231499
162 1.230703
163 1.230035
164 1.228473
165 1.227530
166 1.227798
167 1.227985
168 1.227315
169 1.226548
170 1.226065
171 1.225549
172 1.224206
173 1.224308
174 1.223285
175 1.223129
176 1.222798
177 1.223456
178 1.223072
179 1.222674
180 1.222350
181 1.222142
182 1.221552
183 1.221763
184 1.221365
185 1.221112
186 1.220761
187 1.219959
188 1.219492
189 1.219705
190 1.219613
191 1.219533
192 1.219727
193 1.219587
194 1.218955
195 1.218628
196 1.218484
197 1.217873
198 1.216876
199 1.216703
200 1.215851
201 1.215323
202 1.214935
203 1.214281
204 1.213860
205 1.213329
206 1.213154
207 1.214821
208 1.214419
209 1.213625
210 1.213602
211 1.212906
212 1.212880
213 1.212764
214 1.212584
215 1.212541
216 1.212446
217 1.212103
218 1.211611
219 1.211978
220 1.212039
221 1.212612
222 1.212058
223 1.210682
224 1.210140
225 1.209828
226 1.208459
227 1.207938
228 1.207657
229 1.207148
230 1.206061
231 1.206333
232 1.206309
233 1.205928
234 1.206421
235 1.206596
236 1.206946
237 1.206994
238 1.206854
239 1.206748
240 1.206371
241 1.205644
242 1.205654
243 1.205365
244 1.204988
245 1.205083
246 1.205059
247 1.205161
248 1.204782
249 1.204636
250 1.204979
251 1.204304
252 1.203419
253 1.203078
254 1.202053
255 1.201934
256 1.201790
257 1.202107
258 1.202017
259 1.202206
260 1.201610
261 1.201820
262 1.202183
263 1.202547
264 1.202623
265 1.202879
266 1.202270
267 1.202370
268 1.201981
269 1.201939
270 1.201203
271 1.200450
272 1.199841
273 1.199311
274 1.199166
275 1.199024
276 1.199628
277 1.199694
278 1.199204
279 1.199029
280 1.198868
281 1.199351
282 1.199661
283 1.199583
284 1.199379
285 1.199756
286 1.199233
287 1.198892
288 1.198847
289 1.197665
290 1.197040
291 1.197033
292 1.196950
293 1.196787
294 1.196529
295 1.196420
296 1.196373
297 1.196060
298 1.195707
299 1.196103
300 1.196285
301 1.196773
302 1.197289
303 1.197774
304 1.198276
305 1.198068
306 1.197549
307 1.197403
308 1.197246
309 1.197447
310 1.197244
311 1.196872
312 1.196231
313 1.195958
314 1.195139
315 1.194682
316 1.194237
317 1.193086
318 1.192715
319 1.192423
320 1.192272
321 1.192689
322 1.192520
323 1.192106
324 1.192303
325 1.192196
326 1.191742
327 1.190989
328 1.191725
329 1.192161
330 1.192049
331 1.192118
332 1.192435
333 1.192520
334 1.192165
335 1.192575
336 1.192897
337 1.193482
338 1.192769
339 1.192532
340 1.191938
341 1.191209
342 1.190449
343 1.190399
344 1.190390
345 1.190745
346 1.190702
347 1.190910
348 1.190472
349 1.190882
350 1.191391
351 1.191450
352 1.191585
353 1.191867
354 1.191554
355 1.191292
356 1.191438
357 1.191474
358 1.191652
359 1.190799
360 1.191143
361 1.190553
362 1.190141
363 1.190593
364 1.190480
365 1.190648
366 1.190588
367 1.190555
368 1.190532
369 1.190399
370 1.190823
371 1.190591
372 1.190979
373 1.191256
374 1.191403
375 1.191403
376 1.191292
377 1.191850
378 1.191386
379 1.191159
380 1.191339
381 1.190889
382 1.191019
383 1.190821
384 1.190610
385 1.190200
386 1.189914
387 1.189260
388 1.189246
389 1.188924
390 1.188777
391 1.188742
392 1.188332
393 1.187380
394 1.187546
395 1.187316
396 1.187440
397 1.186876
398 1.186907
399 1.186698
400 1.187132
401 1.187342
402 1.187695
403 1.187546
404 1.187492
405 1.186987
406 1.187449
407 1.187743
408 1.188050
409 1.188316
410 1.187821
411 1.188114
412 1.188282
413 1.188320
414 1.188140
415 1.187996
416 1.187989
417 1.188377
418 1.188815
419 1.188129
420 1.188484
421 1.188029
422 1.187868
423 1.187335
424 1.187534
425 1.187425
426 1.188169
427 1.187899
428 1.187728
429 1.187089
430 1.187672
431 1.187837
432 1.187773
433 1.188370
434 1.188361
435 1.188680
436 1.188531
437 1.188519
438 1.188590
439 1.188458
440 1.189270
441 1.189196
442 1.189779
443 1.189199
444 1.189097
445 1.189113
446 1.189054
447 1.188742
448 1.188640
449 1.188311
450 1.188368
451 1.188702
452 1.188351
453 1.188327
454 1.188100
455 1.187752
456 1.188287
457 1.187733
458 1.188098
459 1.187601
460 1.188039
461 1.187797
462 1.187539
463 1.187823
464 1.188768
465 1.189130
466 1.188822
467 1.188723
468 1.188614
469 1.188751
470 1.188223
471 1.187709
472 1.188434
473 1.188443
474 1.188720
475 1.189085
476 1.188583
477 1.187897
478 1.188058
479 1.188943
480 1.188285
481 1.187679
482 1.187212
483 1.186800
484 1.187146
485 1.186826
486 1.186933
487 1.186878
488 1.187288
489 1.187023
490 1.187416
491 1.187011
492 1.186902
493 1.186521
494 1.186701
495 1.187025
496 1.187511
497 1.187986
498 1.188202
499 1.188050
500 1.188361
501 1.189244
502 1.189547
503 1.189497
504 1.189509
505 1.189772
506 1.190425
507 1.190311
508 1.189966
509 1.189452
510 1.189450
511 1.189386
512 1.189317
513 1.189251
514 1.188870
515 1.188758
516 1.188870
517 1.188434
518 1.188458
519 1.188268
520 1.187572
521 1.187598
522 1.187887
523 1.188825
524 1.189130
525 1.189731
526 1.190068
527 1.189613
528 1.189746
529 1.189440
530 1.189071
531 1.188143
532 1.188368
533 1.188304
534 1.187492
535 1.187276
536 1.187508
537 1.187406
538 1.187049
539 1.186410
540 1.186372
541 1.185508
542 1.186057
543 1.186028
544 1.186040
545 1.185742
546 1.185822
547 1.185957
548 1.185503
549 1.185725
550 1.186156
551 1.186341
552 1.185699
553 1.186249
554 1.186540
555 1.187110
556 1.186360
557 1.185751
558 1.185228
559 1.184804
560 1.185751
561 1.186471
562 1.186954
563 1.186365
564 1.186263
565 1.185557
566 1.185306
567 1.184665
568 1.184807
569 1.185290
570 1.185055
571 1.185190
572 1.184937
573 1.184861
574 1.185084
575 1.184935
576 1.184883
577 1.184096
578 1.183893
579 1.183931
580 1.183831
581 1.184137
582 1.184286
583 1.184018
584 1.183848
585 1.184231
586 1.184437
587 1.184312
588 1.184165
589 1.184537
590 1.184646
591 1.184840
592 1.185176
593 1.185434
594 1.185093
595 1.185129
596 1.185628
597 1.185657
598 1.186109
599 1.186500
600 1.186838
601 1.186881
602 1.185955
603 1.185484
604 1.185815
605 1.186242
606 1.185316
607 1.185053
608 1.185751
609 1.186244
610 1.186559
611 1.185730
612 1.185754
613 1.185389
614 1.185917
615 1.186324
616 1.186675
617 1.186436
618 1.186788
619 1.186959
620 1.187167
621 1.186971
622 1.186961
623 1.186268
624 1.186126
625 1.186076
626 1.185505
627 1.185377
628 1.185093
629 1.185181
630 1.185344
631 1.185072
632 1.185188
633 1.184965
634 1.184286
635 1.184804
636 1.184587
637 1.184885
638 1.185384
639 1.186339
640 1.186734
641 1.187293
642 1.187139
643 1.187167
644 1.186706
645 1.186587
646 1.186346
647 1.185683
648 1.185553
649 1.185612
650 1.185429
651 1.185640
652 1.185318
653 1.184821
654 1.184724
655 1.185252
656 1.185467
657 1.185503
658 1.185886
659 1.185664
660 1.185785
661 1.185794
662 1.186047
663 1.185825
664 1.186197
665 1.186052
666 1.185541
667 1.185725
668 1.185867
669 1.185901
670 1.186076
671 1.185749
672 1.186279
673 1.186156
674 1.185832
675 1.185768
676 1.185176
677 1.185079
678 1.184362
679 1.183666
680 1.184357
681 1.185048
682 1.184845
683 1.185616
684 1.185860
685 1.186260
686 1.186483
687 1.186677
688 1.186457
689 1.186201
690 1.186026
691 1.186620
692 1.186369
693 1.186099
694 1.185588
695 1.185917
696 1.185304
697 1.184608
698 1.184381
699 1.184819
700 1.184918
701 1.184608
702 1.184700
703 1.184542
704 1.184347
705 1.184814
706 1.183803
707 1.184250
708 1.184807
709 1.185025
710 1.184722
711 1.185283
712 1.184466
713 1.184887
714 1.185273
715 1.185669
716 1.185657
717 1.185785
718 1.186062
719 1.186412
720 1.186133
721 1.185688
722 1.185860
723 1.186767
724 1.187402
725 1.187759
726 1.187328
727 1.187312
728 1.187719
729 1.187825
730 1.187158
731 1.186888
732 1.186897
733 1.186421
734 1.186815
735 1.187039
736 1.186926
737 1.186537
738 1.186216
739 1.185777
740 1.186066
741 1.185761
742 1.185993
743 1.186303
744 1.186426
745 1.186772
746 1.186348
747 1.186403
748 1.186213
749 1.186597
750 1.186448
751 1.186216
752 1.186521
753 1.186564
754 1.186959
755 1.186429
756 1.185550
757 1.186187
758 1.186841
759 1.186810
760 1.186133
761 1.186047
762 1.185500
763 1.185437
764 1.185145
765 1.185590
766 1.186126
767 1.186533
768 1.186421
769 1.185491
770 1.185834
771 1.186062
772 1.185853
773 1.185545
774 1.185773
775 1.185967
776 1.186388
777 1.186452
778 1.186772
779 1.186485
780 1.186947
781 1.187359
782 1.187361
783 1.187693
784 1.187873
785 1.188069
786 1.187861
787 1.187918
788 1.187932
789 1.188207
790 1.187399
791 1.187200
792 1.187075
793 1.186779
794 1.186902
795 1.187158
796 1.187032
797 1.187243
798 1.187018
799 1.186483
800 1.186573
801 1.187177
802 1.187271
803 1.186871
804 1.186940
805 1.187378
806 1.186798
807 1.187037
808 1.186878
809 1.186994
810 1.186440
811 1.185702
812 1.185751
813 1.186618
814 1.187132
815 1.187972
816 1.187866
817 1.187724
818 1.187695
819 1.186902
820 1.187560
821 1.187887
822 1.187269
823 1.187167
824 1.187108
825 1.186400
826 1.186755
827 1.186592
828 1.185444
829 1.185635
830 1.185238
831 1.184440
832 1.184584
833 1.184553
834 1.184996
835 1.184807
836 1.185032
837 1.184906
838 1.185221
839 1.186021
840 1.185590
841 1.185744
842 1.185609
843 1.185266
844 1.185396
845 1.185396
846 1.185858
847 1.185863
848 1.185673
849 1.185830
850 1.186133
851 1.186367
852 1.186369
853 1.186327
854 1.186268
855 1.185962
856 1.186133
857 1.186362
858 1.186781
859 1.187302
860 1.187416
861 1.187302
862 1.187108
863 1.186786
864 1.187160
865 1.187342
866 1.187326
867 1.187513
868 1.186817
869 1.186320
870 1.186530
871 1.187200
872 1.187146
873 1.186987
874 1.186793
875 1.186720
876 1.186973
877 1.187425
878 1.187513
879 1.187314
880 1.187250
881 1.186481
882 1.187122
883 1.187075
884 1.187141
885 1.186537
886 1.186163
887 1.186057
888 1.185725
889 1.185560
890 1.186362
891 1.186971
892 1.187042
893 1.186504
894 1.186249
895 1.186071
896 1.185820
897 1.185472
898 1.185373
899 1.185538
900 1.185695
901 1.185912
902 1.185728
903 1.185411
904 1.185089
905 1.184584
906 1.184700
907 1.184468
908 1.184051
909 1.183952
910 1.183912
911 1.183677
912 1.184428
913 1.184516
914 1.185517
915 1.186159
916 1.185418
917 1.185358
918 1.185943
919 1.186182
920 1.185652
921 1.185188
922 1.185174
923 1.185384
924 1.185337
925 1.184750
926 1.185032
927 1.184875
928 1.185593
929 1.185976
930 1.185688
931 1.185316
932 1.184928
933 1.184743
934 1.184660
935 1.184904
936 1.184852
937 1.184878
938 1.185652
939 1.185020
940 1.185145
941 1.185581
942 1.184748
943 1.185205
944 1.184838
945 1.184302
946 1.184234
947 1.183355
948 1.183334
949 1.183093
950 1.183876
951 1.184087
952 1.183798
953 1.183746
954 1.184224
955 1.184442
956 1.184395
957 1.184504
958 1.184198
959 1.184156
960 1.184449
961 1.184430
962 1.183995
963 1.183464
964 1.183415
965 1.183490
966 1.183774
967 1.184094
968 1.183377
969 1.183126
970 1.183043
971 1.182719
972 1.182993
973 1.182915
974 1.183644
975 1.183779
976 1.184002
977 1.184028
978 1.184449
979 1.184158
980 1.184075
981 1.184333
982 1.184698
983 1.184627
984 1.184371
985 1.184239
986 1.184563
987 1.184956
988 1.185112
989 1.185297
990 1.185273
991 1.185472
992 1.186445
993 1.186651
994 1.186604
995 1.186907
996 1.187018
997 1.186403
998 1.186249
999 1.186194
1000 1.186350
1001 1.186062
1002 1.185702
1003 1.185233
1004 1.185223
1005 1.185458
1006 1.184679
1007 1.185025
1008 1.184717
1009 1.184785
1010 1.184584
1011 1.183874
1012 1.184009
1013 1.184669
1014 1.184925
1015 1.185363
1016 1.184973
1017 1.185427
1018 1.185477
1019 1.185631
1020 1.185302
1021 1.185060
1022 1.184255
1023 1.184279
1024 1.184099
1025 1.184615
1026 1.184624
1027 1.184511
1028 1.184835
1029 1.184866
1030 1.185846
1031 1.185661
1032 1.186277
1033 1.186095
1034 1.186431
1035 1.186419
1036 1.186360
1037 1.186055
1038 1.186535
1039 1.186362
1040 1.186021
1041 1.186384
1042 1.185761
1043 1.186000
1044 1.185676
1045 1.185721
1046 1.185889
1047 1.186535
1048 1.187276
1049 1.186829
1050 1.186457
1051 1.185664
1052 1.185302
1053 1.185493
1054 1.185384
1055 1.185922
1056 1.185280
1057 1.185408
1058 1.185368
1059 1.185846
1060 1.185420
1061 1.185482
1062 1.185195
1063 1.185377
1064 1.185188
1065 1.184833
1066 1.184856
1067 1.184210
1068 1.184319
1069 1.184080
1070 1.184610
1071 1.184260
1072 1.183455
1073 1.183969
1074 1.183808
1075 1.184636
1076 1.184035
1077 1.184272
1078 1.184511
1079 1.184982
1080 1.184492
1081 1.185238
1082 1.185505
1083 1.185444
1084 1.184703
1085 1.184928
1086 1.185174
1087 1.184923
1088 1.185178
1089 1.185446
1090 1.185593
1091 1.185337
1092 1.185799
1093 1.186078
1094 1.185763
1095 1.185813
1096 1.186059
1097 1.185799
1098 1.186225
1099 1.185550
1100 1.185955
1101 1.185751
1102 1.185915
1103 1.186050
1104 1.186294
1105 1.186244
1106 1.186282
1107 1.186474
1108 1.186630
1109 1.185962
1110 1.185943
1111 1.186466
1112 1.186689
1113 1.186871
1114 1.186213
1115 1.185560
1116 1.185574
1117 1.185898
1118 1.185572
1119 1.184906
1120 1.185368
1121 1.185986
1122 1.186452
1123 1.186142
1124 1.185813
1125 1.185875
1126 1.186045
1127 1.185915
1128 1.186298
1129 1.185728
1130 1.186133
1131 1.185697
1132 1.185801
1133 1.186305
1134 1.186537
1135 1.186272
1136 1.186194
1137 1.186213
1138 1.186592
1139 1.186270
1140 1.185877
1141 1.185441
1142 1.185583
1143 1.185882
1144 1.186052
1145 1.185706
1146 1.184911
1147 1.184828
1148 1.185107
1149 1.184994
1150 1.185216
1151 1.186329
1152 1.186469
1153 1.186166
1154 1.186258
1155 1.186005
1156 1.186698
1157 1.186208
1158 1.185912
1159 1.186216
1160 1.186528
1161 1.186739
1162 1.186081
1163 1.186040
1164 1.185470
1165 1.185176
1166 1.185676
1167 1.186014
1168 1.186123
1169 1.186421
1170 1.186104
1171 1.186867
1172 1.186729
1173 1.187286
1174 1.187814
1175 1.188406
1176 1.188060
1177 1.187906
1178 1.187608
1179 1.186504
1180 1.186284
1181 1.186208
1182 1.186140
1183 1.186173
1184 1.186118
1185 1.185967
1186 1.185905
1187 1.186185
1188 1.185524
1189 1.185545
1190 1.185392
1191 1.185754
1192 1.186175
1193 1.186781
1194 1.186720
1195 1.186651
1196 1.186694
1197 1.186481
1198 1.186362
1199 1.185898
1200 1.185451
1201 1.185429
1202 1.185169
1203 1.185399
1204 1.185384
1205 1.185458
1206 1.185453
1207 1.185178
1208 1.185600
1209 1.185564
1210 1.185479
1211 1.185226
1212 1.184939
1213 1.184814
1214 1.185020
1215 1.184437
1216 1.184075
1217 1.184669
1218 1.184892
1219 1.184778
1220 1.184490
1221 1.185176
1222 1.185392
1223 1.185706
1224 1.185548
1225 1.185844
1226 1.185152
1227 1.185242
1228 1.185413
1229 1.185107
1230 1.185318
1231 1.185983
1232 1.186516
1233 1.186592
1234 1.186017
1235 1.185972
1236 1.186710
1237 1.186464
1238 1.186765
1239 1.186462
1240 1.186855
1241 1.186916
1242 1.186822
1243 1.186694
1244 1.186339
1245 1.186081
1246 1.186365
1247 1.186152
1248 1.186502
1249 1.186289
1250 1.185780
1251 1.186014
1252 1.185943
1253 1.185766
1254 1.184894
1255 1.185361
1256 1.185938
1257 1.185910
1258 1.185936
1259 1.185834
1260 1.185422
1261 1.185484
1262 1.185818
1263 1.186171
1264 1.185867
1265 1.185934
1266 1.185965
1267 1.186767
1268 1.186036
1269 1.185822
1270 1.186161
1271 1.186443
1272 1.185995
1273 1.186076
1274 1.185875
1275 1.185912
1276 1.185858
1277 1.185924
1278 1.185896
1279 1.185474
1280 1.185519
1281 1.186031
1282 1.185922
1283 1.185839
1284 1.186296
1285 1.186263
1286 1.186793
1287 1.186528
1288 1.185889
1289 1.186604
1290 1.186154
1291 1.185704
1292 1.185808
1293 1.185205
1294 1.185579
1295 1.185074
1296 1.184347
1297 1.184096
1298 1.183599
1299 1.183486
1300 1.183353
1301 1.184473
1302 1.184812
1303 1.184579
1304 1.184596
1305 1.184305
1306 1.184594
1307 1.184956
1308 1.185039
1309 1.185818
1310 1.185702
1311 1.185273
1312 1.185316
1313 1.185579
1314 1.185867
1315 1.185953
1316 1.186085
1317 1.185439
1318 1.185766
1319 1.185579
1320 1.185100
1321 1.185306
1322 1.185496
1323 1.185115
1324 1.185264
1325 1.184703
1326 1.184707
1327 1.183907
1328 1.183900
1329 1.183935
1330 1.184298
1331 1.184080
1332 1.184070
1333 1.183857
1334 1.184364
1335 1.184414
1336 1.184748
1337 1.184987
1338 1.184601
1339 1.184532
1340 1.184596
1341 1.184492
1342 1.184508
1343 1.184063
1344 1.184620
1345 1.184669
1346 1.184525
1347 1.184639
1348 1.185041
1349 1.185268
1350 1.185766
1351 1.185304
1352 1.185328
1353 1.185652
1354 1.185484
1355 1.185505
1356 1.186173
1357 1.185616
1358 1.185389
1359 1.185576
1360 1.185309
1361 1.184340
1362 1.184442
1363 1.184373
1364 1.183846
1365 1.183360
1366 1.183488
1367 1.183694
1368 1.184326
1369 1.184002
1370 1.184078
1371 1.184362
1372 1.184395
1373 1.184795
1374 1.184790
1375 1.185074
1376 1.184497
1377 1.184928
1378 1.184975
1379 1.185015
1380 1.184383
1381 1.184828
1382 1.185524
1383 1.185382
1384 1.185486
1385 1.185155
1386 1.185077
1387 1.184835
1388 1.185115
1389 1.185524
1390 1.185306
1391 1.185188
1392 1.185081
1393 1.184695
1394 1.184816
1395 1.184229
1396 1.183943
1397 1.184641
1398 1.184085
1399 1.183945
1400 1.184395
1401 1.184641
1402 1.184712
1403 1.185602
1404 1.185631
1405 1.184463
1406 1.185576
1407 1.185616
1408 1.186021
1409 1.186511
1410 1.186469
1411 1.185995
1412 1.185865
1413 1.185737
1414 1.185595
1415 1.185943
1416 1.186639
1417 1.187049
1418 1.186561
1419 1.186296
1420 1.186031
1421 1.185162
1422 1.185195
1423 1.185193
1424 1.185678
1425 1.186400
1426 1.186594
1427 1.186940
1428 1.186919
1429 1.187217
1430 1.187709
1431 1.187103
1432 1.186954
1433 1.187563
1434 1.187243
1435 1.187489
1436 1.187669
1437 1.187939
1438 1.187627
1439 1.187139
1440 1.187335
1441 1.187575
1442 1.187660
1443 1.188169
1444 1.187638
1445 1.187340
1446 1.187373
1447 1.187243
1448 1.186272
1449 1.185091
1450 1.185138
1451 1.184854
1452 1.184878
1453 1.184556
1454 1.185186
1455 1.185432
1456 1.185226
1457 1.185470
1458 1.184920
1459 1.185344
1460 1.184795
1461 1.185439
1462 1.185384
1463 1.185761
1464 1.185444
1465 1.185863
1466 1.186012
1467 1.185993
1468 1.185581
1469 1.185657
1470 1.185072
1471 1.185157
1472 1.184878
1473 1.184544
1474 1.184646
1475 1.185039
1476 1.185988
1477 1.186230
1478 1.186135
1479 1.186076
1480 1.186495
1481 1.186523
1482 1.186225
1483 1.186386
1484 1.186466
1485 1.185688
1486 1.185418
1487 1.185879
1488 1.186059
1489 1.185517
1490 1.184916
1491 1.184764
1492 1.185003
1493 1.185183
1494 1.185242
1495 1.184987
1496 1.184542
1497 1.184007
1498 1.183796
1499 1.183793
1500 1.183597
1501 1.184004
1502 1.183831
1503 1.183493
1504 1.183322
1505 1.182953
1506 1.182707
1507 1.182681
1508 1.182302
1509 1.182477
1510 1.182259
1511 1.182169
1512 1.182444
1513 1.182749
1514 1.182733
1515 1.183149
1516 1.183284
1517 1.182872
1518 1.183287
1519 1.182456
1520 1.183116
1521 1.183126
1522 1.183533
1523 1.183760
1524 1.183505
1525 1.182986
1526 1.182797
1527 1.182250
1528 1.182678
1529 1.182839
1530 1.182318
1531 1.182098
1532 1.181930
1533 1.182136
1534 1.182707
1535 1.182652
1536 1.182614
1537 1.182792
1538 1.183810
1539 1.183606
1540 1.183907
1541 1.183919
1542 1.183658
1543 1.183751
1544 1.184291
1545 1.184243
1546 1.184776
1547 1.184307
1548 1.184906
1549 1.185162
1550 1.185612
1551 1.185313
1552 1.185174
1553 1.185754
1554 1.186062
1555 1.185841
1556 1.185356
1557 1.185065
1558 1.184755
1559 1.185264
1560 1.185228
1561 1.185548
1562 1.186599
1563 1.186519
1564 1.185844
1565 1.186000
1566 1.185867
1567 1.185628
1568 1.185647
1569 1.185676
1570 1.185171
1571 1.185089
1572 1.185593
1573 1.185562
1574 1.185938
1575 1.185614
1576 1.185323
1577 1.186130
1578 1.186414
1579 1.186698
1580 1.186078
1581 1.186355
1582 1.186388
1583 1.185650
1584 1.186007
1585 1.186320
1586 1.186199
1587 1.186682
1588 1.186249
1589 1.186052
1590 1.186147
1591 1.186092
1592 1.185188
1593 1.185415
1594 1.185164
1595 1.185628
1596 1.185425
1597 1.185010
1598 1.184587
1599 1.184639
1600 1.185261
1601 1.184774
1602 1.184688
1603 1.184139
1604 1.184205
1605 1.184752
1606 1.184506
1607 1.183609
1608 1.183720
1609 1.183540
1610 1.184139
1611 1.183268
1612 1.183341
1613 1.183687
1614 1.184023
1615 1.183464
1616 1.183737
1617 1.183564
1618 1.183400
1619 1.183644
1620 1.184310
1621 1.184565
1622 1.184577
1623 1.184456
1624 1.184182
1625 1.184326
1626 1.183644
1627 1.183883
1628 1.183888
1629 1.183843
1630 1.184042
1631 1.183992
1632 1.184376
1633 1.185200
1634 1.185141
1635 1.184703
1636 1.185067
1637 1.185425
1638 1.185685
1639 1.184984
1640 1.184752
1641 1.184561
1642 1.184312
1643 1.184104
1644 1.183853
1645 1.184028
1646 1.183954
1647 1.184082
1648 1.183831
1649 1.183145
1650 1.183417
1651 1.183180
1652 1.183576
1653 1.183909
1654 1.183793
1655 1.183441
1656 1.184236
1657 1.184141
1658 1.183853
1659 1.183843
1660 1.184433
1661 1.184487
1662 1.184695
1663 1.183876
1664 1.184021
1665 1.183876
1666 1.184231
1667 1.184253
1668 1.183708
1669 1.183881
1670 1.184248
1671 1.184194
1672 1.184002
1673 1.184191
1674 1.183862
1675 1.184011
1676 1.183921
1677 1.183649
1678 1.183559
1679 1.182908
1680 1.182806
1681 1.182543
1682 1.182273
1683 1.182340
1684 1.181954
1685 1.182105
1686 1.181414
1687 1.181523
1688 1.181471
1689 1.181300
1690 1.181613
1691 1.181790
1692 1.181748
1693 1.181333
1694 1.181404
1695 1.181577
1696 1.181719
1697 1.182120
1698 1.182697
1699 1.183270
1700 1.183798
1701 1.183654
1702 1.183355
1703 1.183133
1704 1.183391
1705 1.183142
1706 1.183408
1707 1.183405
1708 1.183457
1709 1.183405
1710 1.182908
1711 1.183031
1712 1.182884
1713 1.183000
1714 1.182977
1715 1.182657
1716 1.183138
1717 1.183154
1718 1.183483
1719 1.183810
1720 1.183666
1721 1.183273
1722 1.183545
1723 1.183353
1724 1.183218
1725 1.182333
1726 1.182299
1727 1.182790
1728 1.182408
1729 1.182179
1730 1.182408
1731 1.182120
1732 1.182477
1733 1.182806
1734 1.183935
1735 1.183973
1736 1.182856
1737 1.182472
1738 1.182984
1739 1.182851
1740 1.182404
1741 1.182041
1742 1.182572
1743 1.182690
1744 1.183422
1745 1.183261
1746 1.183445
1747 1.183429
1748 1.182804
1749 1.182304
1750 1.182162
1751 1.181821
1752 1.182089
1753 1.182063
1754 1.182105
1755 1.182302
1756 1.182778
1757 1.182882
1758 1.182539
1759 1.182299
1760 1.181741
1761 1.181348
1762 1.181677
1763 1.181409
1764 1.181679
1765 1.181793
1766 1.182307
1767 1.182579
1768 1.182565
1769 1.182858
1770 1.182174
1771 1.181985
1772 1.182458
1773 1.182612
1774 1.183223
1775 1.183448
1776 1.183249
1777 1.182801
1778 1.183564
1779 1.184094
1780 1.184279
1781 1.184695
1782 1.184729
1783 1.184504
1784 1.184371
1785 1.184426
1786 1.184887
1787 1.184899
1788 1.185157
1789 1.186017
1790 1.185484
1791 1.185538
1792 1.185216
1793 1.184717
1794 1.183928
1795 1.184241
1796 1.184047
1797 1.184123
1798 1.183782
1799 1.183344
1800 1.183415
1801 1.183396
1802 1.183542
1803 1.184359
1804 1.184442
1805 1.184965
1806 1.184873
1807 1.184707
1808 1.184115
1809 1.184492
1810 1.184901
1811 1.185564
1812 1.185280
1813 1.185318
1814 1.185105
1815 1.184873
1816 1.185074
1817 1.184999
1818 1.185205
1819 1.184596
1820 1.184395
1821 1.184295
1822 1.184511
1823 1.184551
1824 1.185304
1825 1.185389
1826 1.185039
1827 1.184705
1828 1.185070
1829 1.184445
1830 1.184224
1831 1.184712
1832 1.184674
1833 1.184812
1834 1.185219
1835 1.185183
1836 1.185555
1837 1.185112
1838 1.185183
1839 1.185496
1840 1.185967
1841 1.185799
1842 1.185081
1843 1.184956
1844 1.184804
1845 1.183990
1846 1.183895
1847 1.183396
1848 1.182340
1849 1.182465
1850 1.182742
1851 1.183074
1852 1.183273
1853 1.183372
1854 1.183000
1855 1.183855
1856 1.183928
1857 1.183441
1858 1.182967
1859 1.183114
1860 1.183126
1861 1.183765
1862 1.184302
1863 1.183571
1864 1.183531
1865 1.184217
1866 1.183985
1867 1.184059
1868 1.184059
1869 1.184168
1870 1.183666
1871 1.183682
1872 1.183379
1873 1.183050
1874 1.183109
1875 1.182856
1876 1.182853
1877 1.183299
1878 1.182775
1879 1.182652
1880 1.182527
1881 1.182479
1882 1.182726
1883 1.182853
1884 1.183083
1885 1.182624
1886 1.183005
1887 1.183126
1888 1.182614
1889 1.182271
1890 1.182621
1891 1.182858
1892 1.182456
1893 1.182576
1894 1.181535
1895 1.182018
1896 1.182726
1897 1.182382
1898 1.182233
1899 1.182041
1900 1.182837
1901 1.182269
1902 1.182520
1903 1.182228
1904 1.182988
1905 1.182110
1906 1.181843
1907 1.181497
1908 1.181483
1909 1.181762
1910 1.181909
1911 1.181691
1912 1.181719
1913 1.181932
1914 1.181582
1915 1.181509
1916 1.181745
1917 1.182093
1918 1.182084
1919 1.182593
1920 1.183007
1921 1.183353
1922 1.182446
1923 1.181902
1924 1.181734
1925 1.182247
1926 1.182020
1927 1.181947
1928 1.181918
1929 1.182162
1930 1.181691
1931 1.181786
1932 1.181942
1933 1.182183
1934 1.182065
1935 1.182832
1936 1.183680
1937 1.184366
1938 1.184563
1939 1.184101
1940 1.184404
1941 1.183969
1942 1.183917
1943 1.183843
1944 1.183273
1945 1.182988
1946 1.183140
1947 1.182468
1948 1.181859
1949 1.181961
1950 1.181549
1951 1.181665
1952 1.181551
1953 1.181343
1954 1.181374
1955 1.181594
1956 1.182219
1957 1.181906
1958 1.182401
1959 1.182711
1960 1.181935
1961 1.182091
1962 1.182008
1963 1.182103
1964 1.182423
1965 1.182685
1966 1.183609
1967 1.184153
1968 1.184561
1969 1.184859
1970 1.184989
1971 1.184802
1972 1.184182
1973 1.183715
1974 1.183668
1975 1.183149
1976 1.183400
1977 1.183644
1978 1.183270
1979 1.183408
1980 1.183827
1981 1.184347
1982 1.183864
1983 1.184355
1984 1.184970
1985 1.185027
1986 1.185046
1987 1.185214
1988 1.184648
1989 1.184265
1990 1.184312
1991 1.184421
1992 1.184224
1993 1.184165
1994 1.184373
1995 1.184894
1996 1.184722
1997 1.184989
1998 1.185588
1999 1.186142
2000 1.185851
2001 1.186166
2002 1.186043
2003 1.185392
2004 1.185979
2005 1.185650
2006 1.185801
2007 1.186111
2008 1.186377
2009 1.186788
2010 1.186841
2011 1.186173
2012 1.185496
2013 1.186014
2014 1.186050
2015 1.186346
2016 1.186855
2017 1.187092
2018 1.186755
2019 1.186575
2020 1.185875
2021 1.186047
2022 1.186104
2023 1.186055
2024 1.185091
2025 1.185472
2026 1.185564
2027 1.185283
2028 1.185635
2029 1.186064
2030 1.185467
2031 1.185268
2032 1.184861
2033 1.185169
2034 1.184523
2035 1.184883
2036 1.185624
2037 1.185721
2038 1.185910
2039 1.185171
2040 1.185202
2041 1.184987
2042 1.185053
2043 1.184551
2044 1.184845
2045 1.184369
2046 1.183874
2047 1.183784
2048 1.184314
2049 1.183959
2050 1.183931
2051 1.183682
2052 1.183500
2053 1.183149
2054 1.183628
2055 1.184182
2056 1.184414
2057 1.184553
2058 1.184184
2059 1.184636
2060 1.184750
2061 1.184430
2062 1.183796
2063 1.183744
2064 1.184563
2065 1.184939
2066 1.185081
2067 1.185640
2068 1.185721
2069 1.185787
2070 1.186320
2071 1.185905
2072 1.185157
2073 1.184733
2074 1.184516
2075 1.183886
2076 1.184021
2077 1.184373
2078 1.184357
2079 1.184712
2080 1.184840
2081 1.184350
2082 1.183725
2083 1.183905
2084 1.183436
2085 1.183947
2086 1.184463
2087 1.184033
2088 1.184068
2089 1.184253
2090 1.184051
2091 1.184492
2092 1.184191
2093 1.184516
2094 1.184705
2095 1.185212
2096 1.185013
2097 1.185290
2098 1.184170
2099 1.184636
2100 1.184603
2101 1.183926
2102 1.184182
2103 1.184338
2104 1.184357
2105 1.184452
2106 1.184343
2107 1.184210
2108 1.183995
2109 1.184061
2110 1.183907
2111 1.183715
2112 1.184655
2113 1.184669
2114 1.185553
2115 1.185401
2116 1.185325
2117 1.185202
2118 1.184561
2119 1.184561
2120 1.184714
2121 1.184326
2122 1.184653
2123 1.184797
2124 1.184291
2125 1.184461
2126 1.184002
2127 1.184610
2128 1.184980
2129 1.185089
2130 1.185309
2131 1.185292
2132 1.185041
2133 1.185107
2134 1.185500
2135 1.185126
2136 1.184939
2137 1.184068
2138 1.184890
2139 1.185079
2140 1.184963
2141 1.185141
2142 1.185380
2143 1.184916
2144 1.185479
2145 1.185609
2146 1.185555
2147 1.185214
2148 1.185683
2149 1.186197
2150 1.185699
2151 1.185460
2152 1.185690
2153 1.186076
2154 1.186504
2155 1.186450
2156 1.185777
2157 1.185754
2158 1.185619
2159 1.186211
2160 1.186800
2161 1.186448
2162 1.186433
2163 1.186154
2164 1.185953
2165 1.185905
2166 1.186171
2167 1.186199
2168 1.186244
2169 1.186014
2170 1.185413
2171 1.185169
2172 1.185489
2173 1.185647
2174 1.185567
2175 1.186066
2176 1.185789
2177 1.185614
2178 1.186206
2179 1.185934
2180 1.186038
2181 1.186062
2182 1.186028
2183 1.186173
2184 1.186426
2185 1.186220
2186 1.185285
2187 1.185105
2188 1.184958
2189 1.184821
2190 1.185479
2191 1.185463
2192 1.184975
2193 1.185555
2194 1.185278
2195 1.186310
2196 1.186410
2197 1.186249
2198 1.186578
2199 1.186073
2200 1.186121
2201 1.186249
2202 1.185983
2203 1.186064
2204 1.185661
2205 1.185058
2206 1.185183
2207 1.184537
2208 1.184082
2209 1.183812
2210 1.184305
2211 1.184572
2212 1.184826
2213 1.184454
2214 1.184186
2215 1.183843
2216 1.184404
2217 1.184729
2218 1.184819
2219 1.184508
2220 1.184440
2221 1.185046
2222 1.186102
2223 1.186021
2224 1.186142
2225 1.186002
2226 1.186085
2227 1.185725
2228 1.185098
2229 1.185453
2230 1.185640
2231 1.185581
2232 1.185152
2233 1.185538
2234 1.185240
2235 1.185044
2236 1.185029
2237 1.185377
2238 1.185770
2239 1.185595
2240 1.186272
2241 1.186367
2242 1.185422
2243 1.185119
2244 1.186161
2245 1.185962
2246 1.185117
2247 1.185524
2248 1.185403
2249 1.184880
2250 1.184632
2251 1.184551
2252 1.183935
2253 1.183552
2254 1.183649
2255 1.183985
2256 1.183632
2257 1.183765
2258 1.183384
2259 1.183938
2260 1.184445
2261 1.184426
2262 1.184125
2263 1.183389
2264 1.183950
2265 1.183765
2266 1.183386
2267 1.182941
2268 1.183400
2269 1.183452
2270 1.183116
2271 1.182799
2272 1.182508
2273 1.182657
2274 1.182996
2275 1.183604
2276 1.184106
2277 1.183514
2278 1.183469
2279 1.184115
2280 1.183159
2281 1.182520
2282 1.182397
2283 1.183036
2284 1.182837
2285 1.183327
2286 1.183090
2287 1.182939
2288 1.183538
2289 1.183242
2290 1.183157
2291 1.183479
2292 1.183055
2293 1.183029
2294 1.183879
2295 1.183758
2296 1.184047
2297 1.184575
2298 1.184416
2299 1.184587
2300 1.184473
2301 1.184035
2302 1.184314
2303 1.184246
2304 1.184153
2305 1.184364
2306 1.184184
2307 1.184385
2308 1.184196
2309 1.183786
2310 1.184201
2311 1.183637
2312 1.183502
2313 1.183616
2314 1.183694
2315 1.183675
2316 1.183782
2317 1.183183
2318 1.183010
2319 1.183474
2320 1.183273
2321 1.182645
2322 1.182250
2323 1.182082
2324 1.182027
2325 1.181909
2326 1.182084
2327 1.181064
2328 1.180955
2329 1.181743
2330 1.181925
2331 1.181959
2332 1.182434
2333 1.183554
2334 1.184144
2335 1.184681
2336 1.185330
2337 1.185169
2338 1.185209
2339 1.185141
2340 1.185065
2341 1.185384
2342 1.185512
2343 1.186099
2344 1.185988
2345 1.185455
2346 1.184587
2347 1.184336
2348 1.184120
2349 1.183784
2350 1.184606
2351 1.184717
2352 1.184383
2353 1.183616
2354 1.183408
2355 1.183611
2356 1.183720
2357 1.183808
2358 1.183980
2359 1.183914
2360 1.184421
2361 1.184809
2362 1.184662
2363 1.183900
2364 1.183469
2365 1.183445
2366 1.183692
2367 1.182903
2368 1.182321
2369 1.182385
2370 1.182463
2371 1.182479
2372 1.181809
2373 1.181684
2374 1.181682
2375 1.181521
2376 1.181035
2377 1.181307
2378 1.182413
2379 1.182487
2380 1.183126
2381 1.183962
2382 1.184054
2383 1.184115
2384 1.183869
2385 1.183895
2386 1.183696
2387 1.183658
2388 1.183436
2389 1.182558
2390 1.182740
2391 1.182337
2392 1.182520
2393 1.182375
2394 1.182517
2395 1.182075
2396 1.182034
2397 1.182136
2398 1.182477
2399 1.182898
2400 1.182716
2401 1.183609
2402 1.183909
2403 1.184617
2404 1.184873
2405 1.184494
2406 1.183824
2407 1.182877
2408 1.182539
2409 1.181947
2410 1.182056
2411 1.183062
2412 1.183547
2413 1.183666
2414 1.183725
2415 1.183299
2416 1.182591
2417 1.182072
2418 1.181734
2419 1.181371
2420 1.181582
2421 1.181343
2422 1.180903
2423 1.180914
2424 1.181068
2425 1.180635
2426 1.180787
2427 1.180429
2428 1.180891
2429 1.180566
2430 1.180270
2431 1.180704
2432 1.180910
2433 1.181584
2434 1.181558
2435 1.180543
2436 1.181026
2437 1.182020
2438 1.182299
2439 1.182470
2440 1.182115
2441 1.183157
2442 1.183471
2443 1.183386
2444 1.184338
2445 1.183926
2446 1.183391
2447 1.183817
2448 1.183909
2449 1.183879
2450 1.184636
2451 1.184523
2452 1.184866
2453 1.185728
2454 1.185721
2455 1.186253
2456 1.186154
2457 1.186225
2458 1.186064
2459 1.186457
2460 1.186715
2461 1.186362
2462 1.186582
2463 1.187177
2464 1.187049
2465 1.186812
2466 1.187245
2467 1.187354
2468 1.187698
2469 1.187359
2470 1.187610
2471 1.187482
2472 1.187065
2473 1.186893
2474 1.185879
2475 1.185370
2476 1.184482
2477 1.184769
2478 1.184305
2479 1.184080
2480 1.183900
2481 1.184047
2482 1.184369
2483 1.184691
2484 1.184743
2485 1.185060
2486 1.184579
2487 1.185221
2488 1.184788
2489 1.184873
2490 1.184923
2491 1.185183
2492 1.184970
2493 1.184866
2494 1.184733
2495 1.185086
2496 1.184710
2497 1.184182
2498 1.184002
2499 1.184037
2500 1.184080
2501 1.183493
2502 1.182740
2503 1.182214
2504 1.182155
2505 1.182460
2506 1.182756
2507 1.182389
2508 1.182830
2509 1.183223
2510 1.182910
2511 1.182603
2512 1.182889
2513 1.183801
2514 1.183869
2515 1.183793
2516 1.183367
2517 1.183180
2518 1.183045
2519 1.183064
2520 1.183325
2521 1.182250
2522 1.181686
2523 1.182039
2524 1.182174
2525 1.182723
2526 1.182430
2527 1.182276
2528 1.182179
2529 1.182183
2530 1.182046
2531 1.182148
2532 1.182122
2533 1.182262
2534 1.182150
2535 1.182212
2536 1.182562
2537 1.182221
2538 1.182510
2539 1.182489
2540 1.182747
2541 1.183322
2542 1.183268
2543 1.183374
2544 1.183315
2545 1.183436
2546 1.183121
2547 1.183642
2548 1.184092
2549 1.184970
2550 1.185529
2551 1.185250
2552 1.184965
2553 1.185107
2554 1.184350
2555 1.184082
2556 1.183841
2557 1.183819
2558 1.183862
2559 1.184504
2560 1.184651
2561 1.184890
2562 1.185070
2563 1.184901
2564 1.184056
2565 1.184115
2566 1.183452
2567 1.183533
2568 1.183161
2569 1.182894
2570 1.183247
2571 1.183526
2572 1.183602
2573 1.183512
2574 1.183171
2575 1.183469
2576 1.183756
2577 1.184253
2578 1.184454
2579 1.185422
2580 1.185489
2581 1.185685
2582 1.185986
2583 1.185373
2584 1.185228
2585 1.184724
2586 1.184411
2587 1.184606
2588 1.184319
2589 1.184961
2590 1.185164
2591 1.185363
2592 1.185077
2593 1.185247
2594 1.185744
2595 1.186334
2596 1.186926
2597 1.186637
2598 1.186774
2599 1.187115
2600 1.186424
2601 1.186549
2602 1.186485
2603 1.186126
2604 1.186433
2605 1.186355
2606 1.186163
2607 1.186204
2608 1.185579
2609 1.185067
2610 1.184928
2611 1.185268
2612 1.185527
2613 1.185280
2614 1.184897
2615 1.184814
2616 1.184911
2617 1.185006
2618 1.185283
2619 1.185015
2620 1.185103
2621 1.184695
2622 1.185062
2623 1.184669
2624 1.184018
2625 1.184002
2626 1.182799
2627 1.182524
2628 1.183348
2629 1.183171
2630 1.182846
2631 1.182794
2632 1.183019
2633 1.183041
2634 1.183434
2635 1.183268
2636 1.183436
2637 1.184002
2638 1.183486
2639 1.183841
2640 1.183980
2641 1.183985
2642 1.183824
2643 1.183734
2644 1.184007
2645 1.184070
2646 1.184679
2647 1.184965
2648 1.184916
2649 1.185072
2650 1.185804
2651 1.185169
2652 1.185169
2653 1.185496
2654 1.185659
2655 1.185583
2656 1.184866
2657 1.184819
2658 1.184954
2659 1.184868
2660 1.184485
2661 1.183855
2662 1.184373
2663 1.183682
2664 1.182851
2665 1.181904
2666 1.181954
2667 1.181909
2668 1.182236
2669 1.182716
2670 1.182657
2671 1.182849
2672 1.183301
2673 1.182830
2674 1.183386
2675 1.182801
2676 1.182664
2677 1.182697
2678 1.183789
2679 1.184561
2680 1.184430
2681 1.183843
2682 1.183926
2683 1.184416
2684 1.184144
2685 1.183545
2686 1.184227
2687 1.184196
2688 1.184189
2689 1.184014
2690 1.183966
2691 1.184343
2692 1.183817
2693 1.184234
2694 1.184634
2695 1.184989
2696 1.185240
2697 1.184480
2698 1.184007
2699 1.183850
2700 1.184037
2701 1.184078
2702 1.184968
2703 1.184357
2704 1.183898
2705 1.183521
2706 1.184170
2707 1.184087
2708 1.183353
2709 1.184437
2710 1.184729
2711 1.185276
2712 1.184866
2713 1.185200
2714 1.186017
2715 1.186045
2716 1.185508
2717 1.185015
2718 1.184681
2719 1.183938
2720 1.183995
2721 1.184302
2722 1.184994
2723 1.184852
2724 1.184951
2725 1.185006
2726 1.184925
2727 1.184868
2728 1.184390
2729 1.183663
2730 1.183843
2731 1.184120
2732 1.184802
2733 1.184745
2734 1.184480
2735 1.184781
2736 1.184577
2737 1.184871
2738 1.184262
2739 1.184883
2740 1.184769
2741 1.184286
2742 1.184231
2743 1.184326
2744 1.183978
2745 1.184395
2746 1.183767
2747 1.183545
2748 1.183318
2749 1.183386
2750 1.183983
2751 1.184044
2752 1.184539
2753 1.184198
2754 1.184546
2755 1.184717
2756 1.184653
2757 1.184774
2758 1.184485
2759 1.184061
2760 1.183912
2761 1.183479
2762 1.183715
2763 1.183220
2764 1.183464
2765 1.182714
2766 1.182368
2767 1.182638
2768 1.183017
2769 1.182768
2770 1.182692
2771 1.183389
2772 1.182936
2773 1.182498
2774 1.182117
2775 1.182513
2776 1.182138
2777 1.182032
2778 1.182226
2779 1.182690
2780 1.182624
2781 1.182465
2782 1.182505
2783 1.182868
2784 1.181594
2785 1.182077
2786 1.181951
2787 1.181864
2788 1.182127
2789 1.182633
2790 1.182460
2791 1.182785
2792 1.183038
2793 1.183284
2794 1.183119
2795 1.183365
2796 1.183609
2797 1.183606
2798 1.183516
2799 1.183580
2800 1.183623
2801 1.183663
2802 1.183095
2803 1.183415
2804 1.183173
2805 1.183542
2806 1.183159
2807 1.183438
2808 1.183251
2809 1.183145
2810 1.183862
2811 1.184376
2812 1.184906
2813 1.184923
2814 1.184885
2815 1.184880
2816 1.184331
2817 1.183744
2818 1.183533
2819 1.182925
2820 1.183012
2821 1.183720
2822 1.184059
2823 1.183696
2824 1.183059
2825 1.183223
2826 1.183803
2827 1.183969
2828 1.184324
2829 1.184132
2830 1.183668
2831 1.183616
2832 1.183999
2833 1.184265
2834 1.182979
2835 1.182794
2836 1.182349
2837 1.182631
2838 1.182823
2839 1.182816
2840 1.182996
2841 1.183050
2842 1.183313
2843 1.183585
2844 1.184189
2845 1.183786
2846 1.184068
2847 1.183571
2848 1.184272
2849 1.184291
2850 1.184911
2851 1.185297
2852 1.185943
2853 1.185207
2854 1.185027
2855 1.184757
2856 1.183997
2857 1.184115
2858 1.184051
2859 1.184257
2860 1.183862
2861 1.183597
2862 1.183346
2863 1.183090
2864 1.182929
2865 1.182764
2866 1.182745
2867 1.182780
2868 1.183187
2869 1.183303
2870 1.183573
2871 1.183805
2872 1.184004
2873 1.183540
2874 1.183187
2875 1.183739
2876 1.183931
2877 1.183524
2878 1.183770
2879 1.184040
2880 1.183744
2881 1.184104
2882 1.183282
2883 1.182579
2884 1.182827
2885 1.183273
2886 1.182813
2887 1.183114
2888 1.183154
2889 1.182759
2890 1.183135
2891 1.183192
2892 1.183273
2893 1.184087
2894 1.184189
2895 1.183760
2896 1.183019
2897 1.183178
2898 1.182839
2899 1.182875
2900 1.182993
2901 1.183611
2902 1.183770
2903 1.184047
2904 1.183497
2905 1.182861
2906 1.182442
2907 1.182174
2908 1.182579
2909 1.182716
2910 1.182839
2911 1.182856
2912 1.182853
2913 1.182835
2914 1.182666
2915 1.183554
2916 1.183545
2917 1.183952
2918 1.183917
2919 1.183327
2920 1.183621
2921 1.183654
2922 1.183969
2923 1.183339
2924 1.183296
2925 1.182681
2926 1.182761
2927 1.183696
2928 1.184537
2929 1.183978
2930 1.183673
2931 1.183682
2932 1.183791
2933 1.183516
2934 1.183462
2935 1.184217
2936 1.184487
2937 1.183855
2938 1.184205
2939 1.184113
2940 1.183637
2941 1.184589
2942 1.184284
2943 1.184402
2944 1.184400
2945 1.184241
2946 1.184321
2947 1.184433
2948 1.184224
2949 1.184217
2950 1.183621
2951 1.183429
2952 1.183689
2953 1.184099
2954 1.184442
2955 1.184267
2956 1.183879
2957 1.184381
2958 1.184544
2959 1.184362
2960 1.184651
2961 1.184115
2962 1.184028
2963 1.184016
2964 1.183310
2965 1.183711
2966 1.183417
2967 1.183273
2968 1.184047
2969 1.183732
2970 1.183730
2971 1.184234
2972 1.183864
2973 1.184295
2974 1.184497
2975 1.184601
2976 1.184807
2977 1.184324
2978 1.183654
2979 1.183595
2980 1.183760
2981 1.183696
2982 1.183677
2983 1.183488
2984 1.182442
2985 1.182205
2986 1.181902
2987 1.181977
2988 1.182576
2989 1.182558
2990 1.182837
2991 1.182676
2992 1.182517
2993 1.182505
2994 1.181625
2995 1.181646
2996 1.181786
2997 1.182430
2998 1.182721
2999 1.182676
3000 1.182730
3001 1.182943
3002 1.182529
3003 1.182219
3004 1.182179
3005 1.181959
3006 1.181947
3007 1.181876
3008 1.181947
3009 1.181075
3010 1.181168
3011 1.181030
3012 1.180727
3013 1.181644
3014 1.181679
3015 1.182463
3016 1.182607
3017 1.183029
3018 1.183220
3019 1.183779
3020 1.183751
3021 1.184274
3022 1.184527
3023 1.183971
3024 1.184137
3025 1.185010
3026 1.184812
3027 1.184307
3028 1.184359
3029 1.184118
3030 1.184075
3031 1.184508
3032 1.183782
3033 1.183550
3034 1.184774
3035 1.184397
3036 1.184177
3037 1.183822
3038 1.183121
3039 1.183000
3040 1.182969
3041 1.183000
3042 1.183100
3043 1.183209
3044 1.182669
3045 1.182524
3046 1.182759
3047 1.182553
3048 1.182638
3049 1.182191
3050 1.182647
3051 1.182292
3052 1.182529
3053 1.181580
3054 1.181805
3055 1.182129
3056 1.182330
3057 1.182238
3058 1.182013
3059 1.182048
3060 1.182394
3061 1.182103
3062 1.182307
3063 1.182666
3064 1.182347
3065 1.182652
3066 1.183185
3067 1.183130
3068 1.182555
3069 1.182522
3070 1.181954
3071 1.180869
3072 1.181151
3073 1.180919
3074 1.180824
3075 1.180723
3076 1.180805
3077 1.180938
3078 1.181764
3079 1.181547
3080 1.181253
3081 1.181035
3082 1.181135
3083 1.181253
3084 1.181845
3085 1.182392
3086 1.182176
3087 1.182749
3088 1.182361
3089 1.182342
3090 1.183613
3091 1.183959
3092 1.183798
3093 1.183452
3094 1.183403
3095 1.182865
3096 1.181963
3097 1.182522
3098 1.182264
3099 1.183265
3100 1.183557
3101 1.182917
3102 1.183062
3103 1.183381
3104 1.182894
3105 1.182273
3106 1.182093
3107 1.182389
3108 1.181973
3109 1.181580
3110 1.181693
3111 1.182442
3112 1.181847
3113 1.181911
3114 1.181338
3115 1.181599
3116 1.182027
3117 1.181771
3118 1.182652
3119 1.181850
3120 1.181864
3121 1.182326
3122 1.181722
3123 1.181845
3124 1.182162
3125 1.182146
3126 1.182524
3127 1.182240
3128 1.181951
3129 1.182226
3130 1.182067
3131 1.181497
3132 1.181537
3133 1.181021
3134 1.181558
3135 1.181639
3136 1.181999
3137 1.183180
3138 1.183128
3139 1.183554
3140 1.183265
3141 1.183204
3142 1.183711
3143 1.184063
3144 1.184087
3145 1.183753
3146 1.183606
3147 1.184357
3148 1.184463
3149 1.184291
3150 1.183924
3151 1.183590
3152 1.183962
3153 1.183628
3154 1.183273
3155 1.182953
3156 1.183024
3157 1.183235
3158 1.182974
3159 1.183116
3160 1.182813
3161 1.182816
3162 1.182352
3163 1.183076
3164 1.182882
3165 1.182839
3166 1.182707
3167 1.182804
3168 1.183057
3169 1.182908
3170 1.182882
3171 1.183850
3172 1.184651
3173 1.185145
3174 1.185278
3175 1.184350
3176 1.184494
3177 1.184589
3178 1.184490
3179 1.185238
3180 1.185330
3181 1.185472
3182 1.184790
3183 1.184324
3184 1.184025
3185 1.183940
3186 1.183734
3187 1.183367
3188 1.183576
3189 1.184257
3190 1.183935
3191 1.183819
3192 1.183661
3193 1.183545
3194 1.183346
3195 1.183199
3196 1.182453
3197 1.182136
3198 1.182285
3199 1.182075
3200 1.182761
3201 1.182695
3202 1.182960
3203 1.183093
3204 1.182716
3205 1.182423
3206 1.182842
3207 1.182108
3208 1.182264
3209 1.182906
3210 1.183078
3211 1.183507
3212 1.183434
3213 1.183753
3214 1.183730
3215 1.182825
3216 1.182925
3217 1.183149
3218 1.182766
3219 1.182418
3220 1.182195
3221 1.182397
3222 1.181899
3223 1.181850
3224 1.181779
3225 1.182063
3226 1.181696
3227 1.181734
3228 1.181712
3229 1.182037
3230 1.181980
3231 1.181970
3232 1.182214
3233 1.182406
3234 1.182231
3235 1.182179
3236 1.181909
3237 1.181883
3238 1.181698
3239 1.181272
3240 1.181504
3241 1.182025
3242 1.181845
3243 1.181980
3244 1.181682
3245 1.182226
3246 1.182150
3247 1.182515
3248 1.182849
3249 1.182666
3250 1.182733
3251 1.182475
3252 1.182089
3253 1.182143
3254 1.181613
3255 1.181139
3256 1.181168
3257 1.180775
3258 1.180936
3259 1.180718
3260 1.180299
3261 1.180910
3262 1.180950
3263 1.181322
3264 1.181338
3265 1.181243
3266 1.181066
3267 1.181229
3268 1.180957
3269 1.181201
3270 1.181570
3271 1.181315
3272 1.182418
3273 1.182453
3274 1.182965
3275 1.182101
3276 1.182089
3277 1.181956
3278 1.182823
3279 1.182406
3280 1.182863
3281 1.183135
3282 1.183104
3283 1.183029
3284 1.182759
3285 1.183157
3286 1.182534
3287 1.183078
3288 1.183346
3289 1.183460
3290 1.184421
3291 1.184267
3292 1.184329
3293 1.184523
3294 1.184468
3295 1.184494
3296 1.184615
3297 1.184629
3298 1.183753
3299 1.184269
3300 1.183597
3301 1.183344
3302 1.183372
3303 1.183415
3304 1.184030
3305 1.183656
3306 1.184153
3307 1.184546
3308 1.184414
3309 1.184643
3310 1.184767
3311 1.184961
3312 1.184345
3313 1.183569
3314 1.183242
3315 1.183753
3316 1.183699
3317 1.183441
3318 1.183202
3319 1.183332
3320 1.183935
3321 1.183983
3322 1.184189
3323 1.184901
3324 1.185363
3325 1.184781
3326 1.184504
3327 1.184695
3328 1.184984
3329 1.184613
3330 1.185070
3331 1.185339
3332 1.185278
3333 1.186010
3334 1.185467
3335 1.185060
3336 1.185366
3337 1.185529
3338 1.185167
3339 1.185051
3340 1.185096
3341 1.184421
3342 1.184175
3343 1.184378
3344 1.185283
3345 1.185718
3346 1.185368
3347 1.185162
3348 1.185664
3349 1.185998
3350 1.185927
3351 1.185837
3352 1.184918
3353 1.185103
3354 1.185017
3355 1.185434
3356 1.185370
3357 1.184047
3358 1.183758
3359 1.183867
3360 1.185124
3361 1.184660
3362 1.184014
3363 1.183838
3364 1.183571
3365 1.183483
3366 1.183417
3367 1.183481
3368 1.183379
3369 1.183093
3370 1.182794
3371 1.183010
3372 1.182917
3373 1.182962
3374 1.182820
3375 1.182906
3376 1.183022
3377 1.183872
3378 1.184430
3379 1.184059
3380 1.183753
3381 1.183713
3382 1.184411
3383 1.184170
3384 1.185098
3385 1.184703
3386 1.184783
3387 1.185065
3388 1.184707
3389 1.184672
3390 1.185240
3391 1.185354
3392 1.185017
3393 1.184859
3394 1.184878
3395 1.184973
3396 1.185041
3397 1.184677
3398 1.183907
3399 1.183902
3400 1.184246
3401 1.183874
3402 1.183344
3403 1.182948
3404 1.182392
3405 1.182527
3406 1.182013
3407 1.181996
3408 1.182626
3409 1.183119
3410 1.183334
3411 1.183827
3412 1.184736
3413 1.183585
3414 1.183273
3415 1.182913
3416 1.183393
3417 1.183391
3418 1.183675
3419 1.184248
3420 1.184468
3421 1.184186
3422 1.183959
3423 1.184021
3424 1.184222
3425 1.184350
3426 1.183926
3427 1.183512
3428 1.183831
3429 1.184227
3430 1.183545
3431 1.183751
3432 1.183391
3433 1.182898
3434 1.183251
3435 1.183410
3436 1.184400
3437 1.184260
3438 1.184501
3439 1.185131
3440 1.186327
3441 1.186393
3442 1.185624
3443 1.185659
3444 1.185638
3445 1.185981
3446 1.186182
3447 1.185678
3448 1.185276
3449 1.184873
3450 1.184021
3451 1.184212
3452 1.184215
3453 1.184222
3454 1.183950
3455 1.184011
3456 1.184182
3457 1.184428
3458 1.184130
3459 1.184125
3460 1.184707
3461 1.184814
3462 1.185022
3463 1.185299
3464 1.185541
3465 1.185943
3466 1.185202
3467 1.185193
3468 1.185167
3469 1.185039
3470 1.184556
3471 1.184400
3472 1.184797
3473 1.184771
3474 1.185133
3475 1.184994
3476 1.184958
3477 1.185294
3478 1.184300
3479 1.184227
3480 1.184134
3481 1.184300
3482 1.183959
3483 1.183609
3484 1.183460
3485 1.183334
3486 1.183138
3487 1.183306
3488 1.182986
3489 1.183223
3490 1.182965
3491 1.183277
3492 1.183239
3493 1.183029
3494 1.183206
3495 1.183405
3496 1.183914
3497 1.183938
3498 1.183812
3499 1.183817
3500 1.184014
3501 1.183793


Active cycles: 2000
k_mean: 1.183801
k_stddev(cycle): 0.001316
k_stderr(mean): 0.000029
Reactivity(rho): 0.155263, Per Cent error compared to reference: 0.000006
