1 0.989512
2 0.984470
3 0.982762
4 0.983112
5 0.983614
6 0.983266
7 0.982574
8 0.981788
9 0.980748
10 0.979604
11 0.978484
12 0.977476
13 0.976678
14 0.975562
15 0.975232
16 0.974730
17 0.974138
18 0.974034
19 0.973732
20 0.973930
21 0.974212
22 0.974066
23 0.974278
24 0.974398
25 0.974944
26 0.975568
27 0.976086
28 0.976922
29 0.977536
30 0.977470
31 0.978636
32 0.979614
33 0.980912
34 0.982312
35 0.983602
36 0.985182
37 0.986954
38 0.988046
39 0.989034
40 0.990454
41 0.992592
42 0.994120
43 0.995064
44 0.997224
45 0.998868
46 1.000926
47 1.002950
48 1.004790
49 1.006620
50 1.008762
51 1.010412
52 1.011814
53 1.014088
54 1.015660
55 1.018060
56 1.020476
57 1.021856
58 1.023340
59 1.024968
60 1.027222
61 1.029492
62 1.031728
63 1.033782
64 1.035258
65 1.036956
66 1.038672
67 1.040644
68 1.042544
69 1.044570
70 1.045924
71 1.047322
72 1.048670
73 1.050584
74 1.052456
75 1.054316
76 1.056114
77 1.057192
78 1.058330
79 1.059800
80 1.062328
81 1.064032
82 1.065370
83 1.066776
84 1.068526
85 1.070296
86 1.071858
87 1.073046
88 1.074834
89 1.076050
90 1.077712
91 1.079390
92 1.080934
93 1.082488
94 1.083418
95 1.084500
96 1.086176
97 1.087664
98 1.089434
99 1.090220
100 1.091246
101 1.092742
102 1.094140
103 1.095390
104 1.095900
105 1.096768
106 1.098098
107 1.099882
108 1.101534
109 1.102298
110 1.103348
111 1.104266
112 1.104762
113 1.106654
114 1.108296
115 1.109264
116 1.110348
117 1.111714
118 1.112352
119 1.113266
120 1.114598
121 1.115782
122 1.116812
123 1.117446
124 1.118522
125 1.119248
126 1.119878
127 1.120030
128 1.121062
129 1.121446
130 1.122156
131 1.123208
132 1.124424
133 1.125090
134 1.126078
135 1.126252
136 1.127350
137 1.128486
138 1.129190
139 1.129556
140 1.130606
141 1.131280
142 1.131404
143 1.131302
144 1.132230
145 1.133036
146 1.133000
147 1.133468
148 1.134190
149 1.135178
150 1.135690
151 1.136772
152 1.137772
153 1.138030
154 1.138512
155 1.139432
156 1.140338
157 1.141466
158 1.142002
159 1.141668
160 1.141882
161 1.142642
162 1.144136
163 1.144992
164 1.145022
165 1.146346
166 1.146688
167 1.147186
168 1.146964
169 1.147260
170 1.147338
171 1.147852
172 1.148288
173 1.149150
174 1.148620
175 1.148190
176 1.148676
177 1.148270
178 1.149040
179 1.149052
180 1.149152
181 1.149666
182 1.149728
183 1.150116
184 1.150322
185 1.150682
186 1.151364
187 1.151748
188 1.152152
189 1.152276
190 1.152208
191 1.153002
192 1.152984
193 1.152816
194 1.152386
195 1.152576
196 1.153204
197 1.154022
198 1.155088
199 1.154982
200 1.155808
201 1.156132
202 1.156726
203 1.157170
204 1.157288
205 1.157100
206 1.157596
207 1.157968
208 1.158698
209 1.158888
210 1.159308
211 1.159376
212 1.159982
213 1.159812
214 1.160088
215 1.160472
216 1.161106
217 1.161348
218 1.161882
219 1.161486
220 1.161700
221 1.161422
222 1.161586
223 1.161924
224 1.162152
225 1.162384
226 1.162086
227 1.162830
228 1.162580
229 1.163008
230 1.163752
231 1.164346
232 1.163986
233 1.163926
234 1.164074
235 1.164352
236 1.164042
237 1.163560
238 1.163280
239 1.163264
240 1.162992
241 1.163580
242 1.163944
243 1.163952
244 1.164572
245 1.163794
246 1.163672
247 1.164066
248 1.164102
249 1.164422
250 1.164916
251 1.164446
252 1.164646
253 1.164398
254 1.164226
255 1.164392
256 1.164554
257 1.164496
258 1.165078
259 1.165428
260 1.165872
261 1.166360
262 1.166654
263 1.166466
264 1.166622
265 1.167452
266 1.168094
267 1.168316
268 1.168638
269 1.168758
270 1.168948
271 1.169112
272 1.169446
273 1.169848
274 1.169436
275 1.169664
276 1.169134
277 1.169400
278 1.170154
279 1.170552
280 1.169704
281 1.169542
282 1.169296
283 1.169692
284 1.168980
285 1.169094
286 1.169446
287 1.169592
288 1.169710
289 1.169454
290 1.169736
291 1.169246
292 1.169852
293 1.169640
294 1.169558
295 1.169250
296 1.169770
297 1.169892
298 1.169788
299 1.170326
300 1.170470
301 1.170562
302 1.169766
303 1.170744
304 1.170118
305 1.169924
306 1.170370
307 1.170612
308 1.170958
309 1.171244
310 1.171502
311 1.171218
312 1.170974
313 1.170986
314 1.171756
315 1.171864
316 1.171980
317 1.171932
318 1.172442
319 1.172806
320 1.172994
321 1.173502
322 1.173636
323 1.173744
324 1.174046
325 1.173498
326 1.173976
327 1.173852
328 1.173886
329 1.173606
330 1.173352
331 1.174146
332 1.173948
333 1.173822
334 1.173958
335 1.174438
336 1.175386
337 1.175456
338 1.175580
339 1.175438
340 1.176136
341 1.175772
342 1.176084
343 1.175668
344 1.175760
345 1.175640
346 1.175436
347 1.175548
348 1.176224
349 1.176448
350 1.176082
351 1.176162
352 1.176116
353 1.176330
354 1.176148
355 1.176546
356 1.176578
357 1.176980
358 1.176994
359 1.177318
360 1.177466
361 1.177792
362 1.177254
363 1.177348
364 1.177198
365 1.176994
366 1.177418
367 1.177288
368 1.177590
369 1.177534
370 1.177184
371 1.177228
372 1.176986
373 1.177648
374 1.178066
375 1.177958
376 1.177770
377 1.177822
378 1.177750
379 1.177570
380 1.177328
381 1.177300
382 1.177920
383 1.178498
384 1.179062
385 1.178764
386 1.178598
387 1.178316
388 1.178140
389 1.178622
390 1.179192
391 1.179488
392 1.180168
393 1.180054
394 1.179348
395 1.179530
396 1.179244
397 1.179084
398 1.179040
399 1.179126
400 1.179468
401 1.179638
402 1.179232
403 1.179070
404 1.179238
405 1.179346
406 1.179270
407 1.179156
408 1.178866
409 1.178198
410 1.178626
411 1.178064
412 1.178900
413 1.179138
414 1.178880
415 1.179074
416 1.179506
417 1.179424
418 1.178956
419 1.179066
420 1.178528
421 1.178544
422 1.178818
423 1.179060
424 1.178936
425 1.179532
426 1.178854
427 1.179238
428 1.179488
429 1.178630
430 1.178920
431 1.178684
432 1.179094
433 1.179476
434 1.178708
435 1.178210
436 1.177824
437 1.177510
438 1.177958
439 1.178208
440 1.178086
441 1.178310
442 1.178096
443 1.177500
444 1.177846
445 1.178284
446 1.178182
447 1.177788
448 1.178202
449 1.178798
450 1.179006
451 1.179512
452 1.179478
453 1.179482
454 1.179056
455 1.179276
456 1.179032
457 1.179082
458 1.179326
459 1.179858
460 1.180622
461 1.180208
462 1.181108
463 1.181832
464 1.182000
465 1.182298
466 1.182176
467 1.182108
468 1.182246
469 1.182284
470 1.182142
471 1.181190
472 1.181686
473 1.180832
474 1.180982
475 1.180462
476 1.180772
477 1.180914
478 1.180626
479 1.181172
480 1.181022
481 1.181432
482 1.181286
483 1.181762
484 1.182004
485 1.182074
486 1.182326
487 1.182420
488 1.182188
489 1.182390
490 1.181688
491 1.181442
492 1.181656
493 1.181168
494 1.181664
495 1.181906
496 1.181182
497 1.180784
498 1.180336
499 1.179300
500 1.179308
501 1.178946
502 1.178990
503 1.179286
504 1.179202
505 1.178734
506 1.179348
507 1.178870
508 1.178852
509 1.179180
510 1.179152
511 1.179540
512 1.179312
513 1.179388
514 1.179584
515 1.179714
516 1.179712
517 1.179744
518 1.180084
519 1.179696
520 1.179724
521 1.178768
522 1.178634
523 1.178488
524 1.178770
525 1.178592
526 1.179004
527 1.179286
528 1.178944
529 1.178932
530 1.178656
531 1.178634
532 1.179466
533 1.179420
534 1.180100
535 1.180082
536 1.180304
537 1.180456
538 1.180138
539 1.179938
540 1.179734
541 1.179296
542 1.179222
543 1.178992
544 1.179656
545 1.180110
546 1.179880
547 1.179164
548 1.178974
549 1.178940
550 1.179254
551 1.179098
552 1.179290
553 1.179668
554 1.179512
555 1.179614
556 1.179562
557 1.178750
558 1.178824
559 1.178960
560 1.178612
561 1.178412
562 1.178598
563 1.178560
564 1.178918
565 1.179668
566 1.179486
567 1.180188
568 1.180506
569 1.180048
570 1.180580
571 1.180476
572 1.180524
573 1.181096
574 1.181462
575 1.180896
576 1.180830
577 1.181180
578 1.181998
579 1.182000
580 1.182000
581 1.181456
582 1.181536
583 1.181202
584 1.181480
585 1.181032
586 1.181190
587 1.182364
588 1.182810
589 1.183134
590 1.183106
591 1.183230
592 1.182988
593 1.182558
594 1.182552
595 1.182610
596 1.182238
597 1.182418
598 1.181996
599 1.181882
600 1.182128
601 1.181792
602 1.182364
603 1.182290
604 1.182274
605 1.182374
606 1.182406
607 1.182198
608 1.181694
609 1.181712
610 1.181388
611 1.181326
612 1.181594
613 1.181942
614 1.182550
615 1.182444
616 1.182060
617 1.181292
618 1.181252
619 1.181806
620 1.181908
621 1.182278
622 1.182220
623 1.182930
624 1.182640
625 1.182732
626 1.183040
627 1.182876
628 1.183452
629 1.182820
630 1.182772
631 1.182754
632 1.182950
633 1.182736
634 1.182488
635 1.182258
636 1.182396
637 1.182524
638 1.182358
639 1.182354
640 1.181786
641 1.181590
642 1.181536
643 1.181814
644 1.181996
645 1.181394
646 1.181250
647 1.181074
648 1.180756
649 1.181232
650 1.181072
651 1.180724
652 1.179916
653 1.180154
654 1.180134
655 1.179628
656 1.179544
657 1.179818
658 1.179938
659 1.179876
660 1.180566
661 1.179830
662 1.180134
663 1.180328
664 1.180206
665 1.179842
666 1.180084
667 1.180172
668 1.180462
669 1.180642
670 1.180570
671 1.181234
672 1.181142
673 1.181022
674 1.181320
675 1.181272
676 1.181198
677 1.181302
678 1.181488
679 1.181740
680 1.181604
681 1.181448
682 1.181664
683 1.181638
684 1.182168
685 1.181926
686 1.182180
687 1.182588
688 1.182982
689 1.182886
690 1.182490
691 1.182466
692 1.182354
693 1.181958
694 1.181650
695 1.181678
696 1.181922
697 1.182370
698 1.182570
699 1.182290
700 1.181926
701 1.181498
702 1.181054
703 1.181172
704 1.181140
705 1.181430
706 1.181126
707 1.181460
708 1.181640
709 1.181790
710 1.181996
711 1.181708
712 1.182002
713 1.181672
714 1.181870
715 1.182088
716 1.181964
717 1.181922
718 1.181850
719 1.181320
720 1.181210
721 1.180816
722 1.180830
723 1.181028
724 1.180818
725 1.181488
726 1.181226
727 1.181524
728 1.181766
729 1.182446
730 1.182234
731 1.181340
732 1.180946
733 1.180800
734 1.180246
735 1.180302
736 1.180120
737 1.179878
738 1.179948
739 1.180006
740 1.179686
741 1.179624
742 1.179222
743 1.179580
744 1.178906
745 1.179568
746 1.179524
747 1.179304
748 1.179428
749 1.180150
750 1.179940
751 1.180038
752 1.180274
753 1.180350
754 1.180372
755 1.180908
756 1.181420
757 1.182180
758 1.182218
759 1.182748
760 1.183294
761 1.183338
762 1.182872
763 1.182778
764 1.183022
765 1.182498
766 1.182392
767 1.182634
768 1.182840
769 1.182530
770 1.182910
771 1.182958
772 1.183194
773 1.182946
774 1.182864
775 1.183414
776 1.183524
777 1.183838
778 1.183654
779 1.183922
780 1.183472
781 1.183154
782 1.181868
783 1.181474
784 1.181708
785 1.181842
786 1.182378
787 1.181910
788 1.182042
789 1.181782
790 1.181968
791 1.181884
792 1.182052
793 1.182122
794 1.182214
795 1.181584
796 1.181748
797 1.181712
798 1.181842
799 1.181742
800 1.181916
801 1.182232
802 1.182632
803 1.182732
804 1.182542
805 1.182626
806 1.183134
807 1.183166
808 1.183058
809 1.182832
810 1.182978
811 1.182468
812 1.181990
813 1.182000
814 1.182090
815 1.181952
816 1.181788
817 1.181586
818 1.181302
819 1.181888
820 1.181864
821 1.181880
822 1.182004
823 1.182026
824 1.182596
825 1.182714
826 1.183004
827 1.183780
828 1.184708
829 1.184580
830 1.184464
831 1.184174
832 1.184458
833 1.183556
834 1.184110
835 1.183432
836 1.184022
837 1.184528
838 1.184356
839 1.183524
840 1.183180
841 1.183142
842 1.183446
843 1.183894
844 1.183476
845 1.183500
846 1.183352
847 1.183340
848 1.182858
849 1.183152
850 1.183146
851 1.183098
852 1.183310
853 1.183406
854 1.183340
855 1.183340
856 1.183764
857 1.184062
858 1.184366
859 1.183986
860 1.183882
861 1.184064
862 1.184352
863 1.183502
864 1.183178
865 1.183016
866 1.182936
867 1.182914
868 1.183040
869 1.182336
870 1.182646
871 1.182224
872 1.182034
873 1.181322
874 1.181244
875 1.181478
876 1.181776
877 1.182052
878 1.181624
879 1.181180
880 1.181298
881 1.181340
882 1.181230
883 1.181186
884 1.180868
885 1.180720
886 1.180628
887 1.180928
888 1.180636
889 1.180430
890 1.180792
891 1.181014
892 1.181274
893 1.181462
894 1.181508
895 1.181754
896 1.181400
897 1.181684
898 1.181764
899 1.181886
900 1.181588
901 1.181716
902 1.181736
903 1.181252
904 1.180774
905 1.181346
906 1.181750
907 1.181462
908 1.181502
909 1.181710
910 1.181392
911 1.181288
912 1.181042
913 1.180794
914 1.180614
915 1.181020
916 1.181546
917 1.181388
918 1.181222
919 1.182092
920 1.181948
921 1.182116
922 1.181802
923 1.181678
924 1.181948
925 1.181798
926 1.181934
927 1.181652
928 1.181326
929 1.181458
930 1.181386
931 1.181620
932 1.181424
933 1.181058
934 1.181114
935 1.181786
936 1.181370
937 1.180662
938 1.180420
939 1.180556
940 1.180492
941 1.180062
942 1.179906
943 1.179602
944 1.179794
945 1.180032
946 1.179918
947 1.179990
948 1.179928
949 1.179700
950 1.179838
951 1.179896
952 1.180420
953 1.181576
954 1.181922
955 1.182624
956 1.182800
957 1.182578
958 1.182048
959 1.182074
960 1.182544
961 1.183040
962 1.183384
963 1.183698
964 1.183400
965 1.183218
966 1.183204
967 1.183552
968 1.183354
969 1.183508
970 1.183868
971 1.184264
972 1.184600
973 1.184616
974 1.184854
975 1.185184
976 1.184878
977 1.184946
978 1.185668
979 1.185088
980 1.185344
981 1.185272
982 1.184988
983 1.185262
984 1.184746
985 1.184102
986 1.183770
987 1.183582
988 1.183154
989 1.182960
990 1.183520
991 1.183756
992 1.184370
993 1.184062
994 1.183776
995 1.183256
996 1.182650
997 1.182284
998 1.182204
999 1.182202
1000 1.181736
1001 1.181840
1002 1.181552
1003 1.182348
1004 1.182788
1005 1.182620
1006 1.182402
1007 1.182328
1008 1.182620
1009 1.183080
1010 1.183608
1011 1.183930
1012 1.184124
1013 1.184176
1014 1.183894
1015 1.184094
1016 1.184120
1017 1.184524
1018 1.184664
1019 1.184940
1020 1.184578
1021 1.184070
1022 1.184496
1023 1.184566
1024 1.184524
1025 1.184180
1026 1.184034
1027 1.184232
1028 1.184516
1029 1.184532
1030 1.184116
1031 1.184644
1032 1.183892
1033 1.184170
1034 1.184134
1035 1.184268
1036 1.183902
1037 1.183354
1038 1.183210
1039 1.183786
1040 1.183158
1041 1.183090
1042 1.182556
1043 1.182536
1044 1.182472
1045 1.182240
1046 1.181786
1047 1.181628
1048 1.181520
1049 1.180988
1050 1.180872
1051 1.180340
1052 1.180282
1053 1.180630
1054 1.180580
1055 1.180238
1056 1.180614
1057 1.180524
1058 1.181096
1059 1.180508
1060 1.180642
1061 1.180920
1062 1.180938
1063 1.181296
1064 1.181500
1065 1.181476
1066 1.181300
1067 1.181146
1068 1.181540
1069 1.181706
1070 1.181640
1071 1.181350
1072 1.180896
1073 1.181396
1074 1.180966
1075 1.180896
1076 1.180570
1077 1.180110
1078 1.180520
1079 1.180788
1080 1.180388
1081 1.180788
1082 1.181388
1083 1.181216
1084 1.180908
1085 1.181628
1086 1.181468
1087 1.181182
1088 1.181528
1089 1.181438
1090 1.180958
1091 1.180842
1092 1.181326
1093 1.181546
1094 1.181330
1095 1.181104
1096 1.181098
1097 1.181526
1098 1.181536
1099 1.181174
1100 1.181896
1101 1.182134
1102 1.182500
1103 1.182428
1104 1.182548
1105 1.182920
1106 1.182980
1107 1.183474
1108 1.183632
1109 1.184130
1110 1.184348
1111 1.184132
1112 1.184120
1113 1.183860
1114 1.184428
1115 1.184654
1116 1.183542
1117 1.183554
1118 1.183532
1119 1.183736
1120 1.182942
1121 1.182378
1122 1.181766
1123 1.181582
1124 1.181388
1125 1.181462
1126 1.181476
1127 1.182322
1128 1.182650
1129 1.182752
1130 1.182848
1131 1.183138
1132 1.182812
1133 1.182162
1134 1.182794
1135 1.182762
1136 1.182316
1137 1.181586
1138 1.182108
1139 1.181898
1140 1.181710
1141 1.181966
1142 1.181832
1143 1.181974
1144 1.181492
1145 1.181348
1146 1.181734
1147 1.182210
1148 1.182316
1149 1.182774
1150 1.183064
1151 1.183478
1152 1.182950
1153 1.183150
1154 1.183698
1155 1.183766
1156 1.184076
1157 1.183494
1158 1.183704
1159 1.183758
1160 1.183552
1161 1.183054
1162 1.183272
1163 1.182816
1164 1.183090
1165 1.183400
1166 1.183546
1167 1.183122
1168 1.183804
1169 1.184156
1170 1.183548
1171 1.183138
1172 1.183466
1173 1.183458
1174 1.183482
1175 1.182494
1176 1.182858
1177 1.182648
1178 1.181976
1179 1.181786
1180 1.181538
1181 1.180960
1182 1.181602
1183 1.181266
1184 1.181082
1185 1.181172
1186 1.181070
1187 1.181378
1188 1.180964
1189 1.181852
1190 1.182238
1191 1.182450
1192 1.182630
1193 1.182672
1194 1.182080
1195 1.182094
1196 1.181516
1197 1.181082
1198 1.181284
1199 1.181896
1200 1.182028
1201 1.181648
1202 1.181598
1203 1.181264
1204 1.181116
1205 1.181348
1206 1.181114
1207 1.180956
1208 1.180884
1209 1.181660
1210 1.181600
1211 1.181704
1212 1.181676
1213 1.180668
1214 1.181096
1215 1.181244
1216 1.181396
1217 1.181672
1218 1.181020
1219 1.181334
1220 1.181474
1221 1.181798
1222 1.181840
1223 1.181488
1224 1.181004
1225 1.180036
1226 1.180164
1227 1.180182
1228 1.179784
1229 1.179784
1230 1.179636
1231 1.179624
1232 1.179824
1233 1.179638
1234 1.179644
1235 1.178924
1236 1.178838
1237 1.178586
1238 1.179262
1239 1.179736
1240 1.178652
1241 1.179136
1242 1.179162
1243 1.179150
1244 1.179332
1245 1.179370
1246 1.179228
1247 1.179050
1248 1.179170
1249 1.179148
1250 1.179562
1251 1.180222
1252 1.180176
1253 1.180298
1254 1.180214
1255 1.180522
1256 1.180120
1257 1.179658
1258 1.179694
1259 1.179118
1260 1.178914
1261 1.178442
1262 1.178276
1263 1.178198
1264 1.178638
1265 1.178748
1266 1.178506
1267 1.178494
1268 1.178856
1269 1.178944
1270 1.179002
1271 1.179302
1272 1.179068
1273 1.178994
1274 1.179628
1275 1.179308
1276 1.178826
1277 1.178962
1278 1.179460
1279 1.180126
1280 1.180550
1281 1.180682
1282 1.180346
1283 1.179906
1284 1.180022
1285 1.180116
1286 1.180238
1287 1.180294
1288 1.180318
1289 1.180236
1290 1.180082
1291 1.180218
1292 1.180660
1293 1.180888
1294 1.180782
1295 1.180932
1296 1.180990
1297 1.181172
1298 1.181592
1299 1.180840
1300 1.181464
1301 1.181358
1302 1.181018
1303 1.181004
1304 1.181340
1305 1.181680
1306 1.182540
1307 1.182890
1308 1.182920
1309 1.182870
1310 1.183140
1311 1.182874
1312 1.182346
1313 1.182066
1314 1.181750
1315 1.181696
1316 1.182024
1317 1.181918
1318 1.182418
1319 1.182064
1320 1.181834
1321 1.181858
1322 1.182000
1323 1.181874
1324 1.182186
1325 1.181920
1326 1.181890
1327 1.181352
1328 1.181664
1329 1.182190
1330 1.182528
1331 1.182842
1332 1.182160
1333 1.182312
1334 1.182056
1335 1.181844
1336 1.181986
1337 1.181920
1338 1.181708
1339 1.181536
1340 1.181012
1341 1.180624
1342 1.181202
1343 1.181110
1344 1.181426
1345 1.181162
1346 1.181128
1347 1.181622
1348 1.181718
1349 1.181778
1350 1.181658
1351 1.181434
1352 1.180786
1353 1.180608
1354 1.181082
1355 1.181392
1356 1.181324
1357 1.181692
1358 1.181722
1359 1.181566
1360 1.180730
1361 1.180918
1362 1.180740
1363 1.181482
1364 1.181634
1365 1.181472
1366 1.181846
1367 1.181748
1368 1.181746
1369 1.180968
1370 1.181440
1371 1.181912
1372 1.182034
1373 1.182542
1374 1.182196
1375 1.182444
1376 1.182162
1377 1.182512
1378 1.182060
1379 1.181254
1380 1.181862
1381 1.181706
1382 1.181590
1383 1.181704
1384 1.181318
1385 1.181532
1386 1.181534
1387 1.181472
1388 1.181972
1389 1.182038
1390 1.181674
1391 1.181900
1392 1.181600
1393 1.181614
1394 1.181914
1395 1.182448
1396 1.183032
1397 1.183048
1398 1.183008
1399 1.182904
1400 1.182530
1401 1.181554
1402 1.181210
1403 1.181674
1404 1.181954
1405 1.182252
1406 1.182138
1407 1.182420
1408 1.182562
1409 1.183150
1410 1.182872
1411 1.182402
1412 1.182174
1413 1.181926
1414 1.182470
1415 1.182098
1416 1.182412
1417 1.182318
1418 1.182752
1419 1.182568
1420 1.181996
1421 1.181928
1422 1.181440
1423 1.181670
1424 1.181410
1425 1.181932
1426 1.181992
1427 1.181756
1428 1.181932
1429 1.182762
1430 1.182938
1431 1.182464
1432 1.182290
1433 1.182002
1434 1.181840
1435 1.181126
1436 1.180802
1437 1.181036
1438 1.181532
1439 1.181814
1440 1.182630
1441 1.182602
1442 1.183668
1443 1.183722
1444 1.183240
1445 1.183554
1446 1.183278
1447 1.183398
1448 1.183622
1449 1.183170
1450 1.183250
1451 1.182938
1452 1.182842
1453 1.182420
1454 1.181926
1455 1.181676
1456 1.182388
1457 1.182412
1458 1.182002
1459 1.181786
1460 1.182390
1461 1.182428
1462 1.182928
1463 1.182844
1464 1.183038
1465 1.182628
1466 1.182816
1467 1.182814
1468 1.182732
1469 1.182544
1470 1.182832
1471 1.183326
1472 1.183630
1473 1.183532
1474 1.183768
1475 1.183948
1476 1.184108
1477 1.184248
1478 1.184098
1479 1.184220
1480 1.183868
1481 1.183836
1482 1.183470
1483 1.183276
1484 1.182858
1485 1.182356
1486 1.182526
1487 1.183436
1488 1.183572
1489 1.183466
1490 1.183272
1491 1.182916
1492 1.182772
1493 1.182636
1494 1.181758
1495 1.182102
1496 1.182292
1497 1.182454
1498 1.181764
1499 1.181334
1500 1.181370
1501 1.181156
1502 1.181952
1503 1.182418
1504 1.181936
1505 1.181996
1506 1.182140
1507 1.182112
1508 1.182530
1509 1.182418
1510 1.182508
1511 1.182282
1512 1.181896
1513 1.181846
1514 1.182562
1515 1.182466
1516 1.181642
1517 1.181360
1518 1.181828
1519 1.182066
1520 1.181208
1521 1.181422
1522 1.181240
1523 1.180624
1524 1.181270
1525 1.181310
1526 1.181600
1527 1.181482
1528 1.181916
1529 1.182124
1530 1.182180
1531 1.182856
1532 1.182610
1533 1.182974
1534 1.183378
1535 1.183414
1536 1.183660
1537 1.183222
1538 1.182556
1539 1.182760
1540 1.182896
1541 1.182790
1542 1.182860
1543 1.182846
1544 1.183260
1545 1.183566
1546 1.183800
1547 1.183734
1548 1.183992
1549 1.183996
1550 1.184396
1551 1.184400
1552 1.184518
1553 1.184618
1554 1.184380
1555 1.184224
1556 1.183936
1557 1.183292
1558 1.182936
1559 1.183082
1560 1.183378
1561 1.182668
1562 1.182692
1563 1.182554
1564 1.182502
1565 1.182650
1566 1.182580
1567 1.182770
1568 1.182954
1569 1.183512
1570 1.183424
1571 1.183212
1572 1.182906
1573 1.183068
1574 1.182978
1575 1.182550
1576 1.182392
1577 1.181984
1578 1.182830
1579 1.183146
1580 1.183112
1581 1.182876
1582 1.183164
1583 1.183778
1584 1.183710
1585 1.183572
1586 1.183536
1587 1.184188
1588 1.183962
1589 1.183320
1590 1.183398
1591 1.183520
1592 1.183132
1593 1.182962
1594 1.182336
1595 1.182190
1596 1.182116
1597 1.182890
1598 1.182086
1599 1.181504
1600 1.181790
1601 1.182400
1602 1.181816
1603 1.181952
1604 1.182088
1605 1.182568
1606 1.182414
1607 1.182854
1608 1.182862
1609 1.182842
1610 1.183300
1611 1.183882
1612 1.183028
1613 1.182590
1614 1.182560
1615 1.182706
1616 1.182326
1617 1.182562
1618 1.182356
1619 1.182666
1620 1.182548
1621 1.181860
1622 1.182174
1623 1.183044
1624 1.182976
1625 1.183394
1626 1.183412
1627 1.183390
1628 1.183634
1629 1.184218
1630 1.184352
1631 1.183732
1632 1.183252
1633 1.183266
1634 1.183398
1635 1.182948
1636 1.183266
1637 1.182932
1638 1.182916
1639 1.182328
1640 1.182130
1641 1.182032
1642 1.182944
1643 1.182874
1644 1.183616
1645 1.183256
1646 1.183224
1647 1.183178
1648 1.183736
1649 1.183958
1650 1.183694
1651 1.184052
1652 1.184106
1653 1.184780
1654 1.184188
1655 1.184120
1656 1.183328
1657 1.183742
1658 1.183516
1659 1.183026
1660 1.183162
1661 1.183026
1662 1.183270
1663 1.183060
1664 1.182870
1665 1.183314
1666 1.182550
1667 1.182244
1668 1.182784
1669 1.182304
1670 1.182242
1671 1.181922
1672 1.181804
1673 1.182306
1674 1.181836
1675 1.182148
1676 1.182344
1677 1.182828
1678 1.183068
1679 1.183796
1680 1.182996
1681 1.182828
1682 1.181860
1683 1.182662
1684 1.182860
1685 1.183134
1686 1.183054
1687 1.183492
1688 1.184262
1689 1.184456
1690 1.184224
1691 1.183724
1692 1.183716
1693 1.184392
1694 1.184262
1695 1.183688
1696 1.183474
1697 1.183012
1698 1.183698
1699 1.183170
1700 1.183506
1701 1.183608
1702 1.183218
1703 1.183490
1704 1.183226
1705 1.182724
1706 1.182850
1707 1.182910
1708 1.183100
1709 1.183044
1710 1.183298
1711 1.183256
1712 1.183456
1713 1.183492
1714 1.183618
1715 1.183424
1716 1.183752
1717 1.183246
1718 1.182614
1719 1.182674
1720 1.182636
1721 1.182166
1722 1.182124
1723 1.181916
1724 1.181830
1725 1.182104
1726 1.182316
1727 1.182342
1728 1.182284
1729 1.182264
1730 1.182498
1731 1.181600
1732 1.181698
1733 1.182064
1734 1.181954
1735 1.182068
1736 1.181714
1737 1.181828
1738 1.182438
1739 1.181994
1740 1.182390
1741 1.181788
1742 1.182052
1743 1.182114
1744 1.182190
1745 1.181480
1746 1.181216
1747 1.181202
1748 1.181564
1749 1.181508
1750 1.181708
1751 1.181674
1752 1.181420
1753 1.182262
1754 1.182018
1755 1.182804
1756 1.182500
1757 1.182494
1758 1.182382
1759 1.182006
1760 1.181992
1761 1.181706
1762 1.181900
1763 1.181436
1764 1.181492
1765 1.181792
1766 1.182112
1767 1.182178
1768 1.182686
1769 1.182292
1770 1.182322
1771 1.182550
1772 1.182576
1773 1.182876
1774 1.183194
1775 1.183548
1776 1.183674
1777 1.183956
1778 1.183666
1779 1.183944
1780 1.184524
1781 1.184770
1782 1.184184
1783 1.184402
1784 1.184426
1785 1.184390
1786 1.184354
1787 1.184344
1788 1.184638
1789 1.184422
1790 1.184004
1791 1.184492
1792 1.184614
1793 1.184992
1794 1.184804
1795 1.184356
1796 1.183998
1797 1.183878
1798 1.183766
1799 1.183696
1800 1.183608
1801 1.183212
1802 1.182532
1803 1.182490
1804 1.182002
1805 1.182310
1806 1.181934
1807 1.182000
1808 1.182510
1809 1.182752
1810 1.183288
1811 1.183298
1812 1.183542
1813 1.183412
1814 1.182928
1815 1.183108
1816 1.183384
1817 1.183460
1818 1.182838
1819 1.181998
1820 1.181842
1821 1.181782
1822 1.181608
1823 1.181586
1824 1.181980
1825 1.181876
1826 1.181498
1827 1.181886
1828 1.181278
1829 1.182456
1830 1.182796
1831 1.182788
1832 1.182974
1833 1.181652
1834 1.182232
1835 1.181834
1836 1.181466
1837 1.181414
1838 1.181162
1839 1.181146
1840 1.181586
1841 1.181886
1842 1.181560
1843 1.181680
1844 1.182046
1845 1.182740
1846 1.182528
1847 1.182476
1848 1.182808
1849 1.182852
1850 1.183434
1851 1.183980
1852 1.184446
1853 1.184332
1854 1.184212
1855 1.183596
1856 1.183478
1857 1.183170
1858 1.183644
1859 1.183778
1860 1.184132
1861 1.184130
1862 1.184066
1863 1.183882
1864 1.183122
1865 1.183390
1866 1.183484
1867 1.183400
1868 1.182718
1869 1.182914
1870 1.182738
1871 1.182408
1872 1.182112
1873 1.182032
1874 1.182100
1875 1.182432
1876 1.182442
1877 1.182122
1878 1.182180
1879 1.181634
1880 1.181530
1881 1.181338
1882 1.181552
1883 1.182228
1884 1.182444
1885 1.182996
1886 1.183188
1887 1.183598
1888 1.183038
1889 1.183192
1890 1.183364
1891 1.182864
1892 1.182034
1893 1.181936
1894 1.181580
1895 1.181814
1896 1.181710
1897 1.181732
1898 1.181910
1899 1.182114
1900 1.182368
1901 1.182092
1902 1.181794
1903 1.181652
1904 1.181372
1905 1.181320
1906 1.181450
1907 1.181986
1908 1.182270
1909 1.182518
1910 1.182210
1911 1.181942
1912 1.181938
1913 1.181860
1914 1.182652
1915 1.182632
1916 1.182304
1917 1.182474
1918 1.182722
1919 1.182206
1920 1.182884
1921 1.182666
1922 1.183382
1923 1.183524
1924 1.184008
1925 1.184238
1926 1.184018
1927 1.183718
1928 1.183626
1929 1.184414
1930 1.184400
1931 1.184556
1932 1.184220
1933 1.184146
1934 1.184202
1935 1.184176
1936 1.184410
1937 1.184368
1938 1.184502
1939 1.183890
1940 1.184588
1941 1.184696
1942 1.183704
1943 1.183790
1944 1.184006
1945 1.183932
1946 1.184360
1947 1.184240
1948 1.184314
1949 1.183768
1950 1.184364
1951 1.184244
1952 1.184296
1953 1.184130
1954 1.183684
1955 1.184212
1956 1.183794
1957 1.183252
1958 1.183208
1959 1.183194
1960 1.182528
1961 1.182552
1962 1.182340
1963 1.181862
1964 1.181866
1965 1.181858
1966 1.182488
1967 1.182882
1968 1.181984
1969 1.182558
1970 1.182514
1971 1.182908
1972 1.183150
1973 1.183496
1974 1.183216
1975 1.183040
1976 1.182450
1977 1.182262
1978 1.182158
1979 1.182214
1980 1.182078
1981 1.182202
1982 1.182646
1983 1.182406
1984 1.182776
1985 1.182566
1986 1.182602
1987 1.182440
1988 1.182496
1989 1.182994
1990 1.182954
1991 1.182750
1992 1.182772
1993 1.183704
1994 1.184260
1995 1.184522
1996 1.185250
1997 1.184214
1998 1.184222
1999 1.184486
2000 1.184378
2001 1.184504
2002 1.184242
2003 1.184088
2004 1.183692
2005 1.183056
2006 1.183232
2007 1.183010
2008 1.182922
2009 1.183422
2010 1.183352
2011 1.183300
2012 1.183582
2013 1.184252
2014 1.183868
2015 1.183690
2016 1.183918
2017 1.183670
2018 1.183182
2019 1.182794
2020 1.182598
2021 1.182346
2022 1.182698
2023 1.182504
2024 1.182914
2025 1.182844
2026 1.183258
2027 1.182610
2028 1.182336
2029 1.182136
2030 1.182342
2031 1.182244
2032 1.181694
2033 1.181852
2034 1.182610
2035 1.182232
2036 1.181936
2037 1.181376
2038 1.181348
2039 1.181546
2040 1.181642
2041 1.181840
2042 1.181984
2043 1.182128
2044 1.182430
2045 1.182616
2046 1.182314
2047 1.181856
2048 1.181682
2049 1.181120
2050 1.180878
2051 1.181184
2052 1.181452
2053 1.181068
2054 1.181972
2055 1.182480
2056 1.182676
2057 1.182484
2058 1.182632
2059 1.182748
2060 1.182862
2061 1.182602
2062 1.182624
2063 1.182644
2064 1.182036
2065 1.181946
2066 1.181974
2067 1.181676
2068 1.182128
2069 1.182592
2070 1.182590
2071 1.182416
2072 1.181932
2073 1.181938
2074 1.181836
2075 1.182166
2076 1.182280
2077 1.182404
2078 1.182810
2079 1.183414
2080 1.184256
2081 1.184664
2082 1.184308
2083 1.184906
2084 1.184914
2085 1.184416
2086 1.183994
2087 1.183858
2088 1.184200
2089 1.183916
2090 1.183782
2091 1.183398
2092 1.183386
2093 1.182582
2094 1.182226
2095 1.182402
2096 1.181938
2097 1.182182
2098 1.182510
2099 1.182532
2100 1.183284
2101 1.183468
2102 1.183146
2103 1.183280
2104 1.183856
2105 1.184350
2106 1.184618
2107 1.184324
2108 1.183718
2109 1.183966
2110 1.183356
2111 1.182572
2112 1.183226
2113 1.182820
2114 1.183964
2115 1.183860
2116 1.183726
2117 1.183646
2118 1.183108
2119 1.182900
2120 1.182562
2121 1.181804
2122 1.181392
2123 1.181408
2124 1.180990
2125 1.180892
2126 1.180782
2127 1.180566
2128 1.180938
2129 1.181576
2130 1.182476
2131 1.182686
2132 1.182822
2133 1.183396
2134 1.183078
2135 1.183050
2136 1.182710
2137 1.182830
2138 1.182584
2139 1.182356
2140 1.181880
2141 1.182328
2142 1.181990
2143 1.181446
2144 1.182032
2145 1.181930
2146 1.182024
2147 1.181732
2148 1.181430
2149 1.181148
2150 1.181544
2151 1.181522
2152 1.181640
2153 1.181914
2154 1.181732
2155 1.182262
2156 1.182660
2157 1.181994
2158 1.182034
2159 1.182606
2160 1.182910
2161 1.183164
2162 1.182838
2163 1.182404
2164 1.182446
2165 1.182910
2166 1.182770
2167 1.182454
2168 1.182898
2169 1.183050
2170 1.183030
2171 1.182796
2172 1.182624
2173 1.182688
2174 1.183138
2175 1.183458
2176 1.183180
2177 1.183156
2178 1.183228
2179 1.182794
2180 1.183332
2181 1.183362
2182 1.183260
2183 1.182572
2184 1.182036
2185 1.181918
2186 1.182214
2187 1.182180
2188 1.182582
2189 1.182474
2190 1.182482
2191 1.182414
2192 1.182274
2193 1.182476
2194 1.182568
2195 1.182194
2196 1.181966
2197 1.182052
2198 1.182322
2199 1.182470
2200 1.183276
2201 1.183188
2202 1.182958
2203 1.183514
2204 1.183806
2205 1.183916
2206 1.184390
2207 1.184408
2208 1.184046
2209 1.184434
2210 1.184720
2211 1.183372
2212 1.183534
2213 1.183250
2214 1.183522
2215 1.183220
2216 1.183238
2217 1.184348
2218 1.184526
2219 1.184766
2220 1.184440
2221 1.183650
2222 1.183776
2223 1.184270
2224 1.184346
2225 1.184666
2226 1.184094
2227 1.183748
2228 1.183290
2229 1.183146
2230 1.182902
2231 1.183208
2232 1.183326
2233 1.182962
2234 1.183132
2235 1.183220
2236 1.183564
2237 1.184126
2238 1.183742
2239 1.184036
2240 1.183844
2241 1.183832
2242 1.184280
2243 1.184260
2244 1.183816
2245 1.183546
2246 1.183922
2247 1.183326
2248 1.183196
2249 1.183384
2250 1.183506
2251 1.183112
2252 1.182674
2253 1.182444
2254 1.182346
2255 1.182614
2256 1.183302
2257 1.182640
2258 1.182992
2259 1.183014
2260 1.182114
2261 1.181654
2262 1.181424
2263 1.181466
2264 1.181536
2265 1.181106
2266 1.180976
2267 1.181398
2268 1.181082
2269 1.181388
2270 1.181416
2271 1.181120
2272 1.180814
2273 1.181296
2274 1.181516
2275 1.182148
2276 1.181674
2277 1.181374
2278 1.181198
2279 1.181486
2280 1.181496
2281 1.181264
2282 1.181290
2283 1.181316
2284 1.180444
2285 1.180528
2286 1.181034
2287 1.181272
2288 1.181168
2289 1.181526
2290 1.181206
2291 1.181556
2292 1.182002
2293 1.182494
2294 1.182072
2295 1.182054
2296 1.182542
2297 1.182182
2298 1.182396
2299 1.181880
2300 1.182204
2301 1.182158
2302 1.182230
2303 1.182110
2304 1.182078
2305 1.181976
2306 1.182136
2307 1.181946
2308 1.182062
2309 1.182308
2310 1.182056
2311 1.181700
2312 1.182252
2313 1.182024
2314 1.182816
2315 1.182766
2316 1.182758
2317 1.182780
2318 1.182338
2319 1.181994
2320 1.182180
2321 1.182392
2322 1.182372
2323 1.182564
2324 1.182316
2325 1.182314
2326 1.182874
2327 1.182538
2328 1.182846
2329 1.182256
2330 1.182192
2331 1.182104
2332 1.182280
2333 1.182286
2334 1.182608
2335 1.182466
2336 1.181912
2337 1.181970
2338 1.182026
2339 1.182378
2340 1.182232
2341 1.182410
2342 1.181958
2343 1.181808
2344 1.182056
2345 1.181854
2346 1.181290
2347 1.181992
2348 1.182086
2349 1.182218
2350 1.181808
2351 1.181988
2352 1.182294
2353 1.182504
2354 1.182560
2355 1.182418
2356 1.182726
2357 1.183092
2358 1.183654
2359 1.183986
2360 1.183352
2361 1.183776
2362 1.183596
2363 1.183252
2364 1.183118
2365 1.183022
2366 1.183374
2367 1.183392
2368 1.183030
2369 1.183170
2370 1.183178
2371 1.182776
2372 1.182148
2373 1.183094
2374 1.183508
2375 1.182648
2376 1.183196
2377 1.182776
2378 1.182914
2379 1.183064
2380 1.183056
2381 1.182062
2382 1.182164
2383 1.182448
2384 1.182830
2385 1.182796
2386 1.182734
2387 1.182166
2388 1.182310
2389 1.181716
2390 1.181054
2391 1.181444
2392 1.181222
2393 1.181436
2394 1.181296
2395 1.181678
2396 1.182024
2397 1.181708
2398 1.181708
2399 1.182210
2400 1.182768
2401 1.181956
2402 1.182288
2403 1.182406
2404 1.181708
2405 1.181816
2406 1.181594
2407 1.181546
2408 1.181522
2409 1.181864
2410 1.181704
2411 1.182068
2412 1.182722
2413 1.183124
2414 1.182924
2415 1.182410
2416 1.182108
2417 1.182018
2418 1.182024
2419 1.182284
2420 1.181998
2421 1.181614
2422 1.181502
2423 1.182294
2424 1.182150
2425 1.182472
2426 1.182192
2427 1.182544
2428 1.181666
2429 1.181592
2430 1.182082
2431 1.181986
2432 1.182178
2433 1.181342
2434 1.181656
2435 1.181400
2436 1.181842
2437 1.182252
2438 1.182002
2439 1.181824
2440 1.181444
2441 1.181362
2442 1.181210
2443 1.181766
2444 1.181856
2445 1.182250
2446 1.182248
2447 1.182024
2448 1.182344
2449 1.182802
2450 1.182340
2451 1.182060
2452 1.181776
2453 1.182022
2454 1.181336
2455 1.181298
2456 1.181602
2457 1.181540
2458 1.181402
2459 1.181348
2460 1.181252
2461 1.180836
2462 1.180550
2463 1.180888
2464 1.181502
2465 1.181280
2466 1.181234
2467 1.181690
2468 1.181828
2469 1.181586
2470 1.182148
2471 1.182022
2472 1.181910
2473 1.181986
2474 1.182018
2475 1.182564
2476 1.182468
2477 1.182568
2478 1.182586
2479 1.182536
2480 1.182274
2481 1.182112
2482 1.182152
2483 1.182098
2484 1.182354
2485 1.182254
2486 1.182346
2487 1.182418
2488 1.182534
2489 1.182854
2490 1.182836
2491 1.182694
2492 1.183150
2493 1.183226
2494 1.183148
2495 1.182892
2496 1.183012
2497 1.183490
2498 1.183538
2499 1.183536
2500 1.183274
2501 1.183138
2502 1.183448
2503 1.183408
2504 1.182778
2505 1.183202
2506 1.183656
2507 1.183570
2508 1.183796
2509 1.183406
2510 1.183242
2511 1.183178
2512 1.183516
2513 1.183338
2514 1.183084
2515 1.183656
2516 1.184560
2517 1.183898
2518 1.183368
2519 1.183290
2520 1.183006
2521 1.182990
2522 1.182380
2523 1.182170
2524 1.181914
2525 1.182738
2526 1.182598
2527 1.182186
2528 1.182178
2529 1.182374
2530 1.182058
2531 1.182650
2532 1.182482
2533 1.182414
2534 1.182162
2535 1.182256
2536 1.182712
2537 1.182538
2538 1.182774
2539 1.182758
2540 1.182730
2541 1.181932
2542 1.182036
2543 1.182104
2544 1.181912
2545 1.181572
2546 1.181840
2547 1.182018
2548 1.181492
2549 1.181928
2550 1.182128
2551 1.181712
2552 1.181930
2553 1.182550
2554 1.182908
2555 1.182916
2556 1.182808
2557 1.182600
2558 1.182458
2559 1.182490
2560 1.182454
2561 1.181996
2562 1.182242
2563 1.182096
2564 1.182634
2565 1.182384
2566 1.182420
2567 1.182080
2568 1.182110
2569 1.181884
2570 1.181602
2571 1.181708
2572 1.181818
2573 1.182136
2574 1.182302
2575 1.182308
2576 1.182354
2577 1.182424
2578 1.182428
2579 1.182204
2580 1.182514
2581 1.182224
2582 1.182624
2583 1.182830
2584 1.182886
2585 1.183266
2586 1.182862
2587 1.183264
2588 1.182724
2589 1.182228
2590 1.182478
2591 1.182618
2592 1.182942
2593 1.182762
2594 1.182680
2595 1.182970
2596 1.183226
2597 1.182544
2598 1.182260
2599 1.181946
2600 1.181782
2601 1.182024
2602 1.182684
2603 1.182072
2604 1.181750
2605 1.181748
2606 1.181566
2607 1.181606
2608 1.181768
2609 1.181834
2610 1.181794
2611 1.181886
2612 1.181642
2613 1.181542
2614 1.181240
2615 1.181540
2616 1.181876
2617 1.181890
2618 1.181832
2619 1.181530
2620 1.180972
2621 1.181224
2622 1.181034
2623 1.181340
2624 1.181336
2625 1.181402
2626 1.181986
2627 1.182452
2628 1.182614
2629 1.182832
2630 1.183144
2631 1.183108
2632 1.183432
2633 1.183218
2634 1.183616
2635 1.183102
2636 1.183580
2637 1.183018
2638 1.183154
2639 1.183068
2640 1.184022
2641 1.184300
2642 1.184374
2643 1.184100
2644 1.183852
2645 1.183262
2646 1.183138
2647 1.182866
2648 1.182862
2649 1.181762
2650 1.181272
2651 1.181228
2652 1.181470
2653 1.181338
2654 1.181428
2655 1.181976
2656 1.181840
2657 1.181466
2658 1.181768
2659 1.182482
2660 1.182688
2661 1.183002
2662 1.183612
2663 1.183906
2664 1.183968
2665 1.183358
2666 1.183568
2667 1.184002
2668 1.183380
2669 1.183690
2670 1.184002
2671 1.183552
2672 1.184128
2673 1.183692
2674 1.183538
2675 1.183304
2676 1.183890
2677 1.183528
2678 1.184084
2679 1.183384
2680 1.183490
2681 1.182964
2682 1.183492
2683 1.183418
2684 1.183662
2685 1.183234
2686 1.183502
2687 1.183716
2688 1.183974
2689 1.184180
2690 1.184144
2691 1.184196
2692 1.183904
2693 1.183434
2694 1.183664
2695 1.183366
2696 1.182926
2697 1.183166
2698 1.182956
2699 1.182778
2700 1.183364
2701 1.183544
2702 1.183886
2703 1.184836
2704 1.184736
2705 1.185028
2706 1.184914
2707 1.184860
2708 1.184828
2709 1.184968
2710 1.185266
2711 1.185340
2712 1.185240
2713 1.184660
2714 1.184178
2715 1.185028
2716 1.185660
2717 1.185698
2718 1.185588
2719 1.185166
2720 1.185718
2721 1.185334
2722 1.185862
2723 1.185768
2724 1.186502
2725 1.186010
2726 1.185692
2727 1.185504
2728 1.185106
2729 1.185726
2730 1.185830
2731 1.186136
2732 1.186306
2733 1.185880
2734 1.185576
2735 1.185432
2736 1.184846
2737 1.185248
2738 1.185188
2739 1.185480
2740 1.185052
2741 1.184350
2742 1.184304
2743 1.183638
2744 1.183284
2745 1.183144
2746 1.182874
2747 1.183224
2748 1.182916
2749 1.183214
2750 1.182860
2751 1.182378
2752 1.182036
2753 1.182108
2754 1.182102
2755 1.182812
2756 1.183096
2757 1.182864
2758 1.183066
2759 1.182720
2760 1.182770
2761 1.182510
2762 1.182606
2763 1.182466
2764 1.182648
2765 1.182798
2766 1.182574
2767 1.182470
2768 1.182572
2769 1.182244
2770 1.182032
2771 1.182646
2772 1.183024
2773 1.182836
2774 1.183620
2775 1.183892
2776 1.184084
2777 1.183630
2778 1.183554
2779 1.183338
2780 1.183506
2781 1.183910
2782 1.183096
2783 1.182776
2784 1.182796
2785 1.182778
2786 1.182500
2787 1.183358
2788 1.183050
2789 1.182828
2790 1.183372
2791 1.183310
2792 1.183570
2793 1.183520
2794 1.183878
2795 1.184568
2796 1.184864
2797 1.184892
2798 1.184142
2799 1.184090
2800 1.184092
2801 1.184060
2802 1.184260
2803 1.183964
2804 1.183976
2805 1.184462
2806 1.184292
2807 1.184402
2808 1.184720
2809 1.184412
2810 1.183900
2811 1.183174
2812 1.183250
2813 1.183488
2814 1.183780
2815 1.183680
2816 1.183186
2817 1.183092
2818 1.183322
2819 1.183540
2820 1.183306
2821 1.183092
2822 1.183282
2823 1.184074
2824 1.184066
2825 1.183648
2826 1.183086
2827 1.183488
2828 1.183526
2829 1.183066
2830 1.183172
2831 1.182688
2832 1.182254
2833 1.181582
2834 1.181846
2835 1.181698
2836 1.181126
2837 1.181496
2838 1.181616
2839 1.181598
2840 1.181572
2841 1.181712
2842 1.181756
2843 1.182282
2844 1.182116
2845 1.182434
2846 1.182386
2847 1.181972
2848 1.181890
2849 1.181804
2850 1.181814
2851 1.181794
2852 1.181650
2853 1.181768
2854 1.181472
2855 1.181834
2856 1.181984
2857 1.182088
2858 1.181780
2859 1.182000
2860 1.182260
2861 1.181596
2862 1.181126
2863 1.180878
2864 1.180768
2865 1.180176
2866 1.180446
2867 1.180938
2868 1.181050
2869 1.180628
2870 1.180050
2871 1.179876
2872 1.180256
2873 1.180468
2874 1.180246
2875 1.180234
2876 1.180394
2877 1.181078
2878 1.181142
2879 1.181012
2880 1.181280
2881 1.181396
2882 1.181564
2883 1.181876
2884 1.181580
2885 1.181686
2886 1.182068
2887 1.182466
2888 1.182026
2889 1.181350
2890 1.180776
2891 1.181284
2892 1.181126
2893 1.180968
2894 1.180418
2895 1.180538
2896 1.180420
2897 1.181346
2898 1.181510
2899 1.181208
2900 1.181946
2901 1.182366
2902 1.182352
2903 1.182542
2904 1.182416
2905 1.182582
2906 1.182248
2907 1.181954
2908 1.182674
2909 1.182338
2910 1.183394
2911 1.182900
2912 1.182994
2913 1.183310
2914 1.183686
2915 1.184082
2916 1.183876
2917 1.183876
2918 1.184922
2919 1.184448
2920 1.184404
2921 1.185094
2922 1.185142
2923 1.184974
2924 1.185396
2925 1.185430
2926 1.185262
2927 1.185470
2928 1.185742
2929 1.184970
2930 1.184676
2931 1.184494
2932 1.184584
2933 1.184724
2934 1.184256
2935 1.184398
2936 1.184666
2937 1.184518
2938 1.184660
2939 1.184190
2940 1.183626
2941 1.183668
2942 1.182996
2943 1.182858
2944 1.182368
2945 1.182506
2946 1.182448
2947 1.182764
2948 1.182328
2949 1.183244
2950 1.182810
2951 1.183274
2952 1.183294
2953 1.183088
2954 1.183374
2955 1.184006
2956 1.183822
2957 1.183362
2958 1.182494
2959 1.183302
2960 1.183592
2961 1.183782
2962 1.183886
2963 1.183928
2964 1.183842
2965 1.183742
2966 1.184086
2967 1.183622
2968 1.183766
2969 1.184080
2970 1.183678
2971 1.184044
2972 1.184022
2973 1.183286
2974 1.182498
2975 1.182894
2976 1.183026
2977 1.183242
2978 1.183656
2979 1.183594
2980 1.183662
2981 1.183386
2982 1.182336
2983 1.182480
2984 1.182400
2985 1.181654
2986 1.181552
2987 1.181328
2988 1.180978
2989 1.181172
2990 1.181306
2991 1.181716
2992 1.181766
2993 1.181626
2994 1.181856
2995 1.181590
2996 1.182300
2997 1.182260
2998 1.182280
2999 1.181796
3000 1.182344
3001 1.182762
3002 1.182320
3003 1.182888
3004 1.182694
3005 1.182746
3006 1.182868
3007 1.182502
3008 1.182666
3009 1.182352
3010 1.183044
3011 1.183570
3012 1.183686
3013 1.183984
3014 1.183724
3015 1.183958
3016 1.183694
3017 1.182926
3018 1.182908
3019 1.182586
3020 1.182774
3021 1.183150
3022 1.183266
3023 1.183566
3024 1.184044
3025 1.183664
3026 1.183420
3027 1.183202
3028 1.183522
3029 1.184580
3030 1.184922
3031 1.185350
3032 1.185116
3033 1.184816
3034 1.184876
3035 1.184472
3036 1.184692
3037 1.184348
3038 1.184232
3039 1.183618
3040 1.183336
3041 1.182982
3042 1.182450
3043 1.182796
3044 1.183066
3045 1.182832
3046 1.182350
3047 1.182160
3048 1.182146
3049 1.182550
3050 1.182600
3051 1.183364
3052 1.183858
3053 1.183524
3054 1.183872
3055 1.183698
3056 1.183850
3057 1.183802
3058 1.183562
3059 1.183664
3060 1.183186
3061 1.183080
3062 1.183144
3063 1.183166
3064 1.182868
3065 1.182822
3066 1.182710
3067 1.182440
3068 1.181854
3069 1.181890
3070 1.182082
3071 1.181752
3072 1.181992
3073 1.182250
3074 1.182482
3075 1.182914
3076 1.182398
3077 1.182084
3078 1.181898
3079 1.181402
3080 1.181518
3081 1.181702
3082 1.181962
3083 1.182030
3084 1.181794
3085 1.182478
3086 1.182716
3087 1.183104
3088 1.183546
3089 1.183190
3090 1.182716
3091 1.182802
3092 1.182086
3093 1.181992
3094 1.181716
3095 1.181368
3096 1.181824
3097 1.181200
3098 1.181306
3099 1.181546
3100 1.181380
3101 1.181686
3102 1.181908
3103 1.181806
3104 1.181696
3105 1.181962
3106 1.181878
3107 1.181590
3108 1.182298
3109 1.182558
3110 1.182452
3111 1.182858
3112 1.182886
3113 1.182236
3114 1.182474
3115 1.181834
3116 1.181490
3117 1.182000
3118 1.182288
3119 1.181948
3120 1.181928
3121 1.182120
3122 1.182022
3123 1.181848
3124 1.182286
3125 1.181896
3126 1.181540
3127 1.181124
3128 1.180772
3129 1.181240
3130 1.181236
3131 1.180552
3132 1.181120
3133 1.181436
3134 1.181520
3135 1.181130
3136 1.181196
3137 1.181440
3138 1.181896
3139 1.181952
3140 1.182198
3141 1.182746
3142 1.182678
3143 1.182606
3144 1.182414
3145 1.182624
3146 1.183202
3147 1.183414
3148 1.183416
3149 1.183272
3150 1.182814
3151 1.183548
3152 1.183710
3153 1.184332
3154 1.184364
3155 1.184994
3156 1.185832
3157 1.185996
3158 1.185916
3159 1.185634
3160 1.185520
3161 1.185218
3162 1.184516
3163 1.184758
3164 1.185012
3165 1.185358
3166 1.185160
3167 1.185342
3168 1.184896
3169 1.184980
3170 1.184352
3171 1.184756
3172 1.184206
3173 1.184196
3174 1.184266
3175 1.183880
3176 1.183202
3177 1.182934
3178 1.183472
3179 1.182516
3180 1.182630
3181 1.182570
3182 1.182402
3183 1.182374
3184 1.181892
3185 1.181662
3186 1.182346
3187 1.182986
3188 1.183246
3189 1.183116
3190 1.183096
3191 1.183174
3192 1.182446
3193 1.182598
3194 1.182584
3195 1.182942
3196 1.183068
3197 1.182476
3198 1.183304
3199 1.182768
3200 1.182784
3201 1.183572
3202 1.184022
3203 1.184456
3204 1.184380
3205 1.184562
3206 1.184468
3207 1.184218
3208 1.183700
3209 1.183754
3210 1.184002
3211 1.183526
3212 1.183052
3213 1.182914
3214 1.183100
3215 1.183274
3216 1.182604
3217 1.182692
3218 1.183154
3219 1.182728
3220 1.182280
3221 1.182084
3222 1.181816
3223 1.181934
3224 1.182002
3225 1.182610
3226 1.183054
3227 1.182838
3228 1.183570
3229 1.183930
3230 1.183410
3231 1.183008
3232 1.183062
3233 1.183018
3234 1.183146
3235 1.183078
3236 1.183440
3237 1.184060
3238 1.184394
3239 1.184482
3240 1.184076
3241 1.184436
3242 1.184562
3243 1.184176
3244 1.184274
3245 1.184362
3246 1.184578
3247 1.184454
3248 1.184268
3249 1.184196
3250 1.184206
3251 1.183988
3252 1.184048
3253 1.183754
3254 1.183946
3255 1.183892
3256 1.183920
3257 1.183202
3258 1.182980
3259 1.182890
3260 1.183054
3261 1.183692
3262 1.182816
3263 1.183114
3264 1.182988
3265 1.183242
3266 1.183450
3267 1.183540
3268 1.183032
3269 1.183014
3270 1.183080
3271 1.183466
3272 1.183798
3273 1.183552
3274 1.183118
3275 1.183366
3276 1.183566
3277 1.183366
3278 1.183416
3279 1.183772
3280 1.182716
3281 1.182394
3282 1.182236
3283 1.181580
3284 1.181164
3285 1.181382
3286 1.181682
3287 1.182428
3288 1.182722
3289 1.182988
3290 1.183990
3291 1.184004
3292 1.183862
3293 1.183996
3294 1.183578
3295 1.183956
3296 1.184244
3297 1.184516
3298 1.184010
3299 1.183922
3300 1.183832
3301 1.184364
3302 1.184378
3303 1.185002
3304 1.184526
3305 1.184412
3306 1.184658
3307 1.184586
3308 1.184718
3309 1.184688
3310 1.184886
3311 1.185180
3312 1.185314
3313 1.185926
3314 1.186520
3315 1.187182
3316 1.186766
3317 1.186198
3318 1.185926
3319 1.185066
3320 1.184750
3321 1.184838
3322 1.184916
3323 1.184994
3324 1.184916
3325 1.184404
3326 1.183904
3327 1.183798
3328 1.184332
3329 1.184440
3330 1.184754
3331 1.184768
3332 1.184852
3333 1.184672
3334 1.184280
3335 1.183974
3336 1.184384
3337 1.183800
3338 1.183956
3339 1.183538
3340 1.183364
3341 1.183466
3342 1.183998
3343 1.183814
3344 1.184642
3345 1.184444
3346 1.183902
3347 1.184340
3348 1.184252
3349 1.184532
3350 1.184138
3351 1.184438
3352 1.183978
3353 1.184056
3354 1.184050
3355 1.183988
3356 1.184188
3357 1.183808
3358 1.183568
3359 1.183000
3360 1.182486
3361 1.182138
3362 1.181642
3363 1.181902
3364 1.182444
3365 1.182472
3366 1.182284
3367 1.181786
3368 1.182150
3369 1.182240
3370 1.182412
3371 1.182120
3372 1.181812
3373 1.182046
3374 1.182662
3375 1.182250
3376 1.182494
3377 1.182342
3378 1.181992
3379 1.182040
3380 1.181544
3381 1.182292
3382 1.182606
3383 1.183772
3384 1.184360
3385 1.184830
3386 1.184704
3387 1.184392
3388 1.184618
3389 1.184450
3390 1.184346
3391 1.184324
3392 1.184036
3393 1.183260
3394 1.182566
3395 1.182940
3396 1.183338
3397 1.183230
3398 1.183538
3399 1.183626
3400 1.183820
3401 1.183552
3402 1.183404
3403 1.184008
3404 1.184104
3405 1.183890
3406 1.183738
3407 1.184062
3408 1.184282
3409 1.184118
3410 1.183780
3411 1.183954
3412 1.183628
3413 1.183884
3414 1.184336
3415 1.184450
3416 1.184474
3417 1.184622
3418 1.184542
3419 1.184498
3420 1.184592
3421 1.185286
3422 1.185846
3423 1.186148
3424 1.185748
3425 1.185158
3426 1.185058
3427 1.184332
3428 1.183828
3429 1.184072
3430 1.184024
3431 1.184148
3432 1.184404
3433 1.184768
3434 1.184666
3435 1.184698
3436 1.184562
3437 1.184760
3438 1.184374
3439 1.183898
3440 1.184412
3441 1.184698
3442 1.184978
3443 1.184962
3444 1.185322
3445 1.185136
3446 1.184398
3447 1.184478
3448 1.184012
3449 1.184184
3450 1.184306
3451 1.183956
3452 1.183806
3453 1.182252
3454 1.182174
3455 1.182022
3456 1.182466
3457 1.182928
3458 1.182416
3459 1.182544
3460 1.182274
3461 1.181774
3462 1.181600
3463 1.181792
3464 1.181578
3465 1.181546
3466 1.181294
3467 1.180898
3468 1.180390
3469 1.180372
3470 1.180462
3471 1.181092
3472 1.180486
3473 1.180944
3474 1.180794
3475 1.181326
3476 1.181502
3477 1.181754
3478 1.181714
3479 1.182224
3480 1.182740
3481 1.182748
3482 1.182308
3483 1.182512
3484 1.182940
3485 1.182938
3486 1.183142
3487 1.183090
3488 1.183472
3489 1.183428
3490 1.183036
3491 1.183072
3492 1.183816
3493 1.183542
3494 1.183130
3495 1.183536
3496 1.183262
3497 1.183248
3498 1.183110
3499 1.182842
3500 1.182428
3501 1.182122
3502 1.181730
3503 1.181718
3504 1.181512
3505 1.181512
3506 1.181486
3507 1.181630
3508 1.181392
3509 1.181958
3510 1.182114
3511 1.182350
3512 1.182164
3513 1.182608
3514 1.183222
3515 1.183424
3516 1.183074
3517 1.183230
3518 1.182756
3519 1.182360
3520 1.181684
3521 1.181000
3522 1.181988
3523 1.182504
3524 1.183340
3525 1.183858
3526 1.183392
3527 1.183278
3528 1.183356
3529 1.183150
3530 1.183802
3531 1.183960
3532 1.183924
3533 1.184436
3534 1.184836
3535 1.184018
3536 1.184332
3537 1.183818
3538 1.183782
3539 1.184132
3540 1.183682
3541 1.184002
3542 1.183106
3543 1.182980
3544 1.182788
3545 1.182744
3546 1.182812
3547 1.182900
3548 1.182390
3549 1.182134
3550 1.182034
3551 1.182376
3552 1.181946
3553 1.181630
3554 1.181456
3555 1.181438
3556 1.182126
3557 1.182390
3558 1.182692
3559 1.183130
3560 1.183198
3561 1.183622
3562 1.183626
3563 1.183424
3564 1.182648
3565 1.183196
3566 1.183568
3567 1.184242
3568 1.184700
3569 1.184404
3570 1.184530
3571 1.184758
3572 1.184880
3573 1.185226
3574 1.185420
3575 1.185478
3576 1.185294
3577 1.185222
3578 1.185632
3579 1.185664
3580 1.185504
3581 1.184948
3582 1.184670
3583 1.184744
3584 1.184776
3585 1.184716
3586 1.184934
3587 1.184792
3588 1.185018
3589 1.184856
3590 1.184904
3591 1.184462
3592 1.184230
3593 1.184016
3594 1.183764
3595 1.183332
3596 1.183464
3597 1.183418
3598 1.184042
3599 1.184258
3600 1.184658
3601 1.184582
3602 1.184760
3603 1.185470
3604 1.185696
3605 1.185132
3606 1.185364
3607 1.185626
3608 1.185040
3609 1.184812
3610 1.184570
3611 1.184492
3612 1.184440
3613 1.184338
3614 1.184050
3615 1.184264
3616 1.183878
3617 1.183716
3618 1.183824
3619 1.183704
3620 1.183868
3621 1.184154
3622 1.184352
3623 1.184660
3624 1.184152
3625 1.183720
3626 1.183942
3627 1.183614
3628 1.183934
3629 1.183678
3630 1.183562
3631 1.183508
3632 1.182984
3633 1.183124
3634 1.183152
3635 1.183756
3636 1.183506
3637 1.183260
3638 1.183144
3639 1.182770
3640 1.182618
3641 1.182788
3642 1.182358
3643 1.181414
3644 1.181522
3645 1.181938
3646 1.182598
3647 1.182534
3648 1.182608
3649 1.183496
3650 1.183358
3651 1.183562
3652 1.184006
3653 1.183844
3654 1.183582
3655 1.183442
3656 1.183214
3657 1.183228
3658 1.183714
3659 1.184066
3660 1.184290
3661 1.184092
3662 1.184788
3663 1.184324
3664 1.184178
3665 1.184456
3666 1.184302
3667 1.184434
3668 1.184098
3669 1.184002
3670 1.184416
3671 1.184406
3672 1.183902
3673 1.183876
3674 1.184156
3675 1.184160
3676 1.184244
3677 1.184226
3678 1.183712
3679 1.183576
3680 1.183202
3681 1.183286
3682 1.183410
3683 1.183500
3684 1.183736
3685 1.183860
3686 1.183788
3687 1.183834
3688 1.184024
3689 1.184248
3690 1.183900
3691 1.183576
3692 1.183244
3693 1.183212
3694 1.183070
3695 1.182734
3696 1.182390
3697 1.182472
3698 1.182912
3699 1.183152
3700 1.183298
3701 1.182668
3702 1.182870
3703 1.182916
3704 1.183328
3705 1.183616
3706 1.183270
3707 1.183272
3708 1.183610
3709 1.183568
3710 1.183616
3711 1.183698
3712 1.183500
3713 1.183616
3714 1.183246
3715 1.183266
3716 1.183872
3717 1.184150
3718 1.184320
3719 1.183952
3720 1.183550
3721 1.183910
3722 1.184090
3723 1.183838
3724 1.183530
3725 1.183270
3726 1.183380
3727 1.183810
3728 1.183596
3729 1.183778
3730 1.184272
3731 1.183816
3732 1.182974
3733 1.182934
3734 1.182298
3735 1.182208
3736 1.182660
3737 1.182474
3738 1.182152
3739 1.182810
3740 1.182912
3741 1.182944
3742 1.183234
3743 1.183758
3744 1.183192
3745 1.183100
3746 1.183028
3747 1.183000
3748 1.182226
3749 1.182256
3750 1.182302
3751 1.181958
3752 1.181384
3753 1.180818
3754 1.180380
3755 1.180528
3756 1.180822
3757 1.180732
3758 1.181142
3759 1.181154
3760 1.181796
3761 1.182724
3762 1.182456
3763 1.182948
3764 1.183270
3765 1.183420
3766 1.183008
3767 1.183036
3768 1.183016
3769 1.183036
3770 1.182784
3771 1.182574
3772 1.182256
3773 1.182448
3774 1.182142
3775 1.181934
3776 1.182150
3777 1.181998
3778 1.181706
3779 1.181778
3780 1.181838
3781 1.181938
3782 1.182274
3783 1.182102
3784 1.182316
3785 1.182310
3786 1.183322
3787 1.183384
3788 1.183206
3789 1.183852
3790 1.183326
3791 1.182928
3792 1.183408
3793 1.182928
3794 1.183018
3795 1.183584
3796 1.183290
3797 1.183326
3798 1.182872
3799 1.183142
3800 1.182998
3801 1.182844
3802 1.182164
3803 1.182158
3804 1.182888
3805 1.183208
3806 1.183628
3807 1.183636
3808 1.184544
3809 1.184746
3810 1.184488
3811 1.184772
3812 1.184636
3813 1.184748
3814 1.184018
3815 1.183672
3816 1.183630
3817 1.183650
3818 1.183278
3819 1.183860
3820 1.183746
3821 1.183432
3822 1.183908
3823 1.184268
3824 1.184564
3825 1.184762
3826 1.184436
3827 1.184572
3828 1.184666
3829 1.184686
3830 1.184484
3831 1.184396
3832 1.184224
3833 1.184146
3834 1.184496
3835 1.184264
3836 1.184222
3837 1.184318
3838 1.184164
3839 1.183802
3840 1.183838
3841 1.183748
3842 1.183762
3843 1.183374
3844 1.183082
3845 1.183238
3846 1.183358
3847 1.183634
3848 1.184304
3849 1.184556
3850 1.184304
3851 1.184816
3852 1.184768
3853 1.185532
3854 1.185414
3855 1.185178
3856 1.185146
3857 1.185492
3858 1.185452
3859 1.185302
3860 1.184954
3861 1.184474
3862 1.184166
3863 1.183864
3864 1.184270
3865 1.183614
3866 1.184196
3867 1.184144
3868 1.184020
3869 1.183758
3870 1.183958
3871 1.184916
3872 1.185624
3873 1.185224
3874 1.185398
3875 1.185004
3876 1.185308
3877 1.184892
3878 1.184332
3879 1.184242
3880 1.183576
3881 1.182726
3882 1.182112
3883 1.182184
3884 1.182302
3885 1.182524
3886 1.182172
3887 1.182374
3888 1.182474
3889 1.183054
3890 1.183646
3891 1.183168
3892 1.183596
3893 1.183110
3894 1.183400
3895 1.182970
3896 1.182390
3897 1.181836
3898 1.181992
3899 1.181944
3900 1.181778
3901 1.181786


Active cycles: 2400
k_mean: 1.183010
k_stddev(cycle): 0.001111
k_stderr(mean): 0.000023
