64.260 64.260 214.20
1.260
UO2 0      21.42  0      21.42  0       192.78
UO2 21.42  42.84  21.42  42.84  0       192.78
MOX 21.42  42.84  0      21.42  0       192.78       
MOX 0      21.42  21.42  42.84  0       192.78
MOD 0      64.26  0      64.26  192.78  214.20 
MOD 42.84  64.26  0      21.42  0       192.78
MOD 42.84  64.26  21.42  42.84  0       192.78
MOD 42.84  64.26  42.84  64.26  0       192.78
MOD 21.42  42.84  42.84  64.26  0       192.78
MOD 0      21.42  42.84  64.26  0       192.78